animsets{
5;
anim{
handBone;
keys{
4;
40.0;
matrix;0.28041,0.95134,0.12778,0.24338,-0.94949,0.29444,-0.1085,-0.52188,-0.14085,-0.0909,0.98585,-0.63862,0.0,0.0,0.0,1.0,;
matrix_basis;1.0,-0.0,0.0,0.0,0.0,1.0,0.0,0.0,0.0,0.0,1.0,0.0,0.0,0.0,0.0,1.0,;
1.0;
matrix;1.0,-0.0,-0.0,1.13184,-0.0,-0.0,-1.0,0.0,-0.0,1.0,-0.0,0.00377,0.0,0.0,0.0,1.0,;
matrix_basis;1.0,-0.0,0.0,0.0,0.0,1.0,0.0,0.0,0.0,0.0,1.0,0.0,0.0,0.0,0.0,1.0,;
20.0;
matrix;0.29619,0.95513,0.0,0.32527,-0.47956,0.14871,-0.86482,-0.26359,-0.82601,0.25615,0.50209,-0.99898,0.0,0.0,0.0,1.0,;
matrix_basis;1.0,0.0,0.0,0.0,-0.0,1.0,0.0,0.0,0.0,0.0,1.0,0.0,0.0,0.0,0.0,1.0,;
60.0;
matrix;0.29619,0.95513,0.0,0.32527,-0.47956,0.14871,-0.86482,-0.26359,-0.82601,0.25615,0.50209,-0.99898,0.0,0.0,0.0,1.0,;
matrix_basis;1.0,-0.0,0.0,0.0,0.0,1.0,0.0,0.0,0.0,0.0,1.0,0.0,0.0,0.0,0.0,1.0,;
}
}
anim{
doBone;
keys{
4;
40.0;
matrix;1.0,0.0,0.0,0.0,0.0,0.0,-1.0,0.0,0.0,1.0,0.0,0.0,0.0,0.0,0.0,1.0,;
matrix_basis;1.0,0.0,0.0,0.0,0.0,1.0,0.0,0.0,0.0,0.0,1.0,0.0,0.0,0.0,0.0,1.0,;
1.0;
matrix;1.0,0.0,0.0,0.0,0.0,0.0,-1.0,0.0,0.0,1.0,0.0,0.0,0.0,0.0,0.0,1.0,;
matrix_basis;1.0,0.0,0.0,0.0,0.0,1.0,0.0,0.0,0.0,0.0,1.0,0.0,0.0,0.0,0.0,1.0,;
20.0;
matrix;1.0,0.0,0.0,0.0,0.0,0.0,-1.0,0.0,0.0,1.0,0.0,0.0,0.0,0.0,0.0,1.0,;
matrix_basis;1.0,0.0,0.0,0.0,0.0,1.0,0.0,0.0,0.0,0.0,1.0,0.0,0.0,0.0,0.0,1.0,;
60.0;
matrix;1.0,0.0,0.0,0.0,0.0,0.0,-1.0,0.0,0.0,1.0,0.0,0.0,0.0,0.0,0.0,1.0,;
matrix_basis;1.0,0.0,0.0,0.0,0.0,1.0,0.0,0.0,0.0,0.0,1.0,0.0,0.0,0.0,0.0,1.0,;
}
}
anim{
modoruBone;
keys{
4;
40.0;
matrix;1.0,-0.0,-0.0,0.0,0.0,0.0,1.0,0.0,0.0,-1.0,0.0,0.54622,0.0,0.0,0.0,1.0,;
matrix_basis;1.0,0.0,0.0,0.0,0.0,1.0,0.0,0.0,0.0,0.0,1.0,0.0,0.0,0.0,0.0,1.0,;
1.0;
matrix;1.0,-0.0,-0.0,0.0,0.0,0.0,1.0,0.0,0.0,-1.0,0.0,0.54622,0.0,0.0,0.0,1.0,;
matrix_basis;1.0,0.0,0.0,0.0,0.0,1.0,0.0,0.0,0.0,0.0,1.0,0.0,0.0,0.0,0.0,1.0,;
20.0;
matrix;1.0,-0.0,-0.0,0.0,0.0,0.0,1.0,0.0,0.0,-1.0,0.0,0.54622,0.0,0.0,0.0,1.0,;
matrix_basis;1.0,0.0,0.0,0.0,0.0,1.0,0.0,0.0,0.0,0.0,1.0,0.0,0.0,0.0,0.0,1.0,;
60.0;
matrix;1.0,-0.0,-0.0,0.0,0.0,0.0,1.0,0.0,0.0,-1.0,0.0,0.54622,0.0,0.0,0.0,1.0,;
matrix_basis;1.0,0.0,0.0,0.0,0.0,1.0,0.0,0.0,0.0,0.0,1.0,0.0,0.0,0.0,0.0,1.0,;
}
}
anim{
downarmBone;
keys{
4;
40.0;
matrix;0.1456,0.2983,0.9433,0.07842,-0.10259,-0.94377,0.31429,0.0,0.98401,-0.14254,-0.10681,-0.5598,0.0,0.0,0.0,1.0,;
matrix_basis;0.10879,0.94862,-0.29714,0.0,-0.93858,0.19649,0.28364,0.0,0.32745,0.24804,0.91173,0.0,0.0,0.0,0.0,1.0,;
1.0;
matrix;-0.00036,0.99982,-0.01886,0.57896,-0.99982,0.0,0.01886,0.0,0.01886,0.01886,0.99964,-0.00666,0.0,0.0,0.0,1.0,;
matrix_basis;1.0,-0.0,0.0,0.0,0.0,1.0,0.0,0.0,0.0,0.0,1.0,0.0,0.0,0.0,0.0,1.0,;
20.0;
matrix;0.01791,0.31415,0.9492,0.15155,-0.86169,-0.47667,0.17402,0.0,0.50712,-0.82103,0.26216,-0.54496,0.0,0.0,0.0,1.0,;
matrix_basis;0.86486,0.47734,-0.15543,0.0,-0.47582,0.87816,0.0493,0.0,0.16003,0.03132,0.98662,0.0,0.0,0.0,0.0,1.0,;
60.0;
matrix;0.01791,0.31415,0.9492,0.15155,-0.86169,-0.47667,0.17402,0.0,0.50712,-0.82103,0.26216,-0.54496,0.0,0.0,0.0,1.0,;
matrix_basis;0.86486,0.47734,-0.15543,0.0,-0.47582,0.87816,0.0493,0.0,0.16003,0.03132,0.98662,0.0,0.0,0.0,0.0,1.0,;
}
}
anim{
uparmBone;
keys{
4;
40.0;
matrix;-0.03568,0.13536,0.99015,-0.0,-0.99935,0.0,-0.03601,0.0,-0.00488,-0.9908,0.13528,0.0142,0.0,0.0,0.0,1.0,;
matrix_basis;0.99892,0.03548,0.02984,0.0,-0.03548,0.17096,0.98464,0.0,0.02984,-0.98464,0.17203,0.0,0.0,0.0,0.0,1.0,;
1.0;
matrix;-0.0013,0.99935,0.03599,-0.0,-0.99935,0.0,-0.03601,0.0,-0.03599,-0.03601,0.9987,0.0142,0.0,0.0,0.0,1.0,;
matrix_basis;1.0,-0.0,0.0,0.0,0.0,1.0,0.0,0.0,0.0,0.0,1.0,0.0,0.0,0.0,0.0,1.0,;
20.0;
matrix;-0.03476,0.2616,0.96455,-0.0,-0.99935,0.0,-0.03601,0.0,-0.00942,-0.96518,0.26143,0.0142,0.0,0.0,0.0,1.0,;
matrix_basis;0.99909,0.0344,0.02533,0.0,-0.0344,0.29619,0.95451,0.0,0.02533,-0.95451,0.2971,0.0,0.0,0.0,0.0,1.0,;
60.0;
matrix;-0.03476,0.2616,0.96455,-0.0,-0.99935,0.0,-0.03601,0.0,-0.00942,-0.96518,0.26143,0.0142,0.0,0.0,0.0,1.0,;
matrix_basis;0.99909,0.0344,0.02533,0.0,-0.0344,0.29619,0.95451,0.0,0.02533,-0.95451,0.2971,0.0,0.0,0.0,0.0,1.0,;
}
}
}
