verts{
120;
0,-0.6,-0.6,1.1512,-0.57735,-0.57735,0.57735,0.49959,0.50035,;
1,-0.6,-0.6,-0.0488,-0.57735,-0.57735,-0.57735,0.74862,0.49959,;
2,0.6,-0.6,1.1512,0.57735,-0.57735,0.57735,0.50035,0.74938,;
3,0.6,-0.6,-0.0488,0.57735,-0.57735,-0.57735,0.74938,0.74862,;
4,0.6,0.6,1.1512,0.57735,0.57735,0.57735,0.25056,0.24979,;
5,0.6,0.6,-0.0488,0.57735,0.57735,-0.57735,0.49959,0.24903,;
6,-0.6,0.6,1.1512,-0.57735,0.57735,0.57735,0.25056,0.49959,;
7,-0.6,0.6,-0.0488,-0.57735,0.57735,-0.57735,0.49959,0.49882,;
8,-0.4,-0.7773,1.355,-0.57735,-0.57735,0.57735,0.9154,0.24979,;
9,-0.4,-0.7773,0.555,-0.57735,-0.57735,-0.57735,0.91591,0.41581,;
10,0.4,-0.7773,1.355,0.57735,-0.57735,0.57735,0.74938,0.2503,;
11,0.4,-0.7773,0.555,0.57735,-0.57735,-0.57735,0.74989,0.41632,;
12,0.4,0.4227,1.355,0.57735,0.57735,0.57735,0.50035,0.24979,;
13,0.4,0.4227,0.555,0.57735,0.57735,-0.57735,0.66637,0.24928,;
14,-0.4,0.4227,1.355,-0.57735,0.57735,0.57735,0.74938,0.5001,;
15,-0.4,0.4227,0.555,-0.57735,0.57735,-0.57735,0.74989,0.66611,;
16,0.56778,-0.39791,1.10397,-0.57735,-0.57735,0.57735,0.49908,0.49959,;
17,0.56778,-0.39791,0.30397,-0.57735,-0.57735,-0.57735,0.49959,0.66561,;
18,0.86778,-0.39791,1.10397,0.57735,-0.57735,0.57735,0.43682,0.49978,;
19,0.86778,-0.39791,0.30397,0.57735,-0.57735,-0.57735,0.43733,0.6658,;
20,0.86778,0.40209,1.10397,0.57735,0.57735,0.57735,0.24979,0.91514,;
21,0.86778,0.40209,0.30397,0.57735,0.57735,-0.57735,0.24928,0.74912,;
22,0.56778,0.40209,1.10397,-0.57735,0.57735,0.57735,0.06226,0.6658,;
23,0.56778,0.40209,0.30397,-0.57735,0.57735,-0.57735,0.06277,0.49978,;
24,-0.92429,-0.39791,1.10397,-0.57735,-0.57735,0.57735,0.06226,0.83201,;
25,-0.92429,-0.39791,0.30397,-0.57735,-0.57735,-0.57735,0.06277,0.99803,;
26,-0.62429,-0.39791,1.10397,0.57735,-0.57735,0.57735,0.0,0.8322,;
27,-0.62429,-0.39791,0.30397,0.57735,-0.57735,-0.57735,0.00051,0.99822,;
28,-0.62429,0.40209,1.10397,0.57735,0.57735,0.57735,0.41658,0.91514,;
29,-0.62429,0.40209,0.30397,0.57735,0.57735,-0.57735,0.41607,0.74912,;
30,-0.92429,0.40209,1.10397,-0.57735,0.57735,0.57735,0.99949,0.27055,;
31,-0.92429,0.40209,0.30397,-0.57735,0.57735,-0.57735,1.0,0.10453,;
32,-0.24504,-0.86802,0.6077,-0.57735,-0.57735,0.57735,0.58253,0.74938,;
33,-0.24504,-0.86802,0.1077,-0.57735,-0.57735,-0.57735,0.58285,0.85314,;
34,0.25496,-0.86802,0.6077,0.57735,-0.57735,0.57735,0.47877,0.7497,;
35,0.25496,-0.86802,0.1077,0.57735,-0.57735,-0.57735,0.47909,0.85346,;
36,0.25496,-0.36802,0.6077,0.57735,0.57735,0.57735,0.95722,0.93672,;
37,0.25496,-0.36802,0.1077,0.57735,0.57735,-0.57735,0.95754,0.83296,;
38,-0.24504,-0.36802,0.6077,-0.57735,0.57735,0.57735,0.83315,0.24947,;
39,-0.24504,-0.36802,0.1077,-0.57735,0.57735,-0.57735,0.93692,0.24979,;
40,0.6,-0.6,1.1512,0.57735,-0.57735,0.57735,0.24979,0.00076,;
41,0.6,-0.6,-0.0488,0.57735,-0.57735,-0.57735,0.49882,0.0,;
42,0.6,0.6,1.1512,0.57735,0.57735,0.57735,0.24979,0.25056,;
43,0.6,0.6,-0.0488,0.57735,0.57735,-0.57735,0.49882,0.24979,;
44,-0.6,-0.6,-0.0488,-0.57735,-0.57735,-0.57735,0.24979,0.49882,;
45,-0.6,-0.6,1.1512,-0.57735,-0.57735,0.57735,0.00076,0.49959,;
46,-0.6,0.6,1.1512,-0.57735,0.57735,0.57735,0.0,0.25056,;
47,-0.6,0.6,-0.0488,-0.57735,0.57735,-0.57735,0.24903,0.24979,;
48,-0.6,0.6,1.1512,-0.57735,0.57735,0.57735,0.00076,0.24979,;
49,-0.6,-0.6,1.1512,-0.57735,-0.57735,0.57735,0.0,0.00076,;
50,0.6,-0.6,1.1512,0.57735,-0.57735,0.57735,0.24903,0.0,;
51,0.6,0.6,1.1512,0.57735,0.57735,0.57735,0.24979,0.24903,;
52,-0.6,-0.6,-0.0488,-0.57735,-0.57735,-0.57735,0.74938,0.49882,;
53,-0.6,0.6,-0.0488,-0.57735,0.57735,-0.57735,0.50035,0.49959,;
54,0.6,0.6,-0.0488,0.57735,0.57735,-0.57735,0.49959,0.25056,;
55,0.6,-0.6,-0.0488,0.57735,-0.57735,-0.57735,0.74862,0.24979,;
56,0.4,-0.7773,1.355,0.57735,-0.57735,0.57735,0.49959,0.00076,;
57,0.4,-0.7773,0.555,0.57735,-0.57735,-0.57735,0.66561,0.00025,;
58,0.4,0.4227,1.355,0.57735,0.57735,0.57735,0.9154,0.49959,;
59,0.4,0.4227,0.555,0.57735,0.57735,-0.57735,0.91591,0.66561,;
60,-0.4,0.4227,1.355,-0.57735,0.57735,0.57735,0.24979,0.5001,;
61,-0.4,0.4227,0.555,-0.57735,0.57735,-0.57735,0.41581,0.49959,;
62,-0.4,-0.7773,0.555,-0.57735,-0.57735,-0.57735,0.41658,0.74862,;
63,-0.4,-0.7773,1.355,-0.57735,-0.57735,0.57735,0.25056,0.74912,;
64,-0.4,0.4227,1.355,-0.57735,0.57735,0.57735,0.83315,0.00076,;
65,-0.4,-0.7773,1.355,-0.57735,-0.57735,0.57735,0.83239,0.24979,;
66,0.4,-0.7773,1.355,0.57735,-0.57735,0.57735,0.66637,0.24928,;
67,0.4,0.4227,1.355,0.57735,0.57735,0.57735,0.66713,0.00025,;
68,-0.4,-0.7773,0.555,-0.57735,-0.57735,-0.57735,0.08377,0.74912,;
69,-0.4,0.4227,0.555,-0.57735,0.57735,-0.57735,0.08301,0.5001,;
70,0.4,0.4227,0.555,0.57735,0.57735,-0.57735,0.24903,0.49959,;
71,0.4,-0.7773,0.555,0.57735,-0.57735,-0.57735,0.24979,0.74862,;
72,0.86778,-0.39791,1.10397,0.57735,-0.57735,0.57735,0.08377,0.91565,;
73,0.86778,-0.39791,0.30397,0.57735,-0.57735,-0.57735,0.08326,0.74963,;
74,0.86778,0.40209,1.10397,0.57735,0.57735,0.57735,0.0,0.66561,;
75,0.86778,0.40209,0.30397,0.57735,0.57735,-0.57735,0.00051,0.49959,;
76,0.56778,0.40209,1.10397,-0.57735,0.57735,0.57735,0.58285,0.74989,;
77,0.56778,0.40209,0.30397,-0.57735,0.57735,-0.57735,0.74887,0.74938,;
78,0.56778,-0.39791,0.30397,-0.57735,-0.57735,-0.57735,0.74938,0.9154,;
79,0.56778,-0.39791,1.10397,-0.57735,-0.57735,0.57735,0.58336,0.91591,;
80,0.56778,0.40209,1.10397,-0.57735,0.57735,0.57735,0.91642,0.6658,;
81,0.56778,-0.39791,1.10397,-0.57735,-0.57735,0.57735,0.91591,0.49978,;
82,0.86778,-0.39791,1.10397,0.57735,-0.57735,0.57735,0.97817,0.49959,;
83,0.86778,0.40209,1.10397,0.57735,0.57735,0.57735,0.97867,0.66561,;
84,0.56778,-0.39791,0.30397,-0.57735,-0.57735,-0.57735,0.91642,0.49959,;
85,0.56778,0.40209,0.30397,-0.57735,0.57735,-0.57735,0.91591,0.33357,;
86,0.86778,0.40209,0.30397,0.57735,0.57735,-0.57735,0.97817,0.33338,;
87,0.86778,-0.39791,0.30397,0.57735,-0.57735,-0.57735,0.97867,0.4994,;
88,-0.62429,-0.39791,1.10397,0.57735,-0.57735,0.57735,0.25056,0.91565,;
89,-0.62429,-0.39791,0.30397,0.57735,-0.57735,-0.57735,0.25005,0.74963,;
90,-0.62429,0.40209,1.10397,0.57735,0.57735,0.57735,0.93723,0.27035,;
91,-0.62429,0.40209,0.30397,0.57735,0.57735,-0.57735,0.93774,0.10434,;
92,-0.92429,0.40209,1.10397,-0.57735,0.57735,0.57735,0.74938,0.66662,;
93,-0.92429,0.40209,0.30397,-0.57735,0.57735,-0.57735,0.9154,0.66611,;
94,-0.92429,-0.39791,0.30397,-0.57735,-0.57735,-0.57735,0.91591,0.83213,;
95,-0.92429,-0.39791,1.10397,-0.57735,-0.57735,0.57735,0.74989,0.83264,;
96,-0.92429,0.40209,1.10397,-0.57735,0.57735,0.57735,0.91642,0.83233,;
97,-0.92429,-0.39791,1.10397,-0.57735,-0.57735,0.57735,0.91591,0.66631,;
98,-0.62429,-0.39791,1.10397,0.57735,-0.57735,0.57735,0.97817,0.66611,;
99,-0.62429,0.40209,1.10397,0.57735,0.57735,0.57735,0.97867,0.83213,;
100,-0.92429,-0.39791,0.30397,-0.57735,-0.57735,-0.57735,0.00051,0.83201,;
101,-0.92429,0.40209,0.30397,-0.57735,0.57735,-0.57735,0.0,0.66599,;
102,-0.62429,0.40209,0.30397,0.57735,0.57735,-0.57735,0.06226,0.6658,;
103,-0.62429,-0.39791,0.30397,0.57735,-0.57735,-0.57735,0.06277,0.83182,;
104,0.25496,-0.86802,0.6077,0.57735,-0.57735,0.57735,0.85346,0.93641,;
105,0.25496,-0.86802,0.1077,0.57735,-0.57735,-0.57735,0.85378,0.83264,;
106,0.25496,-0.36802,0.6077,0.57735,0.57735,0.57735,0.83347,0.14571,;
107,0.25496,-0.36802,0.1077,0.57735,0.57735,-0.57735,0.93723,0.14603,;
108,-0.24504,-0.36802,0.6077,-0.57735,0.57735,0.57735,0.47909,0.95754,;
109,-0.24504,-0.36802,0.1077,-0.57735,0.57735,-0.57735,0.47877,0.85378,;
110,-0.24504,-0.86802,0.1077,-0.57735,-0.57735,-0.57735,0.58253,0.85346,;
111,-0.24504,-0.86802,0.6077,-0.57735,-0.57735,0.57735,0.58285,0.95722,;
112,-0.24504,-0.36802,0.6077,-0.57735,0.57735,0.57735,0.85346,0.93641,;
113,-0.24504,-0.86802,0.6077,-0.57735,-0.57735,0.57735,0.7497,0.93672,;
114,0.25496,-0.86802,0.6077,0.57735,-0.57735,0.57735,0.74938,0.83296,;
115,0.25496,-0.36802,0.6077,0.57735,0.57735,0.57735,0.85314,0.83264,;
116,-0.24504,-0.86802,0.1077,-0.57735,-0.57735,-0.57735,0.93723,0.10402,;
117,-0.24504,-0.36802,0.1077,-0.57735,0.57735,-0.57735,0.83347,0.10434,;
118,0.25496,-0.36802,0.1077,0.57735,0.57735,-0.57735,0.83315,0.00057,;
119,0.25496,-0.86802,0.1077,0.57735,-0.57735,-0.57735,0.93692,0.00025,;
}
polygons{
60;
0,0.0,-1.0,0.0,0,0,1,3,;
1,1.0,0.0,0.0,0,40,41,5,;
2,0.0,1.0,-0.0,0,42,43,7,;
3,-1.0,-0.0,0.0,0,44,45,46,;
4,0.0,0.0,1.0,0,48,49,50,;
5,0.0,-0.0,-1.0,0,52,53,54,;
6,0.0,-1.0,0.0,0,8,9,11,;
7,1.0,0.0,0.0,0,56,57,13,;
8,0.0,1.0,-0.0,0,58,59,15,;
9,-1.0,0.0,0.0,0,60,61,62,;
10,0.0,0.0,1.0,0,64,65,66,;
11,0.0,-0.0,-1.0,0,68,69,70,;
12,0.0,-1.0,0.0,0,16,17,19,;
13,1.0,0.0,0.0,0,72,73,21,;
14,0.0,1.0,-0.0,0,74,75,23,;
15,-1.0,0.0,0.0,0,76,77,78,;
16,0.0,0.0,1.0,0,80,81,82,;
17,0.0,-0.0,-1.0,0,84,85,86,;
18,0.0,-1.0,0.0,0,24,25,27,;
19,1.0,0.0,0.0,0,88,89,29,;
20,0.0,1.0,-0.0,0,90,91,31,;
21,-1.0,0.0,0.0,0,92,93,94,;
22,0.0,0.0,1.0,0,96,97,98,;
23,0.0,-0.0,-1.0,0,100,101,102,;
24,0.0,-1.0,0.0,0,32,33,35,;
25,1.0,0.0,0.0,0,104,105,37,;
26,0.0,1.0,-0.0,0,106,107,39,;
27,-1.0,0.0,0.0,0,108,109,110,;
28,0.0,0.0,1.0,0,112,113,114,;
29,0.0,-0.0,-1.0,0,116,117,118,;
30,0.0,-1.0,0.0,0,0,3,2,;
31,1.0,0.0,0.0,0,40,5,4,;
32,0.0,1.0,-0.0,0,42,7,6,;
33,-1.0,-0.0,0.0,0,44,46,47,;
34,0.0,0.0,1.0,0,48,50,51,;
35,0.0,-0.0,-1.0,0,52,54,55,;
36,0.0,-1.0,0.0,0,8,11,10,;
37,1.0,0.0,0.0,0,56,13,12,;
38,0.0,1.0,-0.0,0,58,15,14,;
39,-1.0,0.0,0.0,0,60,62,63,;
40,0.0,0.0,1.0,0,64,66,67,;
41,0.0,-0.0,-1.0,0,68,70,71,;
42,0.0,-1.0,0.0,0,16,19,18,;
43,1.0,0.0,0.0,0,72,21,20,;
44,0.0,1.0,-0.0,0,74,23,22,;
45,-1.0,0.0,0.0,0,76,78,79,;
46,0.0,0.0,1.0,0,80,82,83,;
47,0.0,-0.0,-1.0,0,84,86,87,;
48,0.0,-1.0,0.0,0,24,27,26,;
49,1.0,0.0,0.0,0,88,29,28,;
50,0.0,1.0,-0.0,0,90,31,30,;
51,-1.0,0.0,0.0,0,92,94,95,;
52,0.0,0.0,1.0,0,96,98,99,;
53,0.0,-0.0,-1.0,0,100,102,103,;
54,0.0,-1.0,0.0,0,32,35,34,;
55,1.0,0.0,0.0,0,104,37,36,;
56,0.0,1.0,-0.0,0,106,39,38,;
57,-1.0,0.0,0.0,0,108,110,111,;
58,0.0,0.0,1.0,0,112,114,115,;
59,0.0,-0.0,-1.0,0,116,118,119,;
}
materials{
1;
0,1.0,1.0,1.0,none.png,;
}
boneinfo{
13;
0,doBone,;
matrix;1.0,0.0,0.0,0.0,0.0,0.0,-1.0,0.0,0.0,1.0,0.0,0.0,0.0,0.0,0.0,1.0,;
matrix_local;1.0,0.0,0.0,0.0,0.0,0.0,-1.0,0.0,0.0,1.0,0.0,0.0,0.0,0.0,0.0,1.0,;
1,headBone,;
matrix;0.99957,0.02083,0.02082,0.0,-0.02082,0.99978,-0.00043,0.0,-0.02083,0.0,0.99978,0.0,0.0,0.0,0.0,1.0,;
matrix_local;0.99957,0.02083,0.02082,0.0,0.02083,-0.0,-0.99978,0.0,-0.02082,0.99978,-0.00043,1.0,0.0,0.0,0.0,1.0,;
2,headJointBone,;
matrix;0.99853,-0.03835,-0.03835,0.0,0.03836,0.99926,-0.00067,0.0,0.03835,-0.0008,0.99926,0.0,0.0,0.0,0.0,1.0,;
matrix_local;0.99969,-0.01754,-0.01754,0.01141,-0.01754,0.0,-0.99985,0.0,0.01754,0.99985,-0.00031,1.54787,0.0,0.0,0.0,1.0,;
3,legmaeBone,;
matrix;1.0,-0.0,-0.0,0.0,0.0,-1.0,0.0,0.0,-0.0,-0.0,-1.0,0.0,0.0,0.0,0.0,1.0,;
matrix_local;1.0,-0.0,-0.0,0.0,0.0,0.0,1.0,0.0,0.0,-1.0,0.0,1.0,0.0,0.0,0.0,1.0,;
4,legJointBone,;
matrix;-0.99873,-0.03569,0.03567,0.0,0.03567,-0.99936,-0.00127,0.0,0.03569,0.0,0.99936,0.0,0.0,0.0,0.0,1.0,;
matrix_local;-0.99873,-0.03569,0.03567,-0.0,0.03569,-0.0,0.99936,0.0,-0.03567,0.99936,0.00127,-0.0615,0.0,0.0,0.0,1.0,;
5,rightArmBone2,;
matrix;-0.06675,-0.96605,-0.24959,0.0,0.24959,-0.25836,0.93325,0.0,-0.96605,0.0,0.25836,0.0,0.0,0.0,0.0,1.0,;
matrix_local;-0.06675,-0.96605,-0.24959,0.0,0.96605,-0.0,-0.25836,0.0,0.24959,-0.25836,0.93325,1.0,0.0,0.0,0.0,1.0,;
6,rightArmJointBone,;
matrix;-0.05499,0.24846,-0.96708,0.0,-0.96155,-0.27416,-0.01576,0.0,-0.26905,0.92903,0.25399,0.0,0.0,0.0,0.0,1.0,;
matrix_local;0.99973,0.01639,0.01639,-0.9816,0.01639,-0.0,-0.99987,0.0,-0.01639,0.99987,-0.00027,0.73748,0.0,0.0,0.0,1.0,;
7,rightKataBone,;
matrix;-0.44639,-0.74405,0.49712,0.0,-0.49712,0.66813,0.55361,0.0,-0.74405,0.0,-0.66813,0.0,0.0,0.0,0.0,1.0,;
matrix_local;-0.44639,-0.74405,0.49712,0.0,0.74405,-0.0,0.66813,0.0,-0.49712,0.66813,0.55361,1.0,0.0,0.0,0.0,1.0,;
8,rightKataJointBone,;
matrix;-0.4327,-0.50199,-0.74885,0.0,-0.7513,0.65991,-0.00826,0.0,0.49832,0.55904,-0.66269,0.0,0.0,0.0,0.0,1.0,;
matrix_local;0.99988,0.01099,0.01099,-0.5394,0.01099,-0.0,-0.99994,0.0,-0.01099,0.99994,-0.00012,1.48436,0.0,0.0,0.0,1.0,;
9,leftKataBone,;
matrix;0.45752,0.73653,0.49819,0.0,-0.49819,0.67641,-0.54248,0.0,-0.73653,0.0,0.67641,0.0,0.0,0.0,0.0,1.0,;
matrix_local;0.45752,0.73653,0.49819,0.0,0.73653,-0.0,-0.67641,0.0,-0.49819,0.67641,-0.54248,1.0,0.0,0.0,0.0,1.0,;
10,leftKataJointBone,;
matrix;0.47149,-0.49296,-0.73122,0.0,0.72875,0.68473,0.00828,0.0,0.49661,-0.53678,0.68209,0.0,0.0,0.0,0.0,1.0,;
matrix_local;0.99987,0.01136,0.01136,0.5394,0.01136,-0.0,-0.99994,-0.0,-0.01136,0.99994,-0.00013,1.49537,0.0,0.0,0.0,1.0,;
11,leftArmBone,;
matrix;-0.06779,0.96551,0.25138,0.0,-0.25138,-0.26036,0.93221,0.0,0.96551,0.0,0.26036,0.0,0.0,0.0,0.0,1.0,;
matrix_local;-0.06779,0.96551,0.25138,0.0,-0.96551,-0.0,-0.26036,0.0,-0.25138,-0.26036,0.93221,1.0,0.0,0.0,0.0,1.0,;
12,leftArmJointBone,;
matrix;-0.08516,-0.25296,0.96372,0.0,0.97128,-0.23674,0.02369,0.0,0.22216,0.93806,0.26586,0.0,0.0,0.0,0.0,1.0,;
matrix_local;0.99941,0.02438,0.02438,0.97972,0.02438,-0.0,-0.9997,-0.0,-0.02438,0.9997,-0.00059,0.7358,0.0,0.0,0.0,1.0,;
}
bone_layer{
doBone;
6;
  bone_layer{
  headBone;
  1;
    bone_layer{
    headJointBone;
    0;
    }
  }
  bone_layer{
  legmaeBone;
  1;
    bone_layer{
    legJointBone;
    0;
    }
  }
  bone_layer{
  rightArmBone2;
  1;
    bone_layer{
    rightArmJointBone;
    0;
    }
  }
  bone_layer{
  rightKataBone;
  1;
    bone_layer{
    rightKataJointBone;
    0;
    }
  }
  bone_layer{
  leftKataBone;
  1;
    bone_layer{
    leftKataJointBone;
    0;
    }
  }
  bone_layer{
  leftArmBone;
  1;
    bone_layer{
    leftArmJointBone;
    0;
    }
  }
}
boneweights{
120;
0,2,0,0.12652,5,0.87348,;
1,2,0,0.85598,5,0.14401,;
2,2,0,0.52397,5,0.47603,;
3,2,0,0.91475,5,0.08525,;
4,2,0,0.53063,5,0.46937,;
5,2,0,0.90948,5,0.09052,;
6,2,0,0.15845,5,0.84155,;
7,2,0,0.8709,5,0.1291,;
8,5,0,0.0137,9,0.08157,3,0.0137,5,0.07289,7,0.78185,;
9,5,0,0.08276,9,0.10346,3,0.08276,5,0.24223,7,0.4888,;
10,5,0,0.0794,9,0.26921,3,0.0794,5,0.0908,7,0.48118,;
11,5,0,0.14885,9,0.16455,3,0.14885,5,0.14705,7,0.3907,;
12,4,0,0.0267,9,0.81729,3,0.0267,7,0.08709,;
13,5,0,0.403,9,0.08285,3,0.403,5,0.07404,7,0.02421,;
14,3,9,0.11671,5,0.1043,7,0.75027,;
15,5,0,0.05428,9,0.00992,3,0.05428,5,0.73821,7,0.12327,;
16,2,11,0.92206,12,0.07794,;
17,2,11,0.80879,12,0.19121,;
18,2,11,0.87634,12,0.12366,;
19,2,11,0.62846,12,0.37154,;
20,2,11,0.34638,12,0.65362,;
21,2,11,0.59124,12,0.40876,;
22,2,11,0.7208,12,0.2792,;
23,2,11,0.77725,12,0.22275,;
24,2,5,0.20511,6,0.79489,;
25,2,5,0.55588,6,0.44412,;
26,2,5,0.37965,6,0.62035,;
27,2,5,0.72552,6,0.27448,;
28,2,5,0.71079,6,0.2892,;
29,2,5,0.7706,6,0.2294,;
30,2,5,0.78075,6,0.21925,;
31,2,5,0.603,6,0.397,;
32,3,0,0.21009,3,0.21009,4,0.57982,;
33,3,0,0.23777,3,0.23777,4,0.52445,;
34,3,0,0.23652,3,0.23652,4,0.52696,;
35,3,0,0.27604,3,0.27604,4,0.44791,;
36,3,0,0.22342,3,0.22342,4,0.55316,;
37,3,0,0.35384,3,0.35384,4,0.29232,;
38,3,0,0.15597,3,0.15597,4,0.68806,;
39,3,0,0.22719,3,0.22719,4,0.54561,;
40,2,0,0.52397,5,0.47603,;
41,2,0,0.91475,5,0.08525,;
42,2,0,0.53063,5,0.46937,;
43,2,0,0.90948,5,0.09052,;
44,2,0,0.85598,5,0.14401,;
45,2,0,0.12652,5,0.87348,;
46,2,0,0.15845,5,0.84155,;
47,2,0,0.8709,5,0.1291,;
48,2,0,0.15845,5,0.84155,;
49,2,0,0.12652,5,0.87348,;
50,2,0,0.52397,5,0.47603,;
51,2,0,0.53063,5,0.46937,;
52,2,0,0.85598,5,0.14401,;
53,2,0,0.8709,5,0.1291,;
54,2,0,0.90948,5,0.09052,;
55,2,0,0.91475,5,0.08525,;
56,5,0,0.0794,9,0.26921,3,0.0794,5,0.0908,7,0.48118,;
57,5,0,0.14885,9,0.16455,3,0.14885,5,0.14705,7,0.3907,;
58,4,0,0.0267,9,0.81729,3,0.0267,7,0.08709,;
59,5,0,0.403,9,0.08285,3,0.403,5,0.07404,7,0.02421,;
60,3,9,0.11671,5,0.1043,7,0.75027,;
61,5,0,0.05428,9,0.00992,3,0.05428,5,0.73821,7,0.12327,;
62,5,0,0.08276,9,0.10346,3,0.08276,5,0.24223,7,0.4888,;
63,5,0,0.0137,9,0.08157,3,0.0137,5,0.07289,7,0.78185,;
64,3,9,0.11671,5,0.1043,7,0.75027,;
65,5,0,0.0137,9,0.08157,3,0.0137,5,0.07289,7,0.78185,;
66,5,0,0.0794,9,0.26921,3,0.0794,5,0.0908,7,0.48118,;
67,4,0,0.0267,9,0.81729,3,0.0267,7,0.08709,;
68,5,0,0.08276,9,0.10346,3,0.08276,5,0.24223,7,0.4888,;
69,5,0,0.05428,9,0.00992,3,0.05428,5,0.73821,7,0.12327,;
70,5,0,0.403,9,0.08285,3,0.403,5,0.07404,7,0.02421,;
71,5,0,0.14885,9,0.16455,3,0.14885,5,0.14705,7,0.3907,;
72,2,11,0.87634,12,0.12366,;
73,2,11,0.62846,12,0.37154,;
74,2,11,0.34638,12,0.65362,;
75,2,11,0.59124,12,0.40876,;
76,2,11,0.7208,12,0.2792,;
77,2,11,0.77725,12,0.22275,;
78,2,11,0.80879,12,0.19121,;
79,2,11,0.92206,12,0.07794,;
80,2,11,0.7208,12,0.2792,;
81,2,11,0.92206,12,0.07794,;
82,2,11,0.87634,12,0.12366,;
83,2,11,0.34638,12,0.65362,;
84,2,11,0.80879,12,0.19121,;
85,2,11,0.77725,12,0.22275,;
86,2,11,0.59124,12,0.40876,;
87,2,11,0.62846,12,0.37154,;
88,2,5,0.37965,6,0.62035,;
89,2,5,0.72552,6,0.27448,;
90,2,5,0.71079,6,0.2892,;
91,2,5,0.7706,6,0.2294,;
92,2,5,0.78075,6,0.21925,;
93,2,5,0.603,6,0.397,;
94,2,5,0.55588,6,0.44412,;
95,2,5,0.20511,6,0.79489,;
96,2,5,0.78075,6,0.21925,;
97,2,5,0.20511,6,0.79489,;
98,2,5,0.37965,6,0.62035,;
99,2,5,0.71079,6,0.2892,;
100,2,5,0.55588,6,0.44412,;
101,2,5,0.603,6,0.397,;
102,2,5,0.7706,6,0.2294,;
103,2,5,0.72552,6,0.27448,;
104,3,0,0.23652,3,0.23652,4,0.52696,;
105,3,0,0.27604,3,0.27604,4,0.44791,;
106,3,0,0.22342,3,0.22342,4,0.55316,;
107,3,0,0.35384,3,0.35384,4,0.29232,;
108,3,0,0.15597,3,0.15597,4,0.68806,;
109,3,0,0.22719,3,0.22719,4,0.54561,;
110,3,0,0.23777,3,0.23777,4,0.52445,;
111,3,0,0.21009,3,0.21009,4,0.57982,;
112,3,0,0.15597,3,0.15597,4,0.68806,;
113,3,0,0.21009,3,0.21009,4,0.57982,;
114,3,0,0.23652,3,0.23652,4,0.52696,;
115,3,0,0.22342,3,0.22342,4,0.55316,;
116,3,0,0.23777,3,0.23777,4,0.52445,;
117,3,0,0.22719,3,0.22719,4,0.54561,;
118,3,0,0.35384,3,0.35384,4,0.29232,;
119,3,0,0.27604,3,0.27604,4,0.44791,;
}
