verts{
230;
0,-0.01008,-0.07514,1.7356,0.07224,-0.68566,0.7243,0.42585,0.98057,;
1,-0.02141,-0.0922,1.70789,-0.13797,-0.93884,0.31544,0.35942,0.89219,;
2,0.02834,-0.07773,1.68899,0.7445,-0.64119,0.18589,0.62926,0.79914,;
3,-0.02582,-0.10142,1.68396,-0.21854,-0.95917,0.17942,0.32998,0.80113,;
4,0.03149,-0.08003,1.66569,0.65465,-0.75219,0.07492,0.64727,0.70785,;
5,-0.0233,-0.10259,1.65562,-0.15409,-0.98181,-0.11081,0.34393,0.6793,;
6,0.02456,-0.07876,1.63736,0.76034,-0.6086,-0.22681,0.60966,0.59393,;
7,-0.01952,-0.09799,1.63169,0.21125,-0.85592,-0.47194,0.36768,0.57456,;
8,0.02015,-0.07979,1.62728,0.51799,-0.64412,-0.56282,0.58655,0.5538,;
9,-0.01385,-0.08195,1.62413,0.11066,-0.45515,-0.88348,0.40428,0.54131,;
10,0.03081,-0.06665,1.71821,0.6418,-0.75893,0.10981,0.63651,0.90132,;
11,0.01877,-0.0847,1.70061,0.49879,-0.78677,0.36351,0.58084,0.85304,;
12,0.01867,-0.0889,1.69267,0.51384,-0.79815,0.31446,0.58179,0.82503,;
13,0.01853,-0.09037,1.68808,0.49513,-0.8522,0.16901,0.58159,0.80754,;
14,0.01765,-0.09132,1.6701,0.47346,-0.87353,0.11283,0.57703,0.73353,;
15,0.01723,-0.09315,1.66307,0.47365,-0.88031,0.02576,0.57531,0.70539,;
16,0.01524,-0.09122,1.64091,0.51534,-0.84561,-0.13901,0.56359,0.6118,;
17,0.01483,-0.09083,1.6361,0.47002,-0.807,-0.35749,0.56119,0.59168,;
18,0.01416,-0.08254,1.62795,0.1727,-0.57076,-0.80273,0.55525,0.55677,;
19,0.01374,-0.08019,1.62669,0.11066,-0.45512,-0.88351,0.55238,0.55146,;
20,0.0193,-0.0735,1.7231,0.37553,-0.81042,0.4496,0.57984,0.92908,;
21,0.0687,-0.03104,1.6978,0.44932,-0.7987,0.40016,0.79403,0.79216,;
22,0.06204,-0.03544,1.72986,0.75451,-0.52058,0.39961,0.76716,0.90732,;
23,0.07911,-0.05317,1.6595,0.40162,-0.80923,0.42869,0.8667,0.66978,;
24,0.03414,-0.07724,1.64826,0.40089,-0.91479,0.04898,0.65975,0.63688,;
25,0.08119,-0.06377,1.6341,0.29063,-0.77429,0.56209,0.89044,0.57821,;
26,0.03622,-0.07724,1.63494,0.28535,-0.94159,0.17875,0.67078,0.58396,;
27,0.07952,-0.07672,1.62536,0.18445,-0.56618,0.80334,0.89947,0.54588,;
28,-0.03527,-0.08025,1.63547,-0.58165,-0.80493,-0.1171,0.2901,0.5867,;
29,-0.06297,-0.06518,1.65373,-0.59645,-0.78878,-0.14841,0.15816,0.65338,;
30,-0.06423,-0.06537,1.63232,-0.46287,-0.88192,0.08911,0.15155,0.57167,;
31,-0.04156,-0.08025,1.62665,-0.4597,-0.82513,0.32835,0.25639,0.55132,;
32,-0.06171,-0.07393,1.68333,-0.63738,-0.7698,0.0333,0.15546,0.77341,;
33,-0.05668,-0.06928,1.71167,-0.53166,-0.59728,0.60048,0.18637,0.87926,;
34,-0.05011,-0.07846,1.70839,-0.43175,-0.89929,-0.06961,0.21225,0.87717,;
35,-0.04975,-0.08025,1.7293,-0.56777,-0.73775,0.36512,0.21257,0.96321,;
36,0.08187,-0.02874,1.70096,0.52617,-0.66909,0.5248,0.85195,0.80116,;
37,0.07566,-0.06194,1.64245,0.40852,-0.87024,0.27522,0.86017,0.60942,;
38,0.10517,-0.00387,1.65247,0.99496,-0.02158,-0.0976,0.92607,0.62805,;
39,0.11107,-0.03868,1.61091,0.47932,-0.73241,0.48354,1.0,0.4926,;
40,0.08942,-0.05207,1.61217,0.45311,-0.8894,-0.06034,0.91579,0.4959,;
41,0.10043,-0.05358,1.58572,0.2624,-0.95099,0.16343,0.97187,0.39844,;
42,0.07872,-0.05633,1.57942,0.09748,-0.99048,0.09705,0.86862,0.37398,;
43,0.09048,-0.01955,1.68304,0.90048,-0.33302,0.27961,0.88055,0.73436,;
44,0.08963,-0.05255,1.64719,0.77154,-0.60216,0.20521,0.91743,0.62434,;
45,0.08552,-0.06,1.6294,0.41887,-0.90707,-0.04138,0.90722,0.55991,;
46,0.08507,-0.05797,1.62175,0.4536,-0.85788,-0.24134,0.90224,0.53113,;
47,0.09507,-0.03273,1.64061,0.89334,-0.39818,0.20829,0.91715,0.59582,;
48,0.09431,-0.05202,1.62369,0.70348,-0.6838,0.19364,0.93959,0.53811,;
49,-0.05101,-0.07202,1.68619,-0.43352,-0.89856,-0.06803,0.21322,0.78302,;
50,-0.0523,-0.07642,1.65757,-0.47789,-0.8768,0.05283,0.20251,0.67345,;
51,-0.09446,-0.05299,1.66506,-0.48457,-0.87329,-0.05029,0.01601,0.69013,;
52,-0.0762,-0.06436,1.70978,-0.62273,-0.66054,0.41932,0.09184,0.86645,;
53,-0.07179,-0.06234,1.6235,-0.55962,-0.82846,-0.02057,0.11658,0.53786,;
54,-0.10139,-0.04091,1.6235,-0.63619,-0.76318,-0.11292,0.0,0.53698,;
55,-0.07305,-0.06436,1.59894,-0.69213,-0.68535,-0.22626,0.10783,0.44443,;
56,-0.09635,-0.03815,1.59768,-0.89428,-0.23341,-0.38173,0.02752,0.44621,;
57,-0.08124,-0.04281,1.57942,-0.68023,-0.61693,-0.39579,0.09299,0.38008,;
58,-0.06675,-0.05134,1.56745,-0.6722,-0.58528,-0.45338,0.15344,0.33257,;
59,-0.06171,-0.06436,1.57564,-0.68227,-0.55962,-0.47038,0.1654,0.35571,;
60,-0.04912,-0.06436,1.56368,-0.55837,-0.58544,-0.58773,0.22937,0.31015,;
61,0.09683,-0.02288,1.65798,0.90161,-0.40095,0.16224,0.91279,0.65216,;
62,0.09891,-0.0244,1.64263,0.88067,-0.45564,-0.1294,0.92407,0.60093,;
63,0.11146,0.00148,1.63688,0.93341,-0.0799,0.34977,0.94608,0.57758,;
64,0.09486,-0.02494,1.63535,0.7557,-0.49928,0.42375,0.90647,0.57645,;
65,0.1013,-0.04973,1.59466,0.98398,-0.15592,-0.08612,0.97025,0.43245,;
66,0.09983,-0.02308,1.57953,0.90121,-0.25034,-0.35368,0.92652,0.38854,;
67,0.11109,0.00401,1.59343,0.92044,0.03705,0.38905,0.94144,0.44161,;
68,0.10656,-0.01425,1.54738,0.965,-0.262,0.00894,0.94501,0.28641,;
69,0.12336,0.02479,1.57897,0.39299,0.6997,-0.59658,0.96584,0.40309,;
70,0.09607,-0.03727,1.57062,0.96176,-0.09323,-0.25739,0.92774,0.35164,;
71,0.09483,-0.02441,1.63535,0.77062,-0.46934,-0.43101,0.90572,0.57637,;
72,-0.07019,-0.04822,1.57126,-0.67141,0.15632,-0.72439,0.13996,0.34816,;
73,-0.06308,-0.01914,1.57094,-0.72851,-0.03204,-0.68426,0.19915,0.36148,;
74,-0.0962,-0.01467,1.54225,-0.89294,-0.42534,0.1474,0.05756,0.2693,;
75,-0.10285,0.02725,1.57278,-0.97803,-0.02701,-0.2067,0.07534,0.38561,;
76,-0.09608,-0.00321,1.6069,-0.9837,-0.10428,-0.14643,0.07104,0.48286,;
77,-0.09308,0.00659,1.64797,-0.99622,0.04199,-0.07575,0.09392,0.61126,;
78,0.00618,-0.05645,1.74803,-0.0181,-0.43617,0.89966,0.50947,1.0,;
79,0.04703,-0.05645,1.73047,0.68807,-0.68896,0.22776,0.71182,0.93478,;
80,0.04733,-0.02742,1.74626,0.43696,-0.32652,0.83807,0.69376,0.95427,;
81,0.00744,-0.0375,1.75293,-0.00134,-0.24671,0.96905,0.51366,0.99051,;
82,-0.00194,-0.00528,1.76169,-0.42964,-0.11908,0.89508,0.47058,0.97793,;
83,0.04759,-0.00528,1.75402,0.32328,0.51436,0.79427,0.68199,0.95338,;
84,-0.00194,-0.00528,1.75987,0.33207,0.01938,0.94302,0.47058,0.9721,;
85,0.07866,-0.00528,1.72934,0.69982,-0.11414,0.7051,0.81464,0.87442,;
86,-0.00194,-0.00528,1.75805,-0.64879,-0.16807,0.74215,0.47058,0.96627,;
87,-0.05147,-0.00528,1.75203,-0.42247,-0.1428,0.89505,0.25917,0.94703,;
88,0.08711,-0.00528,1.70638,0.89389,-0.31025,0.32356,0.85067,0.80095,;
89,0.09528,-0.00528,1.68415,0.90933,-0.27549,0.31175,0.88556,0.72982,;
90,0.10294,-0.00528,1.6633,0.88812,-0.45192,-0.08362,0.91827,0.66311,;
91,0.10119,-0.00283,1.65373,0.93368,-0.26643,-0.23911,0.90795,0.63176,;
92,-0.08546,-0.00528,1.71963,-0.82739,-0.06107,0.55828,0.11408,0.84335,;
93,-0.101,-0.00528,1.6837,-0.98874,-0.00458,0.14945,0.04776,0.72837,;
94,-0.09531,-0.05431,1.63729,-0.99591,-0.07596,0.0488,0.00991,0.58837,;
95,-0.0174,0.03123,1.75633,0.04074,0.32218,0.94577,0.41125,0.92158,;
96,0.03954,0.06048,1.71569,0.39555,0.68517,0.61156,0.6222,0.78449,;
97,0.0012,0.0858,1.69535,0.08362,0.96515,0.24787,0.48299,0.71797,;
98,0.02531,0.08704,1.63614,0.13828,0.99036,-0.00342,0.56532,0.56582,;
99,0.08867,0.04014,1.69922,0.58263,0.70049,0.41209,0.81599,0.75029,;
100,0.09379,0.02104,1.71533,0.95865,-0.16526,0.23157,0.85262,0.80931,;
101,0.09578,0.02291,1.73251,0.69771,-0.00223,0.71636,0.85876,0.85905,;
102,0.10349,0.02595,1.67806,0.98318,0.17692,0.0445,0.88623,0.69585,;
103,0.09692,0.05277,1.65851,0.87802,0.47649,-0.04459,0.83649,0.63103,;
104,0.08975,0.05681,1.6254,0.71957,0.69381,-0.02869,0.80695,0.53928,;
105,0.08601,0.03624,1.65169,0.9816,0.03488,-0.18772,0.80896,0.61568,;
106,0.09281,0.0197,1.64681,0.91314,0.38426,0.13596,0.84999,0.60488,;
107,-0.05259,0.02444,1.75203,-0.46123,0.00916,0.8872,0.27107,0.9156,;
108,-0.05525,0.06052,1.75131,-0.51897,0.44673,0.72872,0.27864,0.88125,;
109,-0.06017,0.06672,1.72951,-0.31547,0.40025,0.86038,0.26387,0.81784,;
110,-0.0654,0.07421,1.73013,-0.28159,0.54775,0.7878,0.24907,0.8146,;
111,-0.07412,0.07639,1.71557,-0.82934,0.43745,0.34751,0.2197,0.77502,;
112,-0.09731,0.06976,1.70465,-0.60613,0.74651,-0.27433,0.13353,0.7497,;
113,-0.1097,0.05791,1.67965,-0.63103,0.77383,-0.05423,0.07891,0.68754,;
114,-0.07327,0.08938,1.70493,-0.32002,0.92514,-0.20408,0.22981,0.7409,;
115,-0.09741,0.03868,1.59708,-0.75661,0.5378,-0.37178,0.10722,0.45894,;
116,-0.08887,0.05662,1.63524,-0.75347,0.64098,-0.14628,0.15389,0.56627,;
117,-0.08122,0.07269,1.66942,-0.65606,0.75118,-0.07276,0.19251,0.6551,;
118,-0.07724,0.04994,1.7203,-0.88028,0.17469,0.44111,0.19199,0.80378,;
119,-0.02765,0.07288,1.72396,-0.0506,0.96643,0.25181,0.38141,0.79914,;
120,0.02774,0.0825,1.59187,0.10724,0.92306,-0.36937,0.57458,0.45173,;
121,0.03046,0.05815,1.55752,0.16056,0.78527,-0.59792,0.58987,0.35381,;
122,0.03274,0.03921,1.52768,0.59148,0.7441,-0.3105,0.60361,0.26079,;
123,0.0339,0.00664,1.53039,0.48198,-0.1594,-0.86154,0.61906,0.24675,;
124,0.04139,-0.0119,1.54204,0.02683,-0.00769,0.9996,-1,-1,;
125,-0.06067,-0.01139,1.57726,0.05802,0.40385,-0.91296,0.21553,0.38551,;
126,0.09623,-0.00257,1.64013,0.93344,0.03635,0.35685,0.88665,0.58849,;
127,0.07136,-0.01181,1.57133,0.38267,0.04141,-0.92294,0.78891,0.36604,;
128,0.04139,-0.0119,1.54204,0.02683,-0.00769,0.9996,-1,-1,;
129,0.03703,-0.00945,1.50555,0.9454,-0.32307,-0.04227,0.63872,0.15416,;
130,0.03821,-0.00882,1.47698,0.95584,-0.22419,0.18995,0.64353,0.06249,;
131,0.04475,-0.00374,1.45539,0.92929,-0.30378,0.21003,0.66908,0.0,;
132,0.04452,0.01531,1.48396,0.97317,0.21299,-0.0867,0.65888,0.11217,;
133,0.048,0.01531,1.50619,0.99496,0.09085,-0.04212,0.67297,0.17954,;
134,0.04522,0.01531,1.53478,0.88241,0.04303,-0.46843,0.6617,0.2662,;
135,0.03584,0.04974,1.51104,0.91467,0.24183,0.32377,0.61207,0.22096,;
136,0.03584,0.04008,1.51825,0.89129,0.36024,0.27525,0.61517,0.23448,;
137,0.03584,0.02992,1.50238,0.42149,0.84536,-0.32807,0.61858,0.18083,;
138,0.03584,0.02611,1.48269,0.68639,0.71538,-0.13059,0.61991,0.1195,;
139,0.03584,0.0242,1.46682,0.51924,-0.84747,0.11017,0.62058,0.07052,;
140,0.07136,-0.01181,1.57133,0.67202,-0.27763,-0.68648,0.78891,0.36604,;
141,0.04139,-0.0119,1.54204,0.67202,-0.27763,-0.68648,0.65874,0.27054,;
142,0.07136,-0.01181,1.57133,0.86563,0.34391,-0.36384,0.78891,0.36604,;
143,0.04139,-0.0119,1.54204,0.52956,-0.28736,-0.79809,0.65874,0.27054,;
144,0.04139,-0.0119,1.54204,0.97678,-0.17161,-0.12827,0.65874,0.27054,;
145,-0.1036,0.02234,1.52969,-0.6719,-0.13007,0.72909,0.06736,0.2556,;
146,-0.09483,0.02943,1.51857,0.82644,0.1995,0.52644,0.10882,0.22778,;
147,-0.07136,0.01561,1.46983,0.76458,0.54714,0.34062,0.19054,0.06969,;
148,-0.07279,0.01555,1.44963,-0.80917,-0.58455,0.0589,0.18471,0.00841,;
149,-0.06481,0.00546,1.45914,-0.63924,-0.71392,0.28571,0.21004,0.02431,;
150,-0.0609,-0.0009,1.4899,0.50768,0.77615,0.37388,0.22195,0.11311,;
151,-0.08868,-0.00583,1.52229,0.63717,0.45555,0.62163,0.09978,0.21141,;
152,0.00933,-0.06879,1.73385,0.29157,-0.71703,0.63311,0.52692,0.96439,;
153,-0.01212,0.02565,1.56674,-0.5912,0.53066,-0.60732,0.43113,0.36725,;
154,-0.0106,0.02621,1.50536,-0.53743,0.83636,-0.10782,0.43715,0.18644,;
155,-0.01112,0.02602,1.48563,-0.66201,0.74938,0.01193,0.43511,0.12806,;
156,-0.01421,0.02489,1.46699,-0.61019,0.78936,0.06732,0.42279,0.07181,;
157,-0.01679,0.02396,1.45493,-0.43892,0.89477,-0.08176,0.41247,0.03499,;
158,-0.04317,-0.00964,1.54715,-0.74737,0.66427,-0.01248,0.29242,0.28867,;
159,-0.04317,-0.00964,1.54715,-0.61776,0.71947,-0.31733,0.29242,0.28867,;
160,-0.06067,-0.01139,1.57726,-0.61776,0.71947,-0.31733,0.21553,0.38551,;
161,-0.0151,-0.0011,1.51392,-0.00995,-0.0007,0.99994,-1,-1,;
162,-0.0141,-0.00092,1.50189,-0.00937,-0.00061,0.99994,-1,-1,;
163,-0.01308,0.0012,1.48706,-0.00879,0.00079,0.99994,-1,-1,;
164,-0.01698,0.00121,1.47708,-0.01147,0.00079,0.99991,-1,-1,;
165,-0.01958,0.00137,1.47222,-0.01328,0.00092,0.99991,-1,-1,;
166,-0.02501,0.00355,1.46007,-0.01712,0.00241,0.99985,-1,-1,;
167,0.03619,-0.01375,1.51574,0.02387,-0.00906,0.99966,-1,-1,;
168,0.03512,-0.01496,1.50287,0.02335,-0.00992,0.99966,-1,-1,;
169,0.03656,-0.01624,1.49081,0.02451,-0.01086,0.99963,-1,-1,;
170,0.03681,-0.01528,1.47996,0.02484,-0.01032,0.99963,-1,-1,;
171,0.04118,-0.01662,1.46844,0.02802,-0.01129,0.99954,-1,-1,;
172,-0.0151,-0.0011,1.51392,-0.75079,-0.08188,-0.65542,0.41514,0.18889,;
173,-0.04317,-0.00964,1.54715,-0.75094,-0.08182,-0.65526,0.29242,0.28867,;
174,-0.0141,-0.00092,1.50189,0.99188,-0.12467,-0.02469,0.41938,0.151,;
175,-0.0141,-0.00092,1.50189,0.98727,-0.13746,0.07971,0.41938,0.151,;
176,-0.0151,-0.0011,1.51392,-0.98727,0.13739,-0.07971,0.41514,0.18889,;
177,-0.01308,0.0012,1.48706,0.99548,-0.07523,0.05783,0.424,0.10647,;
178,-0.0141,-0.00092,1.50189,0.99548,-0.07523,0.05783,0.41938,0.151,;
179,-0.01308,0.0012,1.48706,-0.98361,0.08673,0.15784,0.424,0.10647,;
180,-0.01308,0.0012,1.48706,-0.90072,0.25492,0.3517,0.424,0.10647,;
181,-0.01698,0.00121,1.47708,-0.90072,0.25492,0.3517,0.40766,0.07508,;
182,-0.01958,0.00137,1.47222,-0.83786,0.29371,0.46007,0.39675,0.06001,;
183,-0.01698,0.00121,1.47708,-0.83786,0.29371,0.46007,0.40766,0.07508,;
184,-0.01958,0.00137,1.47222,-0.94888,0.25739,0.18262,0.39675,0.06001,;
185,-0.02501,0.00355,1.46007,0.79397,-0.42848,-0.43123,0.37462,0.02471,;
186,-0.01958,0.00137,1.47222,0.79397,-0.42848,-0.43123,0.39675,0.06001,;
187,0.03395,0.04293,1.52147,-0.36137,0.06681,0.93002,0.60709,0.24556,;
188,0.03619,-0.01375,1.51574,0.86071,-0.49059,-0.13581,0.63694,0.18314,;
189,0.04139,-0.0119,1.54204,0.86071,-0.49059,-0.13581,0.65874,0.27054,;
190,0.03619,-0.01375,1.51574,0.95114,-0.30464,-0.04999,0.63694,0.18314,;
191,0.03512,-0.01496,1.50287,0.95114,-0.30464,-0.04999,0.63281,0.13969,;
192,0.03656,-0.01624,1.49081,-0.90954,0.38771,-0.14963,0.63969,0.09855,;
193,0.03512,-0.01496,1.50287,-0.90954,0.38771,-0.14963,0.63281,0.13969,;
194,0.03656,-0.01624,1.49081,0.98807,-0.14933,0.03751,0.63969,0.09855,;
195,0.03656,-0.01624,1.49081,-0.97784,0.20927,-0.00415,0.63969,0.09855,;
196,0.03681,-0.01528,1.47996,-0.97784,0.20927,-0.00415,0.64036,0.06402,;
197,0.03681,-0.01528,1.47996,0.93301,-0.03604,0.35798,0.64036,0.06402,;
198,0.04118,-0.01662,1.46844,0.93301,-0.03604,0.35798,0.66021,0.02425,;
199,-0.00915,0.01174,1.75919,-0.19102,0.06293,0.97955,0.44153,0.95034,;
200,-0.00913,0.01169,1.75822,-0.00519,0.00662,0.99994,-1,-1,;
201,-0.015,-0.00049,1.51373,0.98669,-0.16242,-0.00015,0.41567,0.18883,;
202,-0.01447,-0.00099,1.50635,-0.00958,-0.00064,0.99994,-1,-1,;
203,-0.01447,-0.00099,1.50635,-0.98727,0.13739,-0.07984,0.41781,0.16504,;
204,-0.015,-0.00049,1.51373,-0.98727,0.13742,-0.07974,0.41567,0.18883,;
205,-0.00339,0.03843,1.74633,0.26453,0.56789,0.77941,0.46594,0.88604,;
206,-0.00832,0.02856,1.56592,-0.56825,0.5786,-0.58501,0.44634,0.36596,;
207,-0.00585,0.02412,1.50803,0.47044,-0.05652,-0.88058,0.45572,0.1926,;
208,-0.01602,0.02396,1.4551,0.01349,0.99664,-0.08039,0.41551,0.03551,;
209,-0.01084,0.02612,1.51492,-0.68062,0.73254,-0.01019,0.43622,0.21456,;
210,-0.01112,0.02564,1.50602,-0.74737,0.66427,-0.01248,0.43508,0.18791,;
211,-0.01129,0.02447,1.48656,-0.99188,0.12467,0.02469,0.43426,0.1293,;
212,-0.01418,0.02417,1.4676,-0.98361,0.08676,0.15784,0.42282,0.0728,;
213,-0.01386,0.04162,1.74472,0.2082,0.69643,0.68673,0.42636,0.87871,;
214,-0.0107,0.02546,1.50526,-0.99188,0.12467,0.02469,0.4367,0.18554,;
215,-0.01125,0.0244,1.48572,0.99545,-0.07523,0.05792,0.43443,0.12674,;
216,-0.01129,0.02447,1.48656,0.99548,-0.07523,0.05783,0.43426,0.1293,;
217,-0.01125,0.0244,1.48572,-0.98361,0.08676,0.15784,0.43443,0.12674,;
218,-0.01429,0.02419,1.46729,0.90081,-0.25495,-0.35145,0.42236,0.0719,;
219,-0.01418,0.02417,1.4676,-0.90069,0.25489,0.35176,0.42282,0.0728,;
220,-0.01437,0.0242,1.46714,-0.83782,0.29377,0.46013,0.42207,0.07148,;
221,-0.01429,0.02419,1.46729,-0.83782,0.29377,0.4601,0.42236,0.0719,;
222,-0.01437,0.0242,1.46714,-0.94888,0.25739,0.18262,0.42207,0.07148,;
223,-0.01617,0.02418,1.4578,-0.59661,0.79986,0.06519,0.41493,0.04377,;
224,-0.01112,0.02564,1.50602,0.7517,0.0802,0.65459,0.43508,0.18791,;
225,-0.01072,0.02549,1.50558,0.75109,0.08145,0.65511,0.43662,0.1865,;
226,-0.01072,0.02549,1.50558,-0.98727,0.13746,-0.07974,0.43662,0.1865,;
227,-0.0107,0.02546,1.50526,-0.98727,0.13749,-0.07974,0.4367,0.18554,;
228,0.05169,0.03329,1.56425,0.2259,-0.07041,-0.97159,0.67868,0.36297,;
229,0.04974,0.02517,1.56403,0.66475,0.24952,-0.70412,0.67503,0.35904,;
}
polygons{
273;
0,0.76843,-0.56975,0.29137,0,11,12,2,;
1,0.77196,-0.61131,0.17431,0,12,13,2,;
2,0.23809,-0.97043,0.0397,0,14,13,3,;
3,0.65381,-0.74097,0.15325,0,14,15,4,;
4,0.24403,-0.964,-0.10558,0,16,15,5,;
5,0.77909,-0.61593,-0.11683,0,16,17,6,;
6,0.23062,-0.67283,-0.70293,0,18,17,7,;
7,0.11069,-0.45514,-0.88351,0,18,19,8,;
8,0.23142,-0.873,0.42933,0,20,0,11,;
9,0.24082,-0.86736,0.43553,0,11,0,1,;
10,0.24207,-0.85912,0.4509,0,11,1,12,;
11,0.18941,-0.93638,0.29548,0,1,13,12,;
12,0.20096,-0.92595,0.31974,0,13,1,3,;
13,0.63428,-0.77304,0.00981,0,4,13,14,;
14,0.77358,-0.61189,0.16485,0,13,4,2,;
15,0.68424,-0.71867,-0.12383,0,16,4,15,;
16,0.75273,-0.62332,-0.2118,0,4,16,6,;
17,0.28782,-0.93101,0.22447,0,3,15,14,;
18,0.21613,-0.97455,0.05945,0,15,3,5,;
19,0.22695,-0.96242,-0.14912,0,7,16,5,;
20,0.21509,-0.9717,-0.09761,0,16,7,17,;
21,0.23064,-0.67283,-0.70293,0,8,17,18,;
22,0.76244,-0.58623,-0.27389,0,17,8,6,;
23,0.11068,-0.45514,-0.88351,0,18,9,19,;
24,0.11068,-0.45516,-0.8835,0,9,18,7,;
25,0.71937,-0.66748,0.19226,0,10,11,2,;
26,0.58431,-0.73184,0.3507,0,11,10,20,;
27,0.7248,-0.66229,0.18984,0,21,10,2,;
28,0.69738,-0.71519,0.04656,0,10,21,22,;
29,0.73078,-0.6626,0.16406,0,21,2,4,;
30,0.46693,-0.70475,0.53414,0,21,4,23,;
31,0.48362,-0.87278,-0.06605,0,23,4,24,;
32,0.35911,-0.8505,0.38429,0,23,24,25,;
33,0.28742,-0.95675,0.04491,0,25,24,26,;
34,0.18448,-0.5662,0.80336,0,25,26,27,;
35,-0.62357,-0.68075,-0.38437,0,5,29,28,;
36,-0.45976,-0.88737,0.03466,0,28,29,30,;
37,-0.45971,-0.82514,0.32836,0,28,30,31,;
38,-0.66964,-0.7195,-0.18413,0,29,5,32,;
39,-0.60765,-0.79392,-0.02123,0,32,5,3,;
40,-0.59399,-0.77028,0.23203,0,32,3,33,;
41,-0.47167,-0.79018,0.39134,0,33,3,1,;
42,-0.43175,-0.8993,-0.06961,0,34,1,35,;
43,0.51861,-0.81381,0.26223,0,39,40,41,;
44,0.09749,-0.99049,0.09705,0,41,40,42,;
45,0.90765,-0.31933,0.27239,0,43,44,38,;
46,0.48394,-0.84133,0.24076,0,45,44,37,;
47,-0.13724,-0.95941,-0.24637,0,46,45,37,;
48,0.49255,-0.82296,-0.28307,0,39,46,40,;
49,0.90766,-0.31932,0.27239,0,36,44,43,;
50,0.40462,-0.81313,0.41845,0,44,36,37,;
51,0.73846,-0.46083,0.49225,0,48,47,45,;
52,0.95114,-0.29317,-0.09683,0,44,47,38,;
53,0.95114,-0.29317,-0.09682,0,47,44,45,;
54,0.74005,-0.45971,0.49091,0,39,47,48,;
55,0.73955,-0.46061,0.49082,0,47,39,38,;
56,0.56097,-0.79137,-0.24297,0,46,48,45,;
57,0.55605,-0.82127,-0.12775,0,48,46,39,;
58,-0.45869,-0.87496,0.15509,0,49,51,50,;
59,-0.36377,-0.92738,-0.08736,0,51,49,52,;
60,-0.49455,-0.86592,-0.07484,0,50,51,53,;
61,-0.58102,-0.8024,-0.1363,0,53,51,54,;
62,-0.58377,-0.8062,0.09624,0,53,54,55,;
63,-0.72544,-0.65494,-0.21166,0,55,54,56,;
64,-0.6752,-0.61937,-0.4006,0,55,56,57,;
65,-0.68501,-0.61459,-0.39121,0,55,57,58,;
66,-0.76329,-0.52868,-0.37133,0,55,58,59,;
67,-0.55838,-0.58546,-0.58775,0,59,58,60,;
68,0.90161,-0.40096,0.16225,0,63,61,62,;
69,0.75572,-0.49931,0.42376,0,65,63,64,;
70,0.98272,-0.04753,-0.17887,0,63,65,66,;
71,0.92828,-0.37071,-0.02943,0,63,66,67,;
72,0.90644,-0.41551,0.07559,0,67,66,68,;
73,0.96179,-0.09326,-0.25741,0,66,65,70,;
74,0.77065,-0.46937,-0.43103,0,71,63,62,;
75,-0.67141,0.15632,-0.72441,0,56,73,72,;
76,-0.59401,-0.53296,0.60258,0,73,75,74,;
77,-0.70746,-0.59113,-0.3874,0,75,73,76,;
78,-0.99705,-0.01222,0.07576,0,76,56,77,;
79,-0.67909,0.19224,-0.70844,0,73,56,76,;
80,0.35272,-0.44995,0.82045,0,78,79,80,;
81,0.22264,-0.25818,0.94009,0,78,80,81,;
82,0.21049,-0.19878,0.95717,0,81,80,82,;
83,0.11074,-0.32986,0.93751,0,84,80,83,;
84,0.51875,-0.85456,0.025,0,10,79,20,;
85,0.69911,-0.51375,-0.4973,0,22,79,10,;
86,0.58004,-0.39388,0.71303,0,22,80,79,;
87,0.02897,-0.86204,0.50602,0,23,36,21,;
88,-0.01791,-0.77158,0.63588,0,21,36,85,;
89,0.87078,-0.47798,0.11521,0,21,85,22,;
90,0.59064,-0.3127,0.74389,0,85,83,22,;
91,0.65352,-0.257,0.71194,0,22,83,80,;
92,0.02852,-0.85635,0.51561,0,1,0,35,;
93,-0.44276,-0.19691,0.87475,0,0,78,81,;
94,-0.09729,-0.37872,0.92038,0,0,81,35,;
95,-0.11532,-0.29066,0.94985,0,35,86,87,;
96,-0.22964,-0.21732,0.9487,0,86,35,81,;
97,-0.96012,-0.27958,0.0,0,81,82,86,;
98,0.9016,-0.27791,0.33147,0,85,36,88,;
99,0.91423,-0.27327,0.29916,0,43,88,36,;
100,0.88792,-0.32409,0.32644,0,88,43,89,;
101,0.88792,-0.32409,0.32645,0,90,89,43,;
102,0.47478,-0.82781,-0.29886,0,91,90,43,;
103,-0.89824,-0.20561,0.38843,0,93,52,92,;
104,-0.67259,-0.22312,0.70557,0,92,52,87,;
105,-0.20907,-0.50946,0.83471,0,87,52,33,;
106,-0.94673,-0.11317,0.3015,0,87,33,35,;
107,-0.5442,-0.79131,-0.2787,0,1,35,33,;
108,-0.4495,-0.87126,-0.19713,0,1,52,49,;
109,-0.19698,-0.4469,0.87263,0,1,33,52,;
110,-0.93156,-0.30105,0.2039,0,94,52,93,;
111,-0.97854,0.06993,-0.19381,0,94,93,77,;
112,-0.99882,0.02995,0.03836,0,94,77,56,;
113,0.46081,0.86332,0.20577,0,97,96,98,;
114,0.43413,0.87496,0.21443,0,98,96,99,;
115,0.41942,0.32765,0.8466,0,99,96,82,;
116,0.32052,0.29508,0.90011,0,100,86,85,;
117,0.29328,-0.95348,0.06979,0,86,100,101,;
118,0.88433,-0.33505,0.32512,0,100,85,88,;
119,0.88433,-0.33505,0.32512,0,89,100,88,;
120,0.95301,-0.20749,0.22073,0,100,89,102,;
121,0.92382,-0.17662,0.33965,0,102,89,90,;
122,0.98448,0.06068,-0.16467,0,102,90,91,;
123,0.84189,0.46144,0.27983,0,100,102,99,;
124,0.84922,0.43058,0.30566,0,103,99,102,;
125,0.31781,0.88545,0.33908,0,103,98,99,;
126,0.42707,0.90404,0.01781,0,98,103,104,;
127,0.85267,-0.46351,-0.24105,0,104,103,105,;
128,0.75823,-0.25244,-0.60113,0,105,103,102,;
129,0.81681,0.44445,-0.36782,0,105,102,106,;
130,0.85774,0.36174,-0.36527,0,106,102,38,;
131,-0.12618,0.86972,0.47715,0,86,101,99,;
132,0.97968,0.1526,-0.13015,0,99,101,100,;
133,0.0,1.0,-0.0,0,86,83,85,;
134,-0.12036,-0.00453,0.99272,0,87,95,107,;
135,-0.12326,0.01078,0.99232,0,107,95,108,;
136,-0.97749,0.01823,0.21017,0,75,76,115,;
137,-0.997,-0.01382,0.07614,0,115,76,77,;
138,-0.97919,0.12339,0.16111,0,115,77,116,;
139,-0.97788,0.02956,-0.20707,0,116,77,93,;
140,-0.96097,0.26076,0.09245,0,116,93,117,;
141,-0.9771,0.15497,0.1458,0,117,118,114,;
142,-0.94119,0.27481,0.19656,0,118,117,93,;
143,-0.74389,0.10284,0.66034,0,118,92,107,;
144,-0.68975,-0.02598,0.72358,0,92,87,107,;
145,-0.90997,0.13082,0.3935,0,93,92,118,;
146,0.47723,-0.57507,-0.66449,0,112,114,111,;
147,-0.98801,0.13107,0.08163,0,118,111,114,;
148,-0.82919,0.19157,0.52512,0,111,118,110,;
149,-0.25306,-0.25484,0.93328,0,110,118,109,;
150,-0.74624,0.57682,0.33227,0,109,118,108,;
151,-0.80709,-0.04766,0.5885,0,118,107,108,;
152,-0.12836,0.94596,0.29778,0,109,108,119,;
153,-0.21787,0.95297,0.21065,0,119,97,117,;
154,0.46542,0.75632,-0.45974,0,119,117,114,;
155,-0.09052,0.63441,0.76768,0,119,114,111,;
156,0.05402,0.99173,0.11639,0,119,111,110,;
157,0.16252,0.0311,0.98621,0,109,119,110,;
158,-0.63103,0.77386,-0.05425,0,114,113,112,;
159,-0.88465,0.45667,-0.09406,0,67,69,68,;
160,-0.89921,0.16605,0.40478,0,67,66,39,;
161,0.67628,0.59675,-0.4319,0,73,75,115,;
162,-0.23654,0.8986,-0.36954,0,116,117,98,;
163,-0.14522,0.98866,-0.03829,0,98,117,97,;
164,-0.25503,0.96035,-0.11259,0,98,120,116,;
165,-0.32317,0.88221,-0.34245,0,116,120,115,;
166,-0.2929,0.76895,-0.56827,0,115,120,121,;
167,0.31411,0.53956,-0.78116,0,115,125,73,;
168,0.79062,0.28401,-0.54245,0,126,106,38,;
169,0.26342,-0.23966,0.93444,0,106,126,63,;
170,0.92989,0.36758,0.01356,0,104,63,67,;
171,0.70284,0.39805,0.58955,0,104,106,63,;
172,0.90086,0.27025,0.33974,0,106,104,105,;
173,0.38465,0.86621,-0.31894,0,104,69,121,;
174,0.79379,-0.04636,0.60642,0,104,67,69,;
175,0.54004,0.70622,-0.45782,0,121,120,104,;
176,0.41401,0.90755,-0.07038,0,104,120,98,;
177,0.67204,-0.27764,-0.6865,0,134,140,141,;
178,0.86563,0.34393,-0.36386,0,122,142,134,;
179,0.52958,-0.28736,-0.7981,0,134,143,123,;
180,0.40151,-0.06175,-0.91377,0,134,123,122,;
181,0.97678,-0.17162,-0.12827,0,134,144,129,;
182,0.90979,-0.40548,0.08868,0,134,129,133,;
183,0.91359,-0.40563,0.02875,0,133,129,130,;
184,0.96616,-0.2088,-0.15148,0,133,130,132,;
185,0.92929,-0.30381,0.21003,0,132,130,131,;
186,0.78164,0.61929,-0.07431,0,132,139,138,;
187,0.7808,0.61339,-0.11872,0,132,138,137,;
188,0.77823,0.61601,-0.12201,0,132,137,133,;
189,0.76309,0.54435,-0.34838,0,133,137,136,;
190,0.91054,0.40378,0.08875,0,133,136,134,;
191,0.80138,0.51086,0.31113,0,134,136,122,;
192,0.9147,0.24184,0.32379,0,135,122,136,;
193,0.2857,-0.69046,0.66456,0,78,0,152,;
194,0.29695,-0.7424,0.60056,0,152,0,20,;
195,-0.31229,0.14255,-0.93923,0,115,153,125,;
196,0.02179,0.84487,-0.53453,0,154,121,122,;
197,-0.61776,0.71948,-0.31736,0,160,153,159,;
198,-0.98228,-0.1835,0.03811,0,74,75,145,;
199,-0.83088,-0.32059,-0.45482,0,151,74,145,;
200,0.70569,0.19479,0.68122,0,151,146,145,;
201,0.90398,0.19751,0.37922,0,146,151,147,;
202,0.3892,0.80053,0.45571,0,151,150,147,;
203,0.84224,0.53908,0.00449,0,150,149,147,;
204,-0.8092,-0.58458,0.05893,0,148,149,147,;
205,0.79399,-0.4285,-0.43124,0,157,186,185,;
206,-0.10134,0.83794,-0.53627,0,136,137,154,;
207,0.03299,-0.73755,0.67448,0,154,136,187,;
208,-0.08009,0.99676,-0.00738,0,137,155,154,;
209,-0.44462,0.80395,0.39495,0,187,154,122,;
210,-0.01369,0.98169,-0.19001,0,138,155,137,;
211,-0.00556,0.99822,-0.05935,0,156,155,138,;
212,-0.01332,-0.99279,0.11913,0,156,139,138,;
213,0.86074,-0.49059,-0.13582,0,188,129,189,;
214,0.95115,-0.30464,-0.04999,0,191,129,190,;
215,-0.90955,0.38772,-0.14966,0,129,192,193,;
216,0.98807,-0.14935,0.03753,0,130,129,194,;
217,-0.97785,0.20927,-0.00416,0,130,196,195,;
218,0.93302,-0.03606,0.35801,0,130,197,198,;
219,-0.19102,0.06296,0.97957,0,199,95,87,;
220,-0.9873,0.13741,-0.07974,0,204,203,176,;
221,0.11539,0.72248,0.68169,0,205,213,95,;
222,0.11538,0.72248,0.6817,0,213,205,96,;
223,0.39224,0.62279,0.67696,0,213,108,95,;
224,-0.31228,0.14256,-0.93923,0,206,153,115,;
225,-0.60767,0.79415,-0.00787,0,206,209,153,;
226,-0.60768,0.79415,-0.00787,0,209,206,121,;
227,0.47047,-0.05652,-0.8806,0,207,154,122,;
228,-0.74738,0.66428,-0.01248,0,210,209,154,;
229,-0.74738,0.66428,-0.01248,0,209,210,158,;
230,0.99189,-0.12468,-0.0247,0,211,214,174,;
231,-0.99189,0.12468,0.0247,0,211,214,154,;
232,0.99549,-0.07525,0.05785,0,215,216,178,;
233,-0.99549,0.07525,-0.05785,0,215,216,155,;
234,-0.98364,0.08678,0.15787,0,212,217,155,;
235,-0.98364,0.08676,0.15787,0,217,212,179,;
236,-0.90073,0.25493,0.35171,0,219,218,181,;
237,0.90076,-0.25494,-0.35161,0,219,218,156,;
238,-0.8378,0.29384,0.46017,0,220,221,156,;
239,-0.83788,0.29374,0.46008,0,221,220,182,;
240,-0.94888,0.25743,0.18263,0,223,222,156,;
241,-0.94889,0.2574,0.18263,0,222,223,157,;
242,0.01352,0.99667,-0.0804,0,223,208,157,;
243,0.01351,0.99667,-0.0804,0,208,223,156,;
244,0.46003,0.27662,0.84372,0,205,84,96,;
245,0.75112,0.08148,0.65512,0,224,225,154,;
246,0.98672,-0.16242,-0.00017,0,225,172,201,;
247,-0.75095,-0.08183,-0.65527,0,224,172,173,;
248,0.98729,-0.13747,0.07974,0,227,203,175,;
249,-0.98729,0.13749,-0.07976,0,227,226,154,;
250,-0.98729,0.13746,-0.07975,0,226,203,204,;
251,0.18815,-0.10403,-0.97662,0,228,121,69,;
252,0.85985,0.45819,-0.22522,0,229,127,122,;
253,0.26307,-0.03665,-0.96408,0,228,229,121,;
254,0.26306,-0.03665,-0.96408,0,229,228,66,;
255,0.2857,-0.69046,0.66456,0,78,152,79,;
256,0.29695,-0.7424,0.60056,0,152,20,79,;
257,-0.19102,0.06296,0.97957,0,199,87,82,;
258,0.11538,0.72248,0.6817,0,213,96,97,;
259,-0.31228,0.14256,-0.93923,0,206,115,121,;
260,-0.60768,0.79415,-0.00787,0,209,121,154,;
261,0.47047,-0.05652,-0.8806,0,207,122,123,;
262,-0.74738,0.66428,-0.01248,0,209,158,153,;
263,-0.99189,0.12468,0.0247,0,211,154,155,;
264,0.99549,-0.07525,0.05785,0,215,178,177,;
265,-0.98364,0.08678,0.15787,0,212,155,156,;
266,-0.90073,0.25493,0.35171,0,219,181,180,;
267,-0.83788,0.29374,0.46008,0,221,182,183,;
268,-0.94889,0.2574,0.18263,0,222,157,184,;
269,0.01351,0.99667,-0.0804,0,208,156,139,;
270,0.18815,-0.10403,-0.97662,0,228,69,66,;
271,0.85985,0.45819,-0.22522,0,229,122,121,;
272,0.26306,-0.03665,-0.96408,0,229,66,127,;
}
materials{
1;
0,0.02,0.184,0.576,resrc/ponko/ponkokami.png,;
}
boneinfo{
25;
0,doBone,;
matrix;1.0,-0.0,0.0,0.0,0.0,0.02632,-0.99965,0.0,-0.0,0.99965,0.02632,0.0,0.0,0.0,0.0,1.0,;
matrix_local;1.0,-0.0,0.0,0.0,0.0,0.02632,-0.99965,-0.03665,-0.0,0.99965,0.02632,1.06769,0.0,0.0,0.0,1.0,;
1,dousitaBone,;
matrix;-1.0,0.0,0.0,0.0,-0.0,-0.99136,-0.13118,0.0,0.0,-0.13118,0.99136,0.0,0.0,0.0,0.0,1.0,;
matrix_local;-1.0,-0.0,0.0,-0.0,-0.0,0.10504,-0.99447,-0.0316,-0.0,-0.99447,-0.10504,1.25948,0.0,0.0,0.0,1.0,;
2,migikosiBone,;
matrix;-0.46778,0.72954,-0.49896,0.0,0.41957,0.68016,0.60112,0.0,0.77791,0.07184,-0.62425,0.0,0.0,0.0,0.0,1.0,;
matrix_local;0.46778,-0.72954,0.49896,-0.0,-0.72954,0.0,0.68394,0.0,-0.49896,-0.68394,-0.53222,0.96032,0.0,0.0,0.0,1.0,;
3,migimomoBone,;
matrix;0.59433,0.47395,-0.64973,0.0,-0.64972,0.75909,-0.04059,0.0,0.47397,0.44626,0.75908,0.0,0.0,0.0,0.0,1.0,;
matrix_local;0.98849,-0.10942,0.10443,-0.09768,-0.10942,-0.04055,0.99317,0.0,-0.10443,-0.99317,-0.05205,0.86874,0.0,0.0,0.0,1.0,;
4,migisuneBone,;
matrix;0.99976,0.01036,-0.01945,0.0,-0.01188,0.99675,-0.07972,0.0,0.01856,0.07993,0.99663,0.0,0.0,0.0,0.0,1.0,;
matrix_local;0.99149,-0.09047,0.09358,-0.13737,-0.09047,0.03783,0.99518,-0.01471,-0.09358,-0.99518,0.02933,0.50852,0.0,0.0,0.0,1.0,;
5,migiasiBone,;
matrix;0.99149,0.09358,-0.09047,0.0,-0.09047,0.99518,0.03784,0.0,0.09358,-0.02933,0.99518,0.0,0.0,0.0,0.0,1.0,;
matrix_local;1.0,-0.0,-0.0,-0.17254,0.0,-0.0,1.0,-0.0,0.0,-1.0,-0.0,0.12169,0.0,0.0,0.0,1.0,;
6,migifootBone,;
matrix;-0.96156,-0.17742,0.20958,0.0,-0.21574,0.01598,-0.97632,0.0,0.16987,-0.984,-0.05364,0.0,0.0,0.0,0.0,1.0,;
matrix_local;-0.96156,-0.17742,0.20958,-0.17254,0.16987,-0.98401,-0.05364,-0.0,0.21574,-0.01598,0.97632,0.0074,0.0,0.0,0.0,1.0,;
7,hidarikosiBone,;
matrix;-0.53614,-0.65201,0.53614,0.0,-0.38421,0.75402,0.53276,0.0,-0.75162,0.07964,-0.65477,0.0,0.0,0.0,0.0,1.0,;
matrix_local;0.53614,0.65201,-0.53614,-0.0,0.70711,0.0,0.70711,0.0,0.46104,-0.75821,-0.46104,0.96032,0.0,0.0,0.0,1.0,;
8,Bone.009,;
matrix;-0.55527,0.68572,0.4706,0.0,-0.43369,0.24409,-0.86737,0.0,-0.70964,-0.68572,0.16185,0.0,0.0,0.0,0.0,1.0,;
matrix_local;-0.2,0.89443,-0.4,0.0937,-0.89443,-0.0,0.44721,0.0,0.4,0.44721,0.8,0.85135,0.0,0.0,0.0,1.0,;
9,hidarimomoBone,;
matrix;-0.69116,-0.41298,-0.59308,0.0,-0.5352,0.84395,0.03603,0.0,0.48565,0.34232,-0.80433,0.0,0.0,0.0,0.0,1.0,;
matrix_local;-0.97989,0.14531,0.13675,0.0937,-0.14531,-0.04996,-0.98812,0.0,-0.13675,-0.98812,0.07007,0.85135,0.0,0.0,0.0,1.0,;
10,hidarisuneBone,;
matrix;-0.99698,0.04594,-0.06263,0.0,0.05206,0.99364,-0.09985,0.0,0.05764,-0.10281,-0.99303,0.0,0.0,0.0,0.0,1.0,;
matrix_local;0.99238,0.08531,-0.08894,0.14457,0.08531,0.04527,0.99533,-0.01749,0.08894,-0.99532,0.03765,0.50539,0.0,0.0,0.0,1.0,;
11,hidariasiBone,;
matrix;0.99596,-0.06529,0.06162,0.0,0.06266,0.99707,0.04379,0.0,-0.0643,-0.03975,0.99714,0.0,0.0,0.0,0.0,1.0,;
matrix_local;0.99943,0.0238,-0.0238,0.17754,0.0238,0.0,0.99972,0.0,0.0238,-0.99972,-0.00057,0.12077,0.0,0.0,0.0,1.0,;
12,hidarifootBone,;
matrix;0.88624,0.29641,0.35597,0.0,-0.31221,-0.18546,0.93173,0.0,0.3422,-0.93688,-0.07182,0.0,0.0,0.0,0.0,1.0,;
matrix_local;0.87017,0.31412,0.37965,0.18009,0.36319,-0.92956,-0.06333,0.0,0.33302,0.193,-0.92296,0.01393,0.0,0.0,0.0,1.0,;
13,douueBone,;
matrix;0.99993,0.00733,0.00887,0.0,-0.00867,0.98662,0.16278,0.0,-0.00756,-0.16284,0.98662,0.0,0.0,0.0,0.0,1.0,;
matrix_local;0.99993,0.00733,0.00887,-0.0,0.00733,0.18876,-0.982,-0.0316,-0.00887,0.982,0.18869,1.25948,0.0,0.0,0.0,1.0,;
14,kubisitaBone,;
matrix;0.99438,0.0742,0.07551,0.0,-0.05832,0.97921,-0.19427,0.0,-0.08836,0.18878,0.97804,0.0,0.0,0.0,0.0,1.0,;
matrix_local;0.9931,0.08305,0.08276,0.00123,0.08305,-0.0,-0.99655,0.0,-0.08276,0.99655,-0.0069,1.42386,0.0,0.0,0.0,1.0,;
15,kubiBone,;
matrix;0.9879,-0.10956,-0.10978,0.0,0.1099,0.99394,-0.00297,0.0,0.10944,-0.00913,0.99395,0.0,0.0,0.0,0.0,1.0,;
matrix_local;0.99927,-0.02702,-0.02701,0.00613,-0.02702,-0.0,-0.99963,0.0,0.02701,0.99963,-0.00073,1.48274,0.0,0.0,0.0,1.0,;
16,atamaBone,;
matrix;-0.99963,0.01926,-0.01927,0.0,0.01927,0.99981,-0.00015,0.0,0.01926,-0.00052,-0.99981,0.0,0.0,0.0,0.0,1.0,;
matrix_local;-0.99994,-0.00775,0.00775,0.00437,0.00775,-0.0,0.99997,0.0,-0.00775,0.99997,6e-05,1.5481,0.0,0.0,0.0,1.0,;
17,migisakotuBone,;
matrix;-0.10359,-0.98468,0.14024,0.0,-0.31526,-0.10123,-0.94359,0.0,0.94334,-0.14196,-0.29994,0.0,0.0,0.0,0.0,1.0,;
matrix_local;-0.09752,-0.98662,0.13066,0.00123,-0.98662,0.11308,0.11746,0.0,-0.13066,-0.11745,-0.98445,1.42386,0.0,0.0,0.0,1.0,;
18,migiarmBone,;
matrix;0.99386,0.06413,-0.09022,0.0,-0.07039,0.9952,-0.06797,0.0,0.08542,0.0739,0.9936,0.0,0.0,0.0,0.0,1.0,;
matrix_local;-0.01631,-0.97848,0.20568,-0.10561,-0.97848,0.05794,0.19803,0.01224,-0.20568,-0.19803,-0.95837,1.41114,0.0,0.0,0.0,1.0,;
19,migiarm2Bone,;
matrix;-0.99043,0.08523,-0.10859,0.0,0.09748,0.9888,-0.11306,0.0,0.09773,-0.12256,-0.98764,0.0,0.0,0.0,0.0,1.0,;
matrix_local;-0.05912,-0.99412,-0.09074,-0.31929,0.99412,-0.05037,-0.09588,0.0249,0.09074,-0.09588,0.99125,1.36789,0.0,0.0,0.0,1.0,;
20,migihandJointBone,;
matrix;0.05912,0.07477,0.99545,0.0,0.99412,-0.09506,-0.0519,0.0,0.09074,0.99266,-0.07995,0.0,0.0,0.0,0.0,1.0,;
matrix_local;-1.0,0.0,0.0,-0.56095,0.0,-0.01606,0.99987,0.01265,0.0,0.99987,0.01606,1.34459,0.0,0.0,0.0,1.0,;
21,hidarisakotuBone,;
matrix;0.12828,0.97997,0.1523,0.0,-0.34264,-0.10032,0.93409,0.0,0.93066,-0.17202,0.32291,0.0,0.0,0.0,0.0,1.0,;
matrix_local;0.13402,0.97765,0.162,0.00123,-0.97765,0.15716,-0.13966,0.0,-0.162,-0.13966,0.97686,1.42386,0.0,0.0,0.0,1.0,;
22,hidariarmBone,;
matrix;0.98831,0.14686,0.04083,0.0,-0.14739,0.98902,0.01038,0.0,-0.03886,-0.01628,0.99911,0.0,0.0,0.0,0.0,1.0,;
matrix_local;-0.01794,0.98396,0.17748,0.10806,-0.98396,0.01413,-0.17782,0.01717,-0.17748,-0.17782,0.96793,1.4086,0.0,0.0,0.0,1.0,;
23,hidariarm2Bone,;
matrix;0.99764,-0.00267,-0.06863,0.0,-0.00251,0.99716,-0.07521,0.0,0.06864,0.0752,0.9948,0.0,0.0,0.0,0.0,1.0,;
matrix_local;-0.00818,0.99457,0.10379,0.31919,-0.99388,0.00335,-0.11043,0.02021,-0.11018,-0.10405,0.98845,1.37044,0.0,0.0,0.0,1.0,;
24,hidarihandJointBone,;
matrix;-0.00015,-0.11048,0.99388,0.0,0.99351,-0.11309,-0.01242,0.0,0.11377,0.98742,0.10978,0.0,0.0,0.0,0.0,1.0,;
matrix_local;0.99992,-0.00909,-0.00909,0.56232,-0.00909,0.00038,-0.99996,0.02103,0.00909,0.99996,0.0003,1.345,0.0,0.0,0.0,1.0,;
}
bone_layer{
doBone;
2;
  bone_layer{
  dousitaBone;
  2;
    bone_layer{
    migikosiBone;
    1;
      bone_layer{
      migimomoBone;
      1;
        bone_layer{
        migisuneBone;
        1;
          bone_layer{
          migiasiBone;
          1;
            bone_layer{
            migifootBone;
            0;
            }
          }
        }
      }
    }
    bone_layer{
    hidarikosiBone;
    2;
      bone_layer{
      Bone.009;
      0;
      }
      bone_layer{
      hidarimomoBone;
      1;
        bone_layer{
        hidarisuneBone;
        1;
          bone_layer{
          hidariasiBone;
          1;
            bone_layer{
            hidarifootBone;
            0;
            }
          }
        }
      }
    }
  }
  bone_layer{
  douueBone;
  3;
    bone_layer{
    kubisitaBone;
    1;
      bone_layer{
      kubiBone;
      1;
        bone_layer{
        atamaBone;
        0;
        }
      }
    }
    bone_layer{
    migisakotuBone;
    1;
      bone_layer{
      migiarmBone;
      1;
        bone_layer{
        migiarm2Bone;
        1;
          bone_layer{
          migihandJointBone;
          0;
          }
        }
      }
    }
    bone_layer{
    hidarisakotuBone;
    1;
      bone_layer{
      hidariarmBone;
      1;
        bone_layer{
        hidariarm2Bone;
        1;
          bone_layer{
          hidarihandJointBone;
          0;
          }
        }
      }
    }
  }
}
boneweights{
230;
0,1,16,0.99669,;
1,1,16,0.9955,;
2,1,16,0.99455,;
3,1,16,0.99592,;
4,1,16,0.99087,;
5,1,16,0.99619,;
6,1,16,0.99472,;
7,1,16,0.99613,;
8,1,16,0.9952,;
9,1,16,0.99603,;
10,1,16,0.99669,;
11,1,16,0.99586,;
12,1,16,0.99555,;
13,1,16,0.99542,;
14,1,16,0.9946,;
15,1,16,0.99465,;
16,1,16,0.99539,;
17,1,16,0.99546,;
18,1,16,0.9955,;
19,1,16,0.99551,;
20,1,16,0.99682,;
21,1,16,0.99489,;
22,1,16,0.99674,;
23,1,16,0.97792,;
24,1,16,0.98686,;
25,2,16,0.96633,15,0.018,;
26,1,16,0.98382,;
27,2,16,0.95745,15,0.03548,;
28,1,16,0.99634,;
29,1,16,0.99568,;
30,1,16,0.99606,;
31,1,16,0.99632,;
32,1,16,0.99438,;
33,1,16,0.99227,;
34,1,16,0.99492,;
35,1,16,0.99467,;
36,1,16,0.99683,;
37,2,16,1.01049,15,0.05108,;
38,2,16,1.00183,15,0.00429,;
39,2,16,1.02762,15,0.08704,;
40,2,16,1.01968,15,0.06857,;
41,2,16,1.02067,15,0.07123,;
42,2,16,1.02013,15,0.06962,;
43,1,16,1.00039,;
44,2,16,1.00947,15,0.04441,;
45,2,16,1.01497,15,0.05862,;
46,2,16,1.01745,15,0.0632,;
47,2,16,1.00993,15,0.04412,;
48,2,16,1.01803,15,0.06504,;
49,1,16,0.98873,;
50,1,16,0.98221,;
51,1,16,0.97699,;
52,1,16,0.98905,;
53,1,16,0.97283,;
54,1,16,0.96162,;
55,1,16,0.96704,;
56,1,16,0.94835,;
57,1,16,0.95886,;
58,1,16,0.96364,;
59,1,16,0.96603,;
60,1,16,0.96636,;
61,2,16,1.00594,15,0.03043,;
62,2,16,1.00621,15,0.03374,;
63,2,16,1.00846,15,0.05529,;
64,2,16,1.0177,15,0.07003,;
65,2,16,1.03673,15,0.10192,;
66,2,16,1.05357,15,0.12359,;
67,2,16,1.01596,15,0.08933,;
68,2,16,1.0433,15,0.11955,;
69,2,16,0.99949,15,0.07494,;
70,2,16,1.04837,15,0.11626,;
71,2,16,1.00616,15,0.03316,;
72,3,16,0.89846,17,0.03076,18,0.02031,;
73,3,16,0.86355,17,0.05408,18,0.04431,;
74,3,16,0.70424,17,0.14456,18,0.12731,;
75,3,16,0.84358,17,0.07339,18,0.06296,;
76,2,16,0.93715,17,0.00278,;
77,1,16,0.96947,;
78,1,16,0.99754,;
79,1,16,0.99689,;
80,1,16,0.99775,;
81,1,16,0.99823,;
82,1,16,0.99982,;
83,1,16,0.99865,;
84,1,16,0.99983,;
85,1,16,0.9975,;
86,1,16,0.99982,;
87,1,16,0.99699,;
88,1,16,0.99762,;
89,1,16,0.99791,;
90,1,16,0.99507,;
91,1,16,0.99322,;
92,1,16,0.98948,;
93,1,16,0.98317,;
94,1,16,0.96442,;
95,1,16,0.9985,;
96,1,16,0.99615,;
97,1,16,0.99081,;
98,1,16,0.97319,;
99,1,16,0.99594,;
100,1,16,0.99679,;
101,1,16,0.99685,;
102,1,16,0.996,;
103,1,16,0.98943,;
104,1,16,0.9775,;
105,1,16,0.99222,;
106,1,16,0.99747,;
107,1,16,0.99632,;
108,1,16,0.9946,;
109,1,16,0.99202,;
110,1,16,0.991,;
111,1,16,0.9891,;
112,1,16,0.98976,;
113,1,16,0.99154,;
114,1,16,0.98658,;
115,3,16,0.92238,17,0.01418,18,0.00492,;
116,1,16,0.96391,;
117,1,16,0.98058,;
118,1,16,0.99112,;
119,1,16,0.99184,;
120,1,16,0.92856,;
121,1,16,0.83026,;
122,1,16,0.21841,;
123,2,16,0.48368,15,0.49577,;
124,1,15,1.0,;
125,3,16,0.87412,17,0.04278,18,0.03074,;
126,2,16,1.00367,15,0.02171,;
127,2,16,1.08391,15,0.07329,;
128,1,15,1.0,;
129,3,16,0.04985,14,0.13058,15,0.82243,;
130,2,14,0.51572,15,0.41697,;
131,2,14,0.57439,15,0.36468,;
132,3,16,0.01992,14,0.21463,15,0.6067,;
133,3,16,0.08417,14,0.06124,15,0.75946,;
134,3,16,0.30474,14,0.07459,15,1.06117,;
135,2,16,0.12817,15,0.30858,;
136,2,16,0.16741,15,0.13074,;
137,3,16,0.07302,14,0.01545,15,0.46834,;
138,2,14,0.26383,15,0.43478,;
139,2,14,0.36064,15,0.27325,;
140,3,16,0.61393,14,0.03302,15,0.60059,;
141,3,16,0.53411,14,0.05004,15,0.71877,;
142,3,16,0.47803,14,0.3311,15,2.73707,;
143,2,16,0.55914,15,0.38315,;
144,3,16,0.16865,14,0.06984,15,0.9902,;
145,3,16,0.63332,17,0.18845,18,0.15959,;
146,3,16,0.56089,17,0.23089,18,0.19125,;
147,3,16,0.33741,17,0.50897,18,0.14298,;
148,3,16,0.29751,17,0.56677,18,0.12634,;
149,3,16,0.29836,17,0.56546,18,0.12678,;
150,3,16,0.42712,17,0.36607,18,0.19316,;
151,3,16,0.57028,17,0.21714,18,0.19419,;
152,1,16,0.997,;
153,1,16,0.89105,;
154,2,16,0.05727,15,0.29999,;
155,1,15,0.3659,;
156,0,;
157,0,;
158,2,16,0.69498,15,0.34048,;
159,2,16,0.69971,15,0.23978,;
160,2,16,0.72027,15,0.22271,;
161,1,15,1.0,;
162,1,15,1.0,;
163,1,15,1.0,;
164,1,14,1.0,;
165,1,14,1.0,;
166,1,14,1.0,;
167,1,15,1.0,;
168,1,15,1.0,;
169,1,15,1.0,;
170,2,14,0.5,15,0.5,;
171,1,14,1.0,;
172,0,;
173,2,16,0.09341,15,0.41533,;
174,2,16,0.06145,15,0.2921,;
175,1,15,0.50062,;
176,1,15,0.56542,;
177,2,18,0.09026,15,0.25889,;
178,2,18,0.09202,15,0.25764,;
179,1,15,0.63067,;
180,1,14,1.42861,;
181,1,14,1.26117,;
182,2,14,1.23083,15,0.01942,;
