animsets{
24;
anim{
doBone;
keys{
2;
0;
matrix;0,0,0,0,0,0,0,0,0,0,0,0,0,0,0,0;
matrix_basis;0.455620,0.164249,-0.874888,0.073510,-0.164250,0.981467,0.098720,-0.778320,0.874890,0.098720,0.474159,-0.083070,0.000000,0.000000,0.000000,1.000000,;
18;
matrix;0,0,0,0,0,0,0,0,0,0,0,0,0,0,0,0;
matrix_basis;0.331901,-0.174389,0.927052,0.097550,0.174391,0.977167,0.121380,-1.278790,-0.927054,0.121380,0.354741,-0.170660,0.000000,0.000000,0.000000,1.000000,;
}
}
anim{
muneBone;
keys{
2;
0;
matrix;0,0,0,0,0,0,0,0,0,0,0,0,0,0,0,0;
matrix_basis;1.000000,0.000000,0.000000,0.000000,0.000000,0.999457,0.032950,0.000000,0.000000,-0.032950,0.999457,0.000000,0.000000,0.000000,0.000000,1.000000,;
18;
matrix;0,0,0,0,0,0,0,0,0,0,0,0,0,0,0,0;
matrix_basis;1.000000,0.000000,0.000000,0.000000,0.000000,0.999457,0.032940,0.000000,0.000000,-0.032940,0.999457,0.000000,0.000000,0.000000,0.000000,1.000000,;
}
}
anim{
migiSakotuBone;
keys{
2;
0;
matrix;0,0,0,0,0,0,0,0,0,0,0,0,0,0,0,0;
matrix_basis;1.000000,0.000000,0.000000,0.000000,0.000000,1.000000,0.000000,0.000000,0.000000,0.000000,1.000000,0.000000,0.000000,0.000000,0.000000,1.000000,;
18;
matrix;0,0,0,0,0,0,0,0,0,0,0,0,0,0,0,0;
matrix_basis;1.000000,0.000000,0.000000,0.000000,0.000000,1.000000,0.000000,0.000000,0.000000,0.000000,1.000000,0.000000,0.000000,0.000000,0.000000,1.000000,;
}
}
anim{
migiArmBone;
keys{
2;
0;
matrix;0,0,0,0,0,0,0,0,0,0,0,0,0,0,0,0;
matrix_basis;0.992721,-0.100770,-0.065970,0.000000,0.120240,0.860619,0.494858,0.000000,0.006900,-0.499180,0.866466,0.000000,0.000000,0.000000,0.000000,1.000000,;
18;
matrix;0,0,0,0,0,0,0,0,0,0,0,0,0,0,0,0;
matrix_basis;0.333161,-0.820935,-0.463749,0.000000,0.897332,0.427078,-0.111370,0.000000,0.289481,-0.379038,0.878939,0.000000,0.000000,0.000000,0.000000,1.000000,;
}
}
anim{
migiArmSitaBone;
keys{
2;
0;
matrix;0,0,0,0,0,0,0,0,0,0,0,0,0,0,0,0;
matrix_basis;0.996386,0.063570,-0.056330,0.000000,-0.084540,0.806541,-0.585101,0.000000,0.008240,0.587751,0.809002,0.000000,0.000000,0.000000,0.000000,1.000000,;
18;
matrix;0,0,0,0,0,0,0,0,0,0,0,0,0,0,0,0;
matrix_basis;0.952935,-0.277950,0.121090,0.000000,0.280101,0.959968,-0.000830,0.000000,-0.116011,0.034710,0.992641,0.000000,0.000000,0.000000,0.000000,1.000000,;
}
}
anim{
migiArmTekubiBone;
keys{
2;
0;
matrix;0,0,0,0,0,0,0,0,0,0,0,0,0,0,0,0;
matrix_basis;1.000000,0.000000,0.000000,0.000000,0.000000,1.000000,0.000000,0.000000,0.000000,0.000000,1.000000,0.000000,0.000000,0.000000,0.000000,1.000000,;
18;
matrix;0,0,0,0,0,0,0,0,0,0,0,0,0,0,0,0;
matrix_basis;1.000000,0.000000,0.000000,0.000000,0.000000,1.000000,0.000000,0.000000,0.000000,0.000000,1.000000,0.000000,0.000000,0.000000,0.000000,1.000000,;
}
}
anim{
hidariSakotuBone;
keys{
2;
0;
matrix;0,0,0,0,0,0,0,0,0,0,0,0,0,0,0,0;
matrix_basis;1.000000,0.000000,0.000000,0.000000,0.000000,1.000000,0.000000,0.000000,0.000000,0.000000,1.000000,0.000000,0.000000,0.000000,0.000000,1.000000,;
18;
matrix;0,0,0,0,0,0,0,0,0,0,0,0,0,0,0,0;
matrix_basis;1.000000,0.000000,0.000000,0.000000,0.000000,1.000000,0.000000,0.000000,0.000000,0.000000,1.000000,0.000000,0.000000,0.000000,0.000000,1.000000,;
}
}
anim{
hidariArmBone;
keys{
2;
0;
matrix;0,0,0,0,0,0,0,0,0,0,0,0,0,0,0,0;
matrix_basis;0.450701,0.892496,0.017950,0.000000,-0.846772,0.433798,-0.307882,0.000000,-0.282571,0.123570,0.951255,0.000000,0.000000,0.000000,0.000000,1.000000,;
18;
matrix;0,0,0,0,0,0,0,0,0,0,0,0,0,0,0,0;
matrix_basis;0.917121,-0.372011,0.143151,0.000000,0.031780,0.426231,0.904055,0.000000,-0.397340,-0.824582,0.402732,0.000000,0.000000,0.000000,0.000000,1.000000,;
}
}
anim{
hidariArmSitaBone;
keys{
2;
0;
matrix;0,0,0,0,0,0,0,0,0,0,0,0,0,0,0,0;
matrix_basis;1.000000,0.000000,0.000000,0.000000,0.000000,1.000000,0.000000,0.000000,0.000000,0.000000,1.000000,0.000000,0.000000,0.000000,0.000000,1.000000,;
18;
matrix;0,0,0,0,0,0,0,0,0,0,0,0,0,0,0,0;
matrix_basis;0.468591,0.838448,-0.278260,0.000000,-0.824412,0.528219,0.203310,0.000000,0.317441,0.134130,0.938742,0.000000,0.000000,0.000000,0.000000,1.000000,;
}
}
anim{
hidariArmTekubiBone;
keys{
2;
0;
matrix;0,0,0,0,0,0,0,0,0,0,0,0,0,0,0,0;
matrix_basis;1.000000,0.000000,0.000000,0.000000,0.000000,1.000000,0.000000,0.000000,0.000000,0.000000,1.000000,0.000000,0.000000,0.000000,0.000000,1.000000,;
18;
matrix;0,0,0,0,0,0,0,0,0,0,0,0,0,0,0,0;
matrix_basis;1.000000,0.000000,0.000000,0.000000,0.000000,1.000000,0.000000,0.000000,0.000000,0.000000,1.000000,0.000000,0.000000,0.000000,0.000000,1.000000,;
}
}
anim{
kubiBone;
keys{
2;
0;
matrix;0,0,0,0,0,0,0,0,0,0,0,0,0,0,0,0;
matrix_basis;1.000000,0.000000,0.000000,0.000000,0.000000,1.000000,0.000000,0.000000,0.000000,0.000000,1.000000,0.000000,0.000000,0.000000,0.000000,1.000000,;
18;
matrix;0,0,0,0,0,0,0,0,0,0,0,0,0,0,0,0;
matrix_basis;1.000000,0.000000,0.000000,0.000000,0.000000,1.000000,0.000000,0.000000,0.000000,0.000000,1.000000,0.000000,0.000000,0.000000,0.000000,1.000000,;
}
}
anim{
kubiUeBone;
keys{
2;
0;
matrix;0,0,0,0,0,0,0,0,0,0,0,0,0,0,0,0;
matrix_basis;1.000000,0.000000,0.000000,0.000000,0.000000,1.000000,0.000000,0.000000,0.000000,0.000000,1.000000,0.000000,0.000000,0.000000,0.000000,1.000000,;
18;
matrix;0,0,0,0,0,0,0,0,0,0,0,0,0,0,0,0;
matrix_basis;1.000000,0.000000,0.000000,0.000000,0.000000,1.000000,0.000000,0.000000,0.000000,0.000000,1.000000,0.000000,0.000000,0.000000,0.000000,1.000000,;
}
}
anim{
atamaBone;
keys{
2;
0;
matrix;0,0,0,0,0,0,0,0,0,0,0,0,0,0,0,0;
matrix_basis;1.000000,0.000000,0.000000,0.000000,0.000000,1.000000,0.000000,0.000000,0.000000,0.000000,1.000000,0.000000,0.000000,0.000000,0.000000,1.000000,;
18;
matrix;0,0,0,0,0,0,0,0,0,0,0,0,0,0,0,0;
matrix_basis;1.000000,0.000000,0.000000,0.000000,0.000000,1.000000,0.000000,0.000000,0.000000,0.000000,1.000000,0.000000,0.000000,0.000000,0.000000,1.000000,;
}
}
anim{
kosiBone;
keys{
2;
0;
matrix;0,0,0,0,0,0,0,0,0,0,0,0,0,0,0,0;
matrix_basis;1.000000,0.000690,0.000670,0.000000,-0.000670,0.999449,-0.033200,0.000000,-0.000690,0.033190,0.999448,0.000000,0.000000,0.000000,0.000000,1.000000,;
18;
matrix;0,0,0,0,0,0,0,0,0,0,0,0,0,0,0,0;
matrix_basis;1.000000,0.000690,0.000670,0.000000,-0.000670,0.999448,-0.033200,0.000000,-0.000690,0.033200,0.999448,0.000000,0.000000,0.000000,0.000000,1.000000,;
}
}
anim{
migiKosiBone;
keys{
2;
0;
matrix;0,0,0,0,0,0,0,0,0,0,0,0,0,0,0,0;
matrix_basis;1.000000,0.000000,0.000000,0.000000,0.000000,1.000000,0.000000,0.000000,0.000000,0.000000,1.000000,0.000000,0.000000,0.000000,0.000000,1.000000,;
18;
matrix;0,0,0,0,0,0,0,0,0,0,0,0,0,0,0,0;
matrix_basis;1.000000,0.000000,0.000000,0.000000,0.000000,1.000000,0.000000,0.000000,0.000000,0.000000,1.000000,0.000000,0.000000,0.000000,0.000000,1.000000,;
}
}
anim{
migiLegBone;
keys{
2;
0;
matrix;0,0,0,0,0,0,0,0,0,0,0,0,0,0,0,0;
matrix_basis;0.967490,-0.250870,0.032110,0.000000,0.102610,0.505370,0.856781,0.000000,-0.231160,-0.825630,0.514680,0.000000,0.000000,0.000000,0.000000,1.000000,;
18;
matrix;0,0,0,0,0,0,0,0,0,0,0,0,0,0,0,0;
matrix_basis;0.870355,-0.443168,0.214669,0.000000,0.477187,0.651447,-0.589837,0.000000,0.121549,0.615807,0.778466,0.000000,0.000000,0.000000,0.000000,1.000000,;
}
}
anim{
migiLegSitaBone;
keys{
2;
0;
matrix;0,0,0,0,0,0,0,0,0,0,0,0,0,0,0,0;
matrix_basis;0.968443,0.113320,-0.221989,0.000000,-0.247851,0.531650,-0.809887,0.000000,0.026240,0.839349,0.542958,0.000000,0.000000,0.000000,0.000000,1.000000,;
18;
matrix;0,0,0,0,0,0,0,0,0,0,0,0,0,0,0,0;
matrix_basis;0.937322,0.333841,-0.099900,0.000000,-0.342701,0.935052,-0.090730,0.000000,0.063120,0.119280,0.990852,0.000000,0.000000,0.000000,0.000000,1.000000,;
}
}
anim{
migiFootBone;
keys{
2;
0;
matrix;0,0,0,0,0,0,0,0,0,0,0,0,0,0,0,0;
matrix_basis;0.999896,-0.014200,-0.002350,0.000000,0.013690,0.988723,-0.149129,0.000000,0.004440,0.149080,0.988815,0.000000,0.000000,0.000000,0.000000,1.000000,;
18;
matrix;0,0,0,0,0,0,0,0,0,0,0,0,0,0,0,0;
matrix_basis;0.999931,-0.011620,0.001690,0.000000,0.011380,0.994350,0.105540,0.000000,-0.002900,-0.105510,0.994414,0.000000,0.000000,0.000000,0.000000,1.000000,;
}
}
anim{
migiFootSitaBone;
keys{
2;
0;
matrix;0,0,0,0,0,0,0,0,0,0,0,0,0,0,0,0;
matrix_basis;1.000000,0.000000,0.000000,0.000000,0.000000,1.000000,0.000000,0.000000,0.000000,0.000000,1.000000,0.000000,0.000000,0.000000,0.000000,1.000000,;
18;
matrix;0,0,0,0,0,0,0,0,0,0,0,0,0,0,0,0;
matrix_basis;0.972140,0.127230,0.196870,0.000000,-0.192100,0.913703,0.358109,0.000000,-0.134320,-0.385951,0.912688,0.000000,0.000000,0.000000,0.000000,1.000000,;
}
}
anim{
hidariKosiBone;
keys{
2;
0;
matrix;0,0,0,0,0,0,0,0,0,0,0,0,0,0,0,0;
matrix_basis;1.000000,0.000000,0.000000,0.000000,0.000000,1.000000,0.000000,0.000000,0.000000,0.000000,1.000000,0.000000,0.000000,0.000000,0.000000,1.000000,;
18;
matrix;0,0,0,0,0,0,0,0,0,0,0,0,0,0,0,0;
matrix_basis;1.000000,0.000000,0.000000,0.000000,0.000000,1.000000,0.000000,0.000000,0.000000,0.000000,1.000000,0.000000,0.000000,0.000000,0.000000,1.000000,;
}
}
anim{
hidariLegBone;
keys{
2;
0;
matrix;0,0,0,0,0,0,0,0,0,0,0,0,0,0,0,0;
matrix_basis;0.906267,0.387179,-0.169620,0.000000,-0.420289,0.782509,-0.459389,0.000000,-0.045130,0.487619,0.871889,0.000000,0.000000,0.000000,0.000000,1.000000,;
18;
matrix;0,0,0,0,0,0,0,0,0,0,0,0,0,0,0,0;
matrix_basis;0.971283,0.225100,-0.077080,0.000000,-0.021420,0.405380,0.913898,0.000000,0.236961,-0.886001,0.398559,0.000000,0.000000,0.000000,0.000000,1.000000,;
}
}
anim{
hidariLegSitaBone;
keys{
2;
0;
matrix;0,0,0,0,0,0,0,0,0,0,0,0,0,0,0,0;
matrix_basis;0.953546,-0.266590,0.140281,0.000000,0.285429,0.948451,-0.137731,0.000000,-0.096330,0.171380,0.980485,0.000000,0.000000,0.000000,0.000000,1.000000,;
18;
matrix;0,0,0,0,0,0,0,0,0,0,0,0,0,0,0,0;
matrix_basis;0.951203,-0.134850,0.277531,0.000000,0.295451,0.657478,-0.693131,0.000000,-0.089000,0.741308,0.665241,0.000000,0.000000,0.000000,0.000000,1.000000,;
}
}
anim{
hidariFootBone;
keys{
2;
0;
matrix;0,0,0,0,0,0,0,0,0,0,0,0,0,0,0,0;
matrix_basis;0.999645,0.026650,-0.000760,0.000000,-0.026660,0.998680,-0.043920,0.000000,-0.000420,0.043920,0.999035,0.000000,0.000000,0.000000,0.000000,1.000000,;
18;
matrix;0,0,0,0,0,0,0,0,0,0,0,0,0,0,0,0;
matrix_basis;0.999645,0.026660,-0.000760,0.000000,-0.026660,0.998679,-0.043920,0.000000,-0.000420,0.043930,0.999035,0.000000,0.000000,0.000000,0.000000,1.000000,;
}
}
anim{
hidariFootSitaBone;
keys{
2;
0;
matrix;0,0,0,0,0,0,0,0,0,0,0,0,0,0,0,0;
matrix_basis;0.915192,-0.281872,-0.288041,0.000000,0.369681,0.871785,0.321451,0.000000,0.160500,-0.400673,0.902054,0.000000,0.000000,0.000000,0.000000,1.000000,;
18;
matrix;0,0,0,0,0,0,0,0,0,0,0,0,0,0,0,0;
matrix_basis;1.000000,0.000000,0.000000,0.000000,0.000000,1.000000,0.000000,0.000000,0.000000,0.000000,1.000000,0.000000,0.000000,0.000000,0.000000,1.000000,;
}
}
