AB{
IMPLNUM=2;
IMPL{
HON_MESH{
IMPL_ID=0
MFILEPATH="resrc/model/ponko2-4/pk2sailordayo"
OFILEPATH=""
ICWML=1;
OMBNAME=""
KMATRIX=1.000000,0.000000,0.000000,0.000000,0.000000,1.000000,0.000000,0.000000,0.000000,0.000000,1.000000,0.000000,0.000000,0.000000,0.000000,1.000000,;
}//honmesh
ONAJI_MESHS{
NUM=10;
ONAJI_MESH{
IMPL_ID=0
MFILEPATH="resrc/model/ponko2-3/pk2skirt"
OFILEPATH=""
ICWML=1;
OMBNAME=""
KMATRIX=1.000000,0.000000,0.000000,0.000000,0.000000,1.000000,0.000000,0.000000,0.000000,0.000000,1.000000,0.000000,0.000000,0.000000,0.000000,1.000000,;
}//onajimesh
ONAJI_MESH{
IMPL_ID=0
MFILEPATH="resrc/model/ponko2-3/pk2face"
OFILEPATH=""
ICWML=1;
OMBNAME=""
KMATRIX=1.000000,0.000000,0.000000,0.000000,0.000000,1.000000,0.000000,0.000000,0.000000,0.000000,1.000000,0.000000,0.000000,0.000000,0.000000,1.000000,;
}//onajimesh
ONAJI_MESH{
IMPL_ID=0
MFILEPATH="resrc/model/ponko2-3/pk2hidarime"
OFILEPATH=""
ICWML=1;
OMBNAME=""
KMATRIX=1.000000,0.000000,0.000000,0.000000,0.000000,1.000000,0.000000,0.000000,0.000000,0.000000,1.000000,0.000000,0.000000,0.000000,0.000000,1.000000,;
}//onajimesh
ONAJI_MESH{
IMPL_ID=0
MFILEPATH="resrc/model/ponko2-3/pk2hidarimedama"
OFILEPATH=""
ICWML=1;
OMBNAME=""
KMATRIX=1.000000,0.000000,0.000000,0.000000,0.000000,1.000000,0.000000,0.000000,0.000000,0.000000,1.000000,0.000000,0.000000,0.000000,0.000000,1.000000,;
}//onajimesh
ONAJI_MESH{
IMPL_ID=0
MFILEPATH="resrc/model/ponko2-3/pk2kami"
OFILEPATH=""
ICWML=1;
OMBNAME=""
KMATRIX=1.000000,0.000000,0.000000,0.000000,0.000000,1.000000,0.000000,0.000000,0.000000,0.000000,1.000000,0.000000,0.000000,0.000000,0.000000,1.000000,;
}//onajimesh
ONAJI_MESH{
IMPL_ID=0
MFILEPATH="resrc/model/ponko2-3/pk2kuti"
OFILEPATH=""
ICWML=1;
OMBNAME=""
KMATRIX=1.000000,0.000000,0.000000,0.000000,0.000000,1.000000,0.000000,0.000000,0.000000,0.000000,1.000000,0.000000,0.000000,0.000000,0.000000,1.000000,;
}//onajimesh
ONAJI_MESH{
IMPL_ID=0
MFILEPATH="resrc/model/ponko2-3/pk2kubi"
OFILEPATH=""
ICWML=1;
OMBNAME=""
KMATRIX=1.000000,0.000000,0.000000,0.000000,0.000000,1.000000,0.000000,0.000000,0.000000,0.000000,1.000000,0.000000,0.000000,0.000000,0.000000,1.000000,;
}//onajimesh
ONAJI_MESH{
IMPL_ID=0
MFILEPATH="resrc/model/ponko2-3/pk2mayuge"
OFILEPATH=""
ICWML=1;
OMBNAME=""
KMATRIX=1.000000,0.000000,0.000000,0.000000,0.000000,1.000000,0.000000,0.000000,0.000000,0.000000,1.000000,0.000000,0.000000,0.000000,0.000000,1.000000,;
}//onajimesh
ONAJI_MESH{
IMPL_ID=0
MFILEPATH="resrc/model/ponko2-3/pk2midarime"
OFILEPATH=""
ICWML=1;
OMBNAME=""
KMATRIX=1.000000,0.000000,0.000000,0.000000,0.000000,1.000000,0.000000,0.000000,0.000000,0.000000,1.000000,0.000000,0.000000,0.000000,0.000000,1.000000,;
}//onajimesh
ONAJI_MESH{
IMPL_ID=0
MFILEPATH="resrc/model/ponko2-3/pk2migimedama"
OFILEPATH=""
ICWML=1;
OMBNAME=""
KMATRIX=1.000000,0.000000,0.000000,0.000000,0.000000,1.000000,0.000000,0.000000,0.000000,0.000000,1.000000,0.000000,0.000000,0.000000,0.000000,1.000000,;
}//onajimesh
}// onajimeshs
KO_MESHS{
NUM=2;
KO_MESH{
IMPL_ID=0
MFILEPATH="resrc/model/ponko2-4/pk2migihanddayo"
OFILEPATH="resrc/model/ponko2-4/pk2sailordayo"
ICWML=1;
OMBNAME="migiArmTekubiBone"
KMATRIX=1.000000,0.000000,0.000000,0.000000,0.000000,1.000000,0.000000,0.000000,0.000000,0.000000,1.000000,0.000000,0.000000,0.000000,0.000000,1.000000,;
}//komesh
KO_MESH{
IMPL_ID=0
MFILEPATH="resrc/model/bazooka/rweaponbazookaguna"
OFILEPATH="resrc/model/ponko2-4/pk2migihanddayo"
ICWML=0;
OMBNAME="MigiHandMotiBone"
KMATRIX=0.000260,0.333000,0.000260,0.000000,-0.000260,0.000260,-0.333000,0.000000,-0.333000,0.000000,0.000260,0.000000,0.000000,0.000000,0.000000,1.000000,;
}//komesh
}// komeshs
NOW_KAKERA{
IMPL_ID=0;
ROTTRANSISPARAM{
24;0.000000;0.000000;0.000000;0.000000;0.000000;0.000000;0.000000;0.000000;0.000000;0.000000;0.000000;0.000000;0.000000;0.000000;0.000000;0.000000;0.000000;0.000000;0.000000;0.000000;0.000000;0.000000;0.000000;0.000000;
24;0.000000;0.000000;0.000000;0.000000;0.000000;0.000000;0.000000;0.000000;0.000000;0.000000;0.000000;0.000000;0.000000;0.000000;0.000000;0.000000;0.000000;0.000000;0.000000;0.000000;0.000000;0.000000;0.000000;0.000000;
24;0.000000;0.000000;0.000000;0.000000;0.000000;0.000000;0.000000;0.000000;0.000000;0.000000;0.000000;0.000000;0.000000;0.000000;0.000000;0.000000;0.000000;0.000000;0.000000;0.000000;0.000000;0.000000;0.000000;0.000000;
24;0.000000;0.000000;0.000000;0.000000;0.000000;0.000000;0.000000;0.000000;0.000000;0.000000;0.000000;0.000000;0.000000;0.000000;0.000000;0.000000;0.000000;0.000000;0.000000;0.000000;0.000000;0.000000;0.000000;0.000000;
24;0.000000;0.000000;0.000000;0.000000;0.000000;0.000000;0.000000;0.000000;0.000000;0.000000;0.000000;0.000000;0.000000;0.000000;0.000000;0.000000;0.000000;0.000000;0.000000;0.000000;0.000000;0.000000;0.000000;0.000000;
24;0.000000;0.000000;0.000000;0.000000;0.000000;0.000000;0.000000;0.000000;0.000000;0.000000;0.000000;0.000000;0.000000;0.000000;0.000000;0.000000;0.000000;0.000000;0.000000;0.000000;0.000000;0.000000;0.000000;0.000000;
24;1;1;1;1;1;1;1;1;1;1;1;1;1;1;1;1;1;1;1;1;1;1;1;1;
24;1;1;1;1;1;1;1;1;1;1;1;1;1;1;1;1;1;1;1;1;1;1;1;1;
24;1;1;1;1;1;1;1;1;1;1;1;1;1;1;1;1;1;1;1;1;1;1;1;1;
24;1.570000;1.570000;1.570000;1.570000;1.570000;1.570000;1.570000;1.570000;1.570000;1.570000;1.570000;1.570000;1.570000;1.570000;1.570000;1.570000;1.570000;1.570000;1.570000;1.570000;1.570000;1.570000;1.570000;1.570000;
24;-1.570000;-1.570000;-1.570000;-1.570000;-1.570000;-1.570000;-1.570000;-1.570000;-1.570000;-1.570000;-1.570000;-1.570000;-1.570000;-1.570000;-1.570000;-1.570000;-1.570000;-1.570000;-1.570000;-1.570000;-1.570000;-1.570000;-1.570000;-1.570000;
24;1.570000;1.570000;1.570000;1.570000;1.570000;1.570000;1.570000;1.570000;1.570000;1.570000;1.570000;1.570000;1.570000;1.570000;1.570000;1.570000;1.570000;1.570000;1.570000;1.570000;1.570000;1.570000;1.570000;1.570000;
24;-1.570000;-1.570000;-1.570000;-1.570000;-1.570000;-1.570000;-1.570000;-1.570000;-1.570000;-1.570000;-1.570000;-1.570000;-1.570000;-1.570000;-1.570000;-1.570000;-1.570000;-1.570000;-1.570000;-1.570000;-1.570000;-1.570000;-1.570000;-1.570000;
24;1.570000;1.570000;1.570000;1.570000;1.570000;1.570000;1.570000;1.570000;1.570000;1.570000;1.570000;1.570000;1.570000;1.570000;1.570000;1.570000;1.570000;1.570000;1.570000;1.570000;1.570000;1.570000;1.570000;1.570000;
24;-1.570000;-1.570000;-1.570000;-1.570000;-1.570000;-1.570000;-1.570000;-1.570000;-1.570000;-1.570000;-1.570000;-1.570000;-1.570000;-1.570000;-1.570000;-1.570000;-1.570000;-1.570000;-1.570000;-1.570000;-1.570000;-1.570000;-1.570000;-1.570000;
}
MESH_FILEPATHNAME="resrc/model/ponko2-4/pk2sailordayo";
FRAME=0;
MESHBONENAMEINDEX{
24;
"atamaBone"=12;
"doBone"=0;
"hidariArmBone"=7;
"hidariArmSitaBone"=8;
"hidariArmTekubiBone"=9;
"hidariFootBone"=22;
"hidariFootSitaBone"=23;
"hidariKosiBone"=19;
"hidariLegBone"=20;
"hidariLegSitaBone"=21;
"hidariSakotuBone"=6;
"kosiBone"=13;
"kubiBone"=10;
"kubiUeBone"=11;
"migiArmBone"=3;
"migiArmSitaBone"=4;
"migiArmTekubiBone"=5;
"migiFootBone"=17;
"migiFootSitaBone"=18;
"migiKosiBone"=14;
"migiLegBone"=15;
"migiLegSitaBone"=16;
"migiSakotuBone"=2;
"muneBone"=1;
}
DEFAULTFRAMEANDMATRIX{
24;0;0;0;0;0;0;0;0;0;0;0;0;0;0;0;0;0;0;0;0;0;0;0;0;
24;
1.000000,0.000000,0.000000,0.000000,0.000000,1.000000,0.000000,0.000000,0.000000,0.000000,1.000000,0.000000,0.000000,0.000000,0.000000,1.000000;
1.000000,0.000000,0.000000,0.000000,0.000000,1.000000,0.000000,0.000000,0.000000,0.000000,1.000000,0.000000,0.000000,0.000000,0.000000,1.000000;
1.000000,0.000000,0.000000,0.000000,0.000000,1.000000,0.000000,0.000000,0.000000,0.000000,1.000000,0.000000,0.000000,0.000000,0.000000,1.000000;
1.000000,0.000000,0.000000,0.000000,0.000000,1.000000,0.000000,0.000000,0.000000,0.000000,1.000000,0.000000,0.000000,0.000000,0.000000,1.000000;
1.000000,0.000000,0.000000,0.000000,0.000000,1.000000,0.000000,0.000000,0.000000,0.000000,1.000000,0.000000,0.000000,0.000000,0.000000,1.000000;
1.000000,0.000000,0.000000,0.000000,0.000000,1.000000,0.000000,0.000000,0.000000,0.000000,1.000000,0.000000,0.000000,0.000000,0.000000,1.000000;
1.000000,0.000000,0.000000,0.000000,0.000000,1.000000,0.000000,0.000000,0.000000,0.000000,1.000000,0.000000,0.000000,0.000000,0.000000,1.000000;
1.000000,0.000000,0.000000,0.000000,0.000000,1.000000,0.000000,0.000000,0.000000,0.000000,1.000000,0.000000,0.000000,0.000000,0.000000,1.000000;
1.000000,0.000000,0.000000,0.000000,0.000000,1.000000,0.000000,0.000000,0.000000,0.000000,1.000000,0.000000,0.000000,0.000000,0.000000,1.000000;
1.000000,0.000000,0.000000,0.000000,0.000000,1.000000,0.000000,0.000000,0.000000,0.000000,1.000000,0.000000,0.000000,0.000000,0.000000,1.000000;
1.000000,0.000000,0.000000,0.000000,0.000000,1.000000,0.000000,0.000000,0.000000,0.000000,1.000000,0.000000,0.000000,0.000000,0.000000,1.000000;
1.000000,0.000000,0.000000,0.000000,0.000000,1.000000,0.000000,0.000000,0.000000,0.000000,1.000000,0.000000,0.000000,0.000000,0.000000,1.000000;
1.000000,0.000000,0.000000,0.000000,0.000000,1.000000,0.000000,0.000000,0.000000,0.000000,1.000000,0.000000,0.000000,0.000000,0.000000,1.000000;
1.000000,0.000000,0.000000,0.000000,0.000000,1.000000,0.000000,0.000000,0.000000,0.000000,1.000000,0.000000,0.000000,0.000000,0.000000,1.000000;
1.000000,0.000000,0.000000,0.000000,0.000000,1.000000,0.000000,0.000000,0.000000,0.000000,1.000000,0.000000,0.000000,0.000000,0.000000,1.000000;
1.000000,0.000000,0.000000,0.000000,0.000000,1.000000,0.000000,0.000000,0.000000,0.000000,1.000000,0.000000,0.000000,0.000000,0.000000,1.000000;
1.000000,0.000000,0.000000,0.000000,0.000000,1.000000,0.000000,0.000000,0.000000,0.000000,1.000000,0.000000,0.000000,0.000000,0.000000,1.000000;
1.000000,0.000000,0.000000,0.000000,0.000000,1.000000,0.000000,0.000000,0.000000,0.000000,1.000000,0.000000,0.000000,0.000000,0.000000,1.000000;
1.000000,0.000000,0.000000,0.000000,0.000000,1.000000,0.000000,0.000000,0.000000,0.000000,1.000000,0.000000,0.000000,0.000000,0.000000,1.000000;
1.000000,0.000000,0.000000,0.000000,0.000000,1.000000,0.000000,0.000000,0.000000,0.000000,1.000000,0.000000,0.000000,0.000000,0.000000,1.000000;
1.000000,0.000000,0.000000,0.000000,0.000000,1.000000,0.000000,0.000000,0.000000,0.000000,1.000000,0.000000,0.000000,0.000000,0.000000,1.000000;
1.000000,0.000000,0.000000,0.000000,0.000000,1.000000,0.000000,0.000000,0.000000,0.000000,1.000000,0.000000,0.000000,0.000000,0.000000,1.000000;
1.000000,0.000000,0.000000,0.000000,0.000000,1.000000,0.000000,0.000000,0.000000,0.000000,1.000000,0.000000,0.000000,0.000000,0.000000,1.000000;
1.000000,0.000000,0.000000,0.000000,0.000000,1.000000,0.000000,0.000000,0.000000,0.000000,1.000000,0.000000,0.000000,0.000000,0.000000,1.000000;

}
}
}//impl
IMPL{
HON_MESH{
IMPL_ID=1
MFILEPATH="resrc/model/ponko2-4/pk2sailordayo"
OFILEPATH=""
ICWML=1;
OMBNAME=""
KMATRIX=1.000000,0.000000,0.000000,0.000000,0.000000,1.000000,0.000000,0.000000,0.000000,0.000000,1.000000,0.000000,0.000000,0.000000,0.000000,1.000000,;
}//honmesh
ONAJI_MESHS{
NUM=10;
ONAJI_MESH{
IMPL_ID=1
MFILEPATH="resrc/model/ponko2-3/pk2skirt"
OFILEPATH=""
ICWML=1;
OMBNAME=""
KMATRIX=1.000000,0.000000,0.000000,0.000000,0.000000,1.000000,0.000000,0.000000,0.000000,0.000000,1.000000,0.000000,0.000000,0.000000,0.000000,1.000000,;
}//onajimesh
ONAJI_MESH{
IMPL_ID=1
MFILEPATH="resrc/model/ponko2-3/pk2face"
OFILEPATH=""
ICWML=1;
OMBNAME=""
KMATRIX=1.000000,0.000000,0.000000,0.000000,0.000000,1.000000,0.000000,0.000000,0.000000,0.000000,1.000000,0.000000,0.000000,0.000000,0.000000,1.000000,;
}//onajimesh
ONAJI_MESH{
IMPL_ID=1
MFILEPATH="resrc/model/ponko2-3/pk2hidarime"
OFILEPATH=""
ICWML=1;
OMBNAME=""
KMATRIX=1.000000,0.000000,0.000000,0.000000,0.000000,1.000000,0.000000,0.000000,0.000000,0.000000,1.000000,0.000000,0.000000,0.000000,0.000000,1.000000,;
}//onajimesh
ONAJI_MESH{
IMPL_ID=1
MFILEPATH="resrc/model/ponko2-3/pk2hidarimedama"
OFILEPATH=""
ICWML=1;
OMBNAME=""
KMATRIX=1.000000,0.000000,0.000000,0.000000,0.000000,1.000000,0.000000,0.000000,0.000000,0.000000,1.000000,0.000000,0.000000,0.000000,0.000000,1.000000,;
}//onajimesh
ONAJI_MESH{
IMPL_ID=1
MFILEPATH="resrc/model/ponko2-3/pk2kami"
OFILEPATH=""
ICWML=1;
OMBNAME=""
KMATRIX=1.000000,0.000000,0.000000,0.000000,0.000000,1.000000,0.000000,0.000000,0.000000,0.000000,1.000000,0.000000,0.000000,0.000000,0.000000,1.000000,;
}//onajimesh
ONAJI_MESH{
IMPL_ID=1
MFILEPATH="resrc/model/ponko2-3/pk2kuti"
OFILEPATH=""
ICWML=1;
OMBNAME=""
KMATRIX=1.000000,0.000000,0.000000,0.000000,0.000000,1.000000,0.000000,0.000000,0.000000,0.000000,1.000000,0.000000,0.000000,0.000000,0.000000,1.000000,;
}//onajimesh
ONAJI_MESH{
IMPL_ID=1
MFILEPATH="resrc/model/ponko2-3/pk2kubi"
OFILEPATH=""
ICWML=1;
OMBNAME=""
KMATRIX=1.000000,0.000000,0.000000,0.000000,0.000000,1.000000,0.000000,0.000000,0.000000,0.000000,1.000000,0.000000,0.000000,0.000000,0.000000,1.000000,;
}//onajimesh
ONAJI_MESH{
IMPL_ID=1
MFILEPATH="resrc/model/ponko2-3/pk2mayuge"
OFILEPATH=""
ICWML=1;
OMBNAME=""
KMATRIX=1.000000,0.000000,0.000000,0.000000,0.000000,1.000000,0.000000,0.000000,0.000000,0.000000,1.000000,0.000000,0.000000,0.000000,0.000000,1.000000,;
}//onajimesh
ONAJI_MESH{
IMPL_ID=1
MFILEPATH="resrc/model/ponko2-3/pk2midarime"
OFILEPATH=""
ICWML=1;
OMBNAME=""
KMATRIX=1.000000,0.000000,0.000000,0.000000,0.000000,1.000000,0.000000,0.000000,0.000000,0.000000,1.000000,0.000000,0.000000,0.000000,0.000000,1.000000,;
}//onajimesh
ONAJI_MESH{
IMPL_ID=1
MFILEPATH="resrc/model/ponko2-3/pk2migimedama"
OFILEPATH=""
ICWML=1;
OMBNAME=""
KMATRIX=1.000000,0.000000,0.000000,0.000000,0.000000,1.000000,0.000000,0.000000,0.000000,0.000000,1.000000,0.000000,0.000000,0.000000,0.000000,1.000000,;
}//onajimesh
}// onajimeshs
KO_MESHS{
NUM=2;
KO_MESH{
IMPL_ID=1
MFILEPATH="resrc/model/ponko2-4/pk2migihanddayo"
OFILEPATH="resrc/model/ponko2-4/pk2sailordayo"
ICWML=1;
OMBNAME="migiArmTekubiBone"
KMATRIX=1.000000,0.000000,0.000000,0.000000,0.000000,1.000000,0.000000,0.000000,0.000000,0.000000,1.000000,0.000000,0.000000,0.000000,0.000000,1.000000,;
}//komesh
KO_MESH{
IMPL_ID=1
MFILEPATH="resrc/model/bazooka/rweaponbazookaguna"
OFILEPATH="resrc/model/ponko2-4/pk2migihanddayo"
ICWML=0;
OMBNAME="MigiHandMotiBone"
KMATRIX=0.000260,0.333000,0.000260,0.000000,-0.000260,0.000260,-0.333000,0.000000,-0.333000,0.000000,0.000260,0.000000,0.000000,0.000000,0.000000,1.000000,;
}//komesh
}// komeshs
NOW_KAKERA{
IMPL_ID=1;
ROTTRANSISPARAM{
24;0.000000;0.000000;0.000000;0.000000;0.000000;0.000000;0.000000;0.000000;0.000000;0.000000;0.000000;0.000000;0.000000;0.000000;0.000000;0.000000;0.000000;0.000000;0.000000;0.000000;0.000000;0.000000;0.000000;0.000000;
24;0.000000;0.000000;0.000000;0.000000;0.000000;0.000000;0.000000;0.000000;0.000000;0.000000;0.000000;0.000000;0.000000;0.000000;0.000000;0.000000;0.000000;0.000000;0.000000;0.000000;0.000000;0.000000;0.000000;0.000000;
24;0.000000;0.000000;0.000000;0.000000;0.000000;0.000000;0.000000;0.000000;0.000000;0.000000;0.000000;0.000000;0.000000;0.000000;0.000000;0.000000;0.000000;0.000000;0.000000;0.000000;0.000000;0.000000;0.000000;0.000000;
24;0.000000;0.000000;0.000000;0.000000;0.000000;0.000000;0.000000;0.000000;0.000000;0.000000;0.000000;0.000000;0.000000;0.000000;0.000000;0.000000;0.000000;0.000000;0.000000;0.000000;0.000000;0.000000;0.000000;0.000000;
24;0.000000;0.000000;0.000000;0.000000;0.000000;0.000000;0.000000;0.000000;0.000000;0.000000;0.000000;0.000000;0.000000;0.000000;0.000000;0.000000;0.000000;0.000000;0.000000;0.000000;0.000000;0.000000;0.000000;0.000000;
24;0.000000;0.000000;0.000000;0.000000;0.000000;0.000000;0.000000;0.000000;0.000000;0.000000;0.000000;0.000000;0.000000;0.000000;0.000000;0.000000;0.000000;0.000000;0.000000;0.000000;0.000000;0.000000;0.000000;0.000000;
24;1;1;1;1;1;1;1;1;1;1;1;1;1;1;1;1;1;1;1;1;1;1;1;1;
24;1;1;1;1;1;1;1;1;1;1;1;1;1;1;1;1;1;1;1;1;1;1;1;1;
24;1;1;1;1;1;1;1;1;1;1;1;1;1;1;1;1;1;1;1;1;1;1;1;1;
24;1.570000;1.570000;1.570000;1.570000;1.570000;1.570000;1.570000;1.570000;1.570000;1.570000;1.570000;1.570000;1.570000;1.570000;1.570000;1.570000;1.570000;1.570000;1.570000;1.570000;1.570000;1.570000;1.570000;1.570000;
24;-1.570000;-1.570000;-1.570000;-1.570000;-1.570000;-1.570000;-1.570000;-1.570000;-1.570000;-1.570000;-1.570000;-1.570000;-1.570000;-1.570000;-1.570000;-1.570000;-1.570000;-1.570000;-1.570000;-1.570000;-1.570000;-1.570000;-1.570000;-1.570000;
24;1.570000;1.570000;1.570000;1.570000;1.570000;1.570000;1.570000;1.570000;1.570000;1.570000;1.570000;1.570000;1.570000;1.570000;1.570000;1.570000;1.570000;1.570000;1.570000;1.570000;1.570000;1.570000;1.570000;1.570000;
24;-1.570000;-1.570000;-1.570000;-1.570000;-1.570000;-1.570000;-1.570000;-1.570000;-1.570000;-1.570000;-1.570000;-1.570000;-1.570000;-1.570000;-1.570000;-1.570000;-1.570000;-1.570000;-1.570000;-1.570000;-1.570000;-1.570000;-1.570000;-1.570000;
24;1.570000;1.570000;1.570000;1.570000;1.570000;1.570000;1.570000;1.570000;1.570000;1.570000;1.570000;1.570000;1.570000;1.570000;1.570000;1.570000;1.570000;1.570000;1.570000;1.570000;1.570000;1.570000;1.570000;1.570000;
24;-1.570000;-1.570000;-1.570000;-1.570000;-1.570000;-1.570000;-1.570000;-1.570000;-1.570000;-1.570000;-1.570000;-1.570000;-1.570000;-1.570000;-1.570000;-1.570000;-1.570000;-1.570000;-1.570000;-1.570000;-1.570000;-1.570000;-1.570000;-1.570000;
}
MESH_FILEPATHNAME="resrc/model/ponko2-4/pk2sailordayo";
FRAME=0;
MESHBONENAMEINDEX{
24;
"atamaBone"=12;
"doBone"=0;
"hidariArmBone"=7;
"hidariArmSitaBone"=8;
"hidariArmTekubiBone"=9;
"hidariFootBone"=22;
"hidariFootSitaBone"=23;
"hidariKosiBone"=19;
"hidariLegBone"=20;
"hidariLegSitaBone"=21;
"hidariSakotuBone"=6;
"kosiBone"=13;
"kubiBone"=10;
"kubiUeBone"=11;
"migiArmBone"=3;
"migiArmSitaBone"=4;
"migiArmTekubiBone"=5;
"migiFootBone"=17;
"migiFootSitaBone"=18;
"migiKosiBone"=14;
"migiLegBone"=15;
"migiLegSitaBone"=16;
"migiSakotuBone"=2;
"muneBone"=1;
}
DEFAULTFRAMEANDMATRIX{
24;6;6;6;6;6;6;6;6;6;6;6;6;6;6;6;6;6;6;6;6;6;6;6;6;
24;
0.455620,-0.164250,0.874890,0.000000,0.164249,0.981467,0.098720,0.000000,-0.874888,0.098720,0.474159,0.000000,0.073510,-0.778320,-0.083070,1.000000;
1.000000,0.000000,0.000000,0.000000,0.000000,0.999457,-0.032950,0.000000,0.000000,0.032950,0.999457,0.000000,0.000000,0.000000,0.000000,1.000000;
1.000000,0.000000,0.000000,0.000000,0.000000,1.000000,0.000000,0.000000,0.000000,0.000000,1.000000,0.000000,0.000000,0.000000,0.000000,1.000000;
0.992721,0.120240,0.006900,0.000000,-0.100770,0.860619,-0.499180,0.000000,-0.065970,0.494858,0.866466,0.000000,0.000000,0.000000,0.000000,1.000000;
0.996386,-0.084540,0.008240,0.000000,0.063570,0.806541,0.587751,0.000000,-0.056330,-0.585101,0.809002,0.000000,0.000000,0.000000,0.000000,1.000000;
1.000000,0.000000,0.000000,0.000000,0.000000,1.000000,0.000000,0.000000,0.000000,0.000000,1.000000,0.000000,0.000000,0.000000,0.000000,1.000000;
1.000000,0.000000,0.000000,0.000000,0.000000,1.000000,0.000000,0.000000,0.000000,0.000000,1.000000,0.000000,0.000000,0.000000,0.000000,1.000000;
0.450701,-0.846772,-0.282571,0.000000,0.892496,0.433798,0.123570,0.000000,0.017950,-0.307882,0.951255,0.000000,0.000000,0.000000,0.000000,1.000000;
1.000000,0.000000,0.000000,0.000000,0.000000,1.000000,0.000000,0.000000,0.000000,0.000000,1.000000,0.000000,0.000000,0.000000,0.000000,1.000000;
1.000000,0.000000,0.000000,0.000000,0.000000,1.000000,0.000000,0.000000,0.000000,0.000000,1.000000,0.000000,0.000000,0.000000,0.000000,1.000000;
1.000000,0.000000,0.000000,0.000000,0.000000,1.000000,0.000000,0.000000,0.000000,0.000000,1.000000,0.000000,0.000000,0.000000,0.000000,1.000000;
1.000000,0.000000,0.000000,0.000000,0.000000,1.000000,0.000000,0.000000,0.000000,0.000000,1.000000,0.000000,0.000000,0.000000,0.000000,1.000000;
1.000000,0.000000,0.000000,0.000000,0.000000,1.000000,0.000000,0.000000,0.000000,0.000000,1.000000,0.000000,0.000000,0.000000,0.000000,1.000000;
1.000000,-0.000670,-0.000690,0.000000,0.000690,0.999449,0.033190,0.000000,0.000670,-0.033200,0.999448,0.000000,0.000000,0.000000,0.000000,1.000000;
1.000000,0.000000,0.000000,0.000000,0.000000,1.000000,0.000000,0.000000,0.000000,0.000000,1.000000,0.000000,0.000000,0.000000,0.000000,1.000000;
0.967490,0.102610,-0.231160,0.000000,-0.250870,0.505370,-0.825630,0.000000,0.032110,0.856781,0.514680,0.000000,0.000000,0.000000,0.000000,1.000000;
0.968443,-0.247851,0.026240,0.000000,0.113320,0.531650,0.839349,0.000000,-0.221989,-0.809887,0.542958,0.000000,0.000000,0.000000,0.000000,1.000000;
0.999896,0.013690,0.004440,0.000000,-0.014200,0.988723,0.149080,0.000000,-0.002350,-0.149129,0.988815,0.000000,0.000000,0.000000,0.000000,1.000000;
1.000000,0.000000,0.000000,0.000000,0.000000,1.000000,0.000000,0.000000,0.000000,0.000000,1.000000,0.000000,0.000000,0.000000,0.000000,1.000000;
1.000000,0.000000,0.000000,0.000000,0.000000,1.000000,0.000000,0.000000,0.000000,0.000000,1.000000,0.000000,0.000000,0.000000,0.000000,1.000000;
0.906267,-0.420289,-0.045130,0.000000,0.387179,0.782509,0.487619,0.000000,-0.169620,-0.459389,0.871889,0.000000,0.000000,0.000000,0.000000,1.000000;
0.953546,0.285429,-0.096330,0.000000,-0.266590,0.948451,0.171380,0.000000,0.140281,-0.137731,0.980485,0.000000,0.000000,0.000000,0.000000,1.000000;
0.999645,-0.026660,-0.000420,0.000000,0.026650,0.998680,0.043920,0.000000,-0.000760,-0.043920,0.999035,0.000000,0.000000,0.000000,0.000000,1.000000;
0.915192,0.369681,0.160500,0.000000,-0.281872,0.871785,-0.400673,0.000000,-0.288041,0.321451,0.902054,0.000000,0.000000,0.000000,0.000000,1.000000;

}
}
KAKERAS{
NUM=2;
KAKERA {
IMPL_ID=1;
ROTTRANSISPARAM{
24;0.000000;0.000000;0.000000;0.000000;0.000000;0.000000;0.000000;0.000000;0.000000;0.000000;0.000000;0.000000;0.000000;0.000000;0.000000;0.000000;0.000000;0.000000;0.000000;0.000000;0.000000;0.000000;0.000000;0.000000;
24;0.000000;0.000000;0.000000;0.000000;0.000000;0.000000;0.000000;0.000000;0.000000;0.000000;0.000000;0.000000;0.000000;0.000000;0.000000;0.000000;0.000000;0.000000;0.000000;0.000000;0.000000;0.000000;0.000000;0.000000;
24;0.000000;0.000000;0.000000;0.000000;0.000000;0.000000;0.000000;0.000000;0.000000;0.000000;0.000000;0.000000;0.000000;0.000000;0.000000;0.000000;0.000000;0.000000;0.000000;0.000000;0.000000;0.000000;0.000000;0.000000;
24;0.000000;0.000000;0.000000;0.000000;0.000000;0.000000;0.000000;0.000000;0.000000;0.000000;0.000000;0.000000;0.000000;0.000000;0.000000;0.000000;0.000000;0.000000;0.000000;0.000000;0.000000;0.000000;0.000000;0.000000;
24;0.000000;0.000000;0.000000;0.000000;0.000000;0.000000;0.000000;0.000000;0.000000;0.000000;0.000000;0.000000;0.000000;0.000000;0.000000;0.000000;0.000000;0.000000;0.000000;0.000000;0.000000;0.000000;0.000000;0.000000;
24;0.000000;0.000000;0.000000;0.000000;0.000000;0.000000;0.000000;0.000000;0.000000;0.000000;0.000000;0.000000;0.000000;0.000000;0.000000;0.000000;0.000000;0.000000;0.000000;0.000000;0.000000;0.000000;0.000000;0.000000;
24;1;1;1;1;1;1;1;1;1;1;1;1;1;1;1;1;1;1;1;1;1;1;1;1;
24;1;1;1;1;1;1;1;1;1;1;1;1;1;1;1;1;1;1;1;1;1;1;1;1;
24;1;1;1;1;1;1;1;1;1;1;1;1;1;1;1;1;1;1;1;1;1;1;1;1;
24;1.570000;1.570000;1.570000;1.570000;1.570000;1.570000;1.570000;1.570000;1.570000;1.570000;1.570000;1.570000;1.570000;1.570000;1.570000;1.570000;1.570000;1.570000;1.570000;1.570000;1.570000;1.570000;1.570000;1.570000;
24;-1.570000;-1.570000;-1.570000;-1.570000;-1.570000;-1.570000;-1.570000;-1.570000;-1.570000;-1.570000;-1.570000;-1.570000;-1.570000;-1.570000;-1.570000;-1.570000;-1.570000;-1.570000;-1.570000;-1.570000;-1.570000;-1.570000;-1.570000;-1.570000;
24;1.570000;1.570000;1.570000;1.570000;1.570000;1.570000;1.570000;1.570000;1.570000;1.570000;1.570000;1.570000;1.570000;1.570000;1.570000;1.570000;1.570000;1.570000;1.570000;1.570000;1.570000;1.570000;1.570000;1.570000;
24;-1.570000;-1.570000;-1.570000;-1.570000;-1.570000;-1.570000;-1.570000;-1.570000;-1.570000;-1.570000;-1.570000;-1.570000;-1.570000;-1.570000;-1.570000;-1.570000;-1.570000;-1.570000;-1.570000;-1.570000;-1.570000;-1.570000;-1.570000;-1.570000;
24;1.570000;1.570000;1.570000;1.570000;1.570000;1.570000;1.570000;1.570000;1.570000;1.570000;1.570000;1.570000;1.570000;1.570000;1.570000;1.570000;1.570000;1.570000;1.570000;1.570000;1.570000;1.570000;1.570000;1.570000;
24;-1.570000;-1.570000;-1.570000;-1.570000;-1.570000;-1.570000;-1.570000;-1.570000;-1.570000;-1.570000;-1.570000;-1.570000;-1.570000;-1.570000;-1.570000;-1.570000;-1.570000;-1.570000;-1.570000;-1.570000;-1.570000;-1.570000;-1.570000;-1.570000;
}
MESH_FILEPATHNAME="resrc/model/ponko2-4/pk2sailordayo";
FRAME=0;
MESHBONENAMEINDEX{
24;
"atamaBone"=12;
"doBone"=0;
"hidariArmBone"=7;
"hidariArmSitaBone"=8;
"hidariArmTekubiBone"=9;
"hidariFootBone"=22;
"hidariFootSitaBone"=23;
"hidariKosiBone"=19;
"hidariLegBone"=20;
"hidariLegSitaBone"=21;
"hidariSakotuBone"=6;
"kosiBone"=13;
"kubiBone"=10;
"kubiUeBone"=11;
"migiArmBone"=3;
"migiArmSitaBone"=4;
"migiArmTekubiBone"=5;
"migiFootBone"=17;
"migiFootSitaBone"=18;
"migiKosiBone"=14;
"migiLegBone"=15;
"migiLegSitaBone"=16;
"migiSakotuBone"=2;
"muneBone"=1;
}
DEFAULTFRAMEANDMATRIX{
24;6;6;6;6;6;6;6;6;6;6;6;6;6;6;6;6;6;6;6;6;6;6;6;6;
24;
0.455620,-0.164250,0.874890,0.000000,0.164249,0.981467,0.098720,0.000000,-0.874888,0.098720,0.474159,0.000000,0.073510,-0.778320,-0.083070,1.000000;
1.000000,0.000000,0.000000,0.000000,0.000000,0.999457,-0.032950,0.000000,0.000000,0.032950,0.999457,0.000000,0.000000,0.000000,0.000000,1.000000;
1.000000,0.000000,0.000000,0.000000,0.000000,1.000000,0.000000,0.000000,0.000000,0.000000,1.000000,0.000000,0.000000,0.000000,0.000000,1.000000;
0.992721,0.120240,0.006900,0.000000,-0.100770,0.860619,-0.499180,0.000000,-0.065970,0.494858,0.866466,0.000000,0.000000,0.000000,0.000000,1.000000;
0.996386,-0.084540,0.008240,0.000000,0.063570,0.806541,0.587751,0.000000,-0.056330,-0.585101,0.809002,0.000000,0.000000,0.000000,0.000000,1.000000;
1.000000,0.000000,0.000000,0.000000,0.000000,1.000000,0.000000,0.000000,0.000000,0.000000,1.000000,0.000000,0.000000,0.000000,0.000000,1.000000;
1.000000,0.000000,0.000000,0.000000,0.000000,1.000000,0.000000,0.000000,0.000000,0.000000,1.000000,0.000000,0.000000,0.000000,0.000000,1.000000;
0.450701,-0.846772,-0.282571,0.000000,0.892496,0.433798,0.123570,0.000000,0.017950,-0.307882,0.951255,0.000000,0.000000,0.000000,0.000000,1.000000;
1.000000,0.000000,0.000000,0.000000,0.000000,1.000000,0.000000,0.000000,0.000000,0.000000,1.000000,0.000000,0.000000,0.000000,0.000000,1.000000;
1.000000,0.000000,0.000000,0.000000,0.000000,1.000000,0.000000,0.000000,0.000000,0.000000,1.000000,0.000000,0.000000,0.000000,0.000000,1.000000;
1.000000,0.000000,0.000000,0.000000,0.000000,1.000000,0.000000,0.000000,0.000000,0.000000,1.000000,0.000000,0.000000,0.000000,0.000000,1.000000;
1.000000,0.000000,0.000000,0.000000,0.000000,1.000000,0.000000,0.000000,0.000000,0.000000,1.000000,0.000000,0.000000,0.000000,0.000000,1.000000;
1.000000,0.000000,0.000000,0.000000,0.000000,1.000000,0.000000,0.000000,0.000000,0.000000,1.000000,0.000000,0.000000,0.000000,0.000000,1.000000;
1.000000,-0.000670,-0.000690,0.000000,0.000690,0.999449,0.033190,0.000000,0.000670,-0.033200,0.999448,0.000000,0.000000,0.000000,0.000000,1.000000;
1.000000,0.000000,0.000000,0.000000,0.000000,1.000000,0.000000,0.000000,0.000000,0.000000,1.000000,0.000000,0.000000,0.000000,0.000000,1.000000;
0.967490,0.102610,-0.231160,0.000000,-0.250870,0.505370,-0.825630,0.000000,0.032110,0.856781,0.514680,0.000000,0.000000,0.000000,0.000000,1.000000;
0.968443,-0.247851,0.026240,0.000000,0.113320,0.531650,0.839349,0.000000,-0.221989,-0.809887,0.542958,0.000000,0.000000,0.000000,0.000000,1.000000;
0.999896,0.013690,0.004440,0.000000,-0.014200,0.988723,0.149080,0.000000,-0.002350,-0.149129,0.988815,0.000000,0.000000,0.000000,0.000000,1.000000;
1.000000,0.000000,0.000000,0.000000,0.000000,1.000000,0.000000,0.000000,0.000000,0.000000,1.000000,0.000000,0.000000,0.000000,0.000000,1.000000;
1.000000,0.000000,0.000000,0.000000,0.000000,1.000000,0.000000,0.000000,0.000000,0.000000,1.000000,0.000000,0.000000,0.000000,0.000000,1.000000;
0.906267,-0.420289,-0.045130,0.000000,0.387179,0.782509,0.487619,0.000000,-0.169620,-0.459389,0.871889,0.000000,0.000000,0.000000,0.000000,1.000000;
0.953546,0.285429,-0.096330,0.000000,-0.266590,0.948451,0.171380,0.000000,0.140281,-0.137731,0.980485,0.000000,0.000000,0.000000,0.000000,1.000000;
0.999645,-0.026660,-0.000420,0.000000,0.026650,0.998680,0.043920,0.000000,-0.000760,-0.043920,0.999035,0.000000,0.000000,0.000000,0.000000,1.000000;
0.915192,0.369681,0.160500,0.000000,-0.281872,0.871785,-0.400673,0.000000,-0.288041,0.321451,0.902054,0.000000,0.000000,0.000000,0.000000,1.000000;

}
}
KAKERA {
IMPL_ID=1;
ROTTRANSISPARAM{
24;0.000000;0.000000;0.000000;0.000000;0.000000;0.000000;0.000000;0.000000;0.000000;0.000000;0.000000;0.000000;0.000000;0.000000;0.000000;0.000000;0.000000;0.000000;0.000000;0.000000;0.000000;0.000000;0.000000;0.000000;
24;0.000000;0.000000;0.000000;0.000000;0.000000;0.000000;0.000000;0.000000;0.000000;0.000000;0.000000;0.000000;0.000000;0.000000;0.000000;0.000000;0.000000;0.000000;0.000000;0.000000;0.000000;0.000000;0.000000;0.000000;
24;0.000000;0.000000;0.000000;0.000000;0.000000;0.000000;0.000000;0.000000;0.000000;0.000000;0.000000;0.000000;0.000000;0.000000;0.000000;0.000000;0.000000;0.000000;0.000000;0.000000;0.000000;0.000000;0.000000;0.000000;
24;0.000000;0.000000;0.000000;0.000000;0.000000;0.000000;0.000000;0.000000;0.000000;0.000000;0.000000;0.000000;0.000000;0.000000;0.000000;0.000000;0.000000;0.000000;0.000000;0.000000;0.000000;0.000000;0.000000;0.000000;
24;0.000000;0.000000;0.000000;0.000000;0.000000;0.000000;0.000000;0.000000;0.000000;0.000000;0.000000;0.000000;0.000000;0.000000;0.000000;0.000000;0.000000;0.000000;0.000000;0.000000;0.000000;0.000000;0.000000;0.000000;
24;0.000000;0.000000;0.000000;0.000000;0.000000;0.000000;0.000000;0.000000;0.000000;0.000000;0.000000;0.000000;0.000000;0.000000;0.000000;0.000000;0.000000;0.000000;0.000000;0.000000;0.000000;0.000000;0.000000;0.000000;
24;1;1;1;1;1;1;1;1;1;1;1;1;1;1;1;1;1;1;1;1;1;1;1;1;
24;1;1;1;1;1;1;1;1;1;1;1;1;1;1;1;1;1;1;1;1;1;1;1;1;
24;1;1;1;1;1;1;1;1;1;1;1;1;1;1;1;1;1;1;1;1;1;1;1;1;
24;1.570000;1.570000;1.570000;1.570000;1.570000;1.570000;1.570000;1.570000;1.570000;1.570000;1.570000;1.570000;1.570000;1.570000;1.570000;1.570000;1.570000;1.570000;1.570000;1.570000;1.570000;1.570000;1.570000;1.570000;
24;-1.570000;-1.570000;-1.570000;-1.570000;-1.570000;-1.570000;-1.570000;-1.570000;-1.570000;-1.570000;-1.570000;-1.570000;-1.570000;-1.570000;-1.570000;-1.570000;-1.570000;-1.570000;-1.570000;-1.570000;-1.570000;-1.570000;-1.570000;-1.570000;
24;1.570000;1.570000;1.570000;1.570000;1.570000;1.570000;1.570000;1.570000;1.570000;1.570000;1.570000;1.570000;1.570000;1.570000;1.570000;1.570000;1.570000;1.570000;1.570000;1.570000;1.570000;1.570000;1.570000;1.570000;
24;-1.570000;-1.570000;-1.570000;-1.570000;-1.570000;-1.570000;-1.570000;-1.570000;-1.570000;-1.570000;-1.570000;-1.570000;-1.570000;-1.570000;-1.570000;-1.570000;-1.570000;-1.570000;-1.570000;-1.570000;-1.570000;-1.570000;-1.570000;-1.570000;
24;1.570000;1.570000;1.570000;1.570000;1.570000;1.570000;1.570000;1.570000;1.570000;1.570000;1.570000;1.570000;1.570000;1.570000;1.570000;1.570000;1.570000;1.570000;1.570000;1.570000;1.570000;1.570000;1.570000;1.570000;
24;-1.570000;-1.570000;-1.570000;-1.570000;-1.570000;-1.570000;-1.570000;-1.570000;-1.570000;-1.570000;-1.570000;-1.570000;-1.570000;-1.570000;-1.570000;-1.570000;-1.570000;-1.570000;-1.570000;-1.570000;-1.570000;-1.570000;-1.570000;-1.570000;
}
MESH_FILEPATHNAME="resrc/model/ponko2-4/pk2sailordayo";
FRAME=18;
MESHBONENAMEINDEX{
24;
"atamaBone"=12;
"doBone"=0;
"hidariArmBone"=7;
"hidariArmSitaBone"=8;
"hidariArmTekubiBone"=9;
"hidariFootBone"=22;
"hidariFootSitaBone"=23;
"hidariKosiBone"=19;
"hidariLegBone"=20;
"hidariLegSitaBone"=21;
"hidariSakotuBone"=6;
"kosiBone"=13;
"kubiBone"=10;
"kubiUeBone"=11;
"migiArmBone"=3;
"migiArmSitaBone"=4;
"migiArmTekubiBone"=5;
"migiFootBone"=17;
"migiFootSitaBone"=18;
"migiKosiBone"=14;
"migiLegBone"=15;
"migiLegSitaBone"=16;
"migiSakotuBone"=2;
"muneBone"=1;
}
DEFAULTFRAMEANDMATRIX{
24;16;16;16;16;16;16;16;16;16;16;16;16;16;16;16;16;16;16;16;16;16;16;16;16;
24;
0.331901,0.174391,-0.927054,0.000000,-0.174389,0.977167,0.121380,0.000000,0.927052,0.121380,0.354741,0.000000,0.097550,-1.278790,-0.170660,1.000000;
1.000000,0.000000,0.000000,0.000000,0.000000,0.999457,-0.032940,0.000000,0.000000,0.032940,0.999457,0.000000,0.000000,0.000000,0.000000,1.000000;
1.000000,0.000000,0.000000,0.000000,0.000000,1.000000,0.000000,0.000000,0.000000,0.000000,1.000000,0.000000,0.000000,0.000000,0.000000,1.000000;
0.333161,0.897332,0.289481,0.000000,-0.820935,0.427078,-0.379038,0.000000,-0.463749,-0.111370,0.878939,0.000000,0.000000,0.000000,0.000000,1.000000;
0.952935,0.280101,-0.116011,0.000000,-0.277950,0.959968,0.034710,0.000000,0.121090,-0.000830,0.992641,0.000000,0.000000,0.000000,0.000000,1.000000;
1.000000,0.000000,0.000000,0.000000,0.000000,1.000000,0.000000,0.000000,0.000000,0.000000,1.000000,0.000000,0.000000,0.000000,0.000000,1.000000;
1.000000,0.000000,0.000000,0.000000,0.000000,1.000000,0.000000,0.000000,0.000000,0.000000,1.000000,0.000000,0.000000,0.000000,0.000000,1.000000;
0.917121,0.031780,-0.397340,0.000000,-0.372011,0.426231,-0.824582,0.000000,0.143151,0.904055,0.402732,0.000000,0.000000,0.000000,0.000000,1.000000;
0.468591,-0.824412,0.317441,0.000000,0.838448,0.528219,0.134130,0.000000,-0.278260,0.203310,0.938742,0.000000,0.000000,0.000000,0.000000,1.000000;
1.000000,0.000000,0.000000,0.000000,0.000000,1.000000,0.000000,0.000000,0.000000,0.000000,1.000000,0.000000,0.000000,0.000000,0.000000,1.000000;
1.000000,0.000000,0.000000,0.000000,0.000000,1.000000,0.000000,0.000000,0.000000,0.000000,1.000000,0.000000,0.000000,0.000000,0.000000,1.000000;
1.000000,0.000000,0.000000,0.000000,0.000000,1.000000,0.000000,0.000000,0.000000,0.000000,1.000000,0.000000,0.000000,0.000000,0.000000,1.000000;
1.000000,0.000000,0.000000,0.000000,0.000000,1.000000,0.000000,0.000000,0.000000,0.000000,1.000000,0.000000,0.000000,0.000000,0.000000,1.000000;
1.000000,-0.000670,-0.000690,0.000000,0.000690,0.999448,0.033200,0.000000,0.000670,-0.033200,0.999448,0.000000,0.000000,0.000000,0.000000,1.000000;
1.000000,0.000000,0.000000,0.000000,0.000000,1.000000,0.000000,0.000000,0.000000,0.000000,1.000000,0.000000,0.000000,0.000000,0.000000,1.000000;
0.870355,0.477187,0.121549,0.000000,-0.443168,0.651447,0.615807,0.000000,0.214669,-0.589837,0.778466,0.000000,0.000000,0.000000,0.000000,1.000000;
0.937322,-0.342701,0.063120,0.000000,0.333841,0.935052,0.119280,0.000000,-0.099900,-0.090730,0.990852,0.000000,0.000000,0.000000,0.000000,1.000000;
0.999931,0.011380,-0.002900,0.000000,-0.011620,0.994350,-0.105510,0.000000,0.001690,0.105540,0.994414,0.000000,0.000000,0.000000,0.000000,1.000000;
0.972140,-0.192100,-0.134320,0.000000,0.127230,0.913703,-0.385951,0.000000,0.196870,0.358109,0.912688,0.000000,0.000000,0.000000,0.000000,1.000000;
1.000000,0.000000,0.000000,0.000000,0.000000,1.000000,0.000000,0.000000,0.000000,0.000000,1.000000,0.000000,0.000000,0.000000,0.000000,1.000000;
0.971283,-0.021420,0.236961,0.000000,0.225100,0.405380,-0.886001,0.000000,-0.077080,0.913898,0.398559,0.000000,0.000000,0.000000,0.000000,1.000000;
0.951203,0.295451,-0.089000,0.000000,-0.134850,0.657478,0.741308,0.000000,0.277531,-0.693131,0.665241,0.000000,0.000000,0.000000,0.000000,1.000000;
0.999645,-0.026660,-0.000420,0.000000,0.026660,0.998679,0.043930,0.000000,-0.000760,-0.043920,0.999035,0.000000,0.000000,0.000000,0.000000,1.000000;
1.000000,0.000000,0.000000,0.000000,0.000000,1.000000,0.000000,0.000000,0.000000,0.000000,1.000000,0.000000,0.000000,0.000000,0.000000,1.000000;

}
}
}
ANIMES{
NUM=2;
ANIME {
IMPL_ID=1;
ALL_TIME=80.000000;
ANIME_INDEX=0;
ANIME_NAME="testese";
IS_LOOP=0;
FRAME_NUM=2;
FRAME{
FR=79.000000;
KI=1;
KAKERAFRAME=18;
TI=0.000000;
}
FRAME{
FR=0.000000;
KI=0;
KAKERAFRAME=0;
TI=0.000000;
}
}
ANIME {
IMPL_ID=1;
ALL_TIME=50.000000;
ANIME_INDEX=1;
ANIME_NAME="ponko";
IS_LOOP=0;
FRAME_NUM=1;
FRAME{
FR=0.000000;
KI=0;
KAKERAFRAME=0;
TI=0.000000;
}
}
}
}//impl
}//file
