verts{
147;
0,-0.04137,-0.04036,1.63919,-0.16666,-0.18513,0.96847,0.48467,0.35379,;
1,-0.03817,-0.02536,1.63803,0.00681,0.36143,0.93234,0.59266,0.31978,;
2,-0.05265,-0.02954,1.63545,-0.52467,0.19807,0.82791,0.78372,0.22784,;
3,-0.03525,-0.05193,1.63483,0.10068,-0.67342,0.73235,0.48581,0.95435,;
4,-0.02652,-0.03842,1.63707,0.40306,-0.08472,0.91122,0.47426,0.27193,;
5,-0.01717,-0.03049,1.63103,0.67144,0.13831,0.72802,0.51949,0.18549,;
6,-0.04846,-0.05599,1.62825,-0.34608,-0.68853,0.63726,0.20687,0.83275,;
7,-0.02143,-0.05171,1.62826,0.56197,-0.57649,0.59313,0.73894,0.82551,;
8,-0.02518,-0.01736,1.6299,0.42232,0.6245,0.65694,0.63266,0.20381,;
9,-0.04153,-0.01227,1.62824,-0.10367,0.78124,0.6155,0.69967,0.26301,;
10,-0.01229,-0.027,1.62211,0.90872,0.29203,0.2982,0.5396,0.10495,;
11,-0.05751,-0.01986,1.62558,-0.65981,0.50951,0.55229,0.36728,0.37728,;
12,-0.0655,-0.02868,1.61877,-0.91821,0.21149,0.33482,0.73119,0.08132,;
13,-0.03567,-0.06321,1.61878,0.10187,-0.92856,0.35688,0.39434,0.63783,;
14,-0.04025,-0.00642,1.6136,-0.05142,0.99377,0.09867,0.48617,0.58742,;
15,-0.05306,-0.0106,1.61651,-0.5165,0.83297,0.19834,0.58443,0.62615,;
16,-0.06077,-0.042,1.6267,-0.75555,-0.22776,0.61415,0.83962,0.1068,;
17,-0.0106,-0.04178,1.61878,0.91272,-0.22724,0.33952,0.95371,0.64268,;
18,-0.02473,-0.00928,1.61536,0.41157,0.87301,0.26157,0.37141,0.5793,;
19,-0.06399,-0.04854,1.61539,-0.89911,-0.41713,0.13254,0.87263,0.01674,;
20,-0.05452,-0.05827,1.61768,-0.53383,-0.78686,0.30961,0.06601,0.61634,;
21,-0.04253,-0.06454,1.61069,-0.17258,-0.98498,-0.00269,0.23949,0.45647,;
22,-0.02277,-0.05993,1.61419,0.51381,-0.83615,0.1919,0.67697,0.54126,;
23,-0.01147,-0.04871,1.61069,0.87704,-0.47761,0.05161,0.92641,0.48838,;
24,-0.0086,-0.03061,1.61069,0.97617,0.20139,0.08054,1.0,0.51457,;
25,-0.01435,-0.01811,1.61304,0.80184,0.5782,0.1507,0.6125,0.05034,;
26,-0.05886,-0.05621,1.61069,-0.71496,-0.6979,-0.04135,0.7901,0.86909,;
27,-0.03331,-0.06416,1.606,0.13742,-0.98392,-0.11399,0.43541,0.35271,;
28,-0.01718,-0.05596,1.606,0.69005,-0.70669,-0.15607,0.80226,0.37945,;
29,-0.00896,-0.03983,1.606,0.98346,-0.1279,-0.12803,0.9834,0.42053,;
30,-0.01478,-0.01998,1.60211,0.77279,0.51549,-0.37013,0.84787,0.63242,;
31,-0.02459,-0.00915,1.606,0.43394,0.87551,-0.21247,0.94514,0.67169,;
32,-0.05028,-0.01102,1.59992,-0.38121,0.83041,-0.40629,0.58563,0.49584,;
33,-0.06287,-0.01996,1.6072,-0.8439,0.51802,-0.13941,0.07975,0.0,;
34,-0.067,-0.03527,1.60835,-0.99353,-0.008,-0.11304,0.04978,0.10653,;
35,-0.02509,-0.06037,1.60142,0.42613,-0.85354,-0.29975,0.62851,0.2679,;
36,-0.01276,-0.04805,1.60142,0.83914,-0.40846,-0.35914,0.90499,0.31508,;
37,-0.03203,-0.01059,1.59619,0.15967,0.83242,-0.53056,0.99746,0.59289,;
38,-0.0638,-0.046,1.60261,-0.87854,-0.37294,-0.29841,0.0305,0.34393,;
39,-0.05253,-0.05918,1.60261,-0.48418,-0.79467,-0.3661,0.09464,0.29819,;
40,-0.0115,-0.03314,1.59823,0.88131,0.12986,-0.45433,0.95273,0.30672,;
41,-0.06034,-0.03297,1.59253,-0.78445,0.03565,-0.61913,0.17427,0.07602,;
42,-0.03808,-0.05984,1.59524,-0.05527,-0.80636,-0.58882,0.37373,0.13902,;
43,-0.02211,-0.05365,1.59415,0.51082,-0.59548,-0.62001,0.71842,0.15065,;
44,-0.01685,-0.04233,1.59125,0.77154,-0.27525,-0.57353,0.76131,0.46026,;
45,-0.0555,-0.02216,1.59149,-0.579,0.48683,-0.65398,0.6515,0.43663,;
46,-0.03337,-0.0449,1.58358,0.13764,-0.41408,-0.89975,0.56047,0.0,;
47,-0.02364,-0.03619,1.58493,0.53688,0.01508,-0.8435,0.75686,0.07306,;
48,-0.02651,-0.02232,1.58723,0.42732,0.45628,-0.78048,0.92855,0.51047,;
49,-0.0498,-0.04655,1.58696,-0.43315,-0.4218,-0.7965,0.26721,0.05228,;
50,-0.0383,-0.02461,1.58373,-0.00171,0.47499,-0.87997,0.53596,0.35379,;
51,-0.04668,-0.02925,1.58303,-0.34925,0.21125,-0.91287,0.30085,0.05853,;
52,-0.03732,-0.03492,1.58107,0.02521,-0.00473,-0.99966,0.92612,0.3796,;
53,-0.04137,-0.04036,1.63919,-0.16666,-0.18513,0.96847,0.4532,1.0,;
54,-0.02652,-0.03842,1.63707,0.40306,-0.08472,0.91122,0.70327,0.95765,;
55,-0.03817,-0.02536,1.63803,0.00681,0.36143,0.93234,0.36735,0.56034,;
56,-0.04153,-0.01227,1.62824,-0.10367,0.78124,0.6155,0.30117,0.47802,;
57,-0.04137,-0.04036,1.63919,-0.16666,-0.18513,0.96847,0.89866,0.27567,;
58,-0.03817,-0.02536,1.63803,0.00681,0.36143,0.93234,0.80741,0.33006,;
59,-0.04137,-0.04036,1.63919,-0.16666,-0.18513,0.96847,0.89866,0.27567,;
60,-0.05751,-0.01986,1.62558,-0.65981,0.50951,0.55229,0.69967,0.18206,;
61,-0.04137,-0.04036,1.63919,-0.16666,-0.18513,0.96847,0.4532,1.0,;
62,-0.06077,-0.042,1.6267,-0.75555,-0.22776,0.61415,0.1212,0.78328,;
63,-0.04137,-0.04036,1.63919,-0.16666,-0.18513,0.96847,0.4532,1.0,;
64,-0.02652,-0.03842,1.63707,0.40306,-0.08472,0.91122,0.70327,0.95765,;
65,-0.05751,-0.01986,1.62558,-0.65981,0.50951,0.55229,0.74724,0.86201,;
66,-0.05265,-0.02954,1.63545,-0.52467,0.19807,0.82791,0.70031,0.80247,;
67,-0.03817,-0.02536,1.63803,0.00681,0.36143,0.93234,0.74696,0.69418,;
68,-0.01717,-0.03049,1.63103,0.67144,0.13831,0.72802,0.87163,0.84123,;
69,-0.02652,-0.03842,1.63707,0.40306,-0.08472,0.91122,0.70327,0.95765,;
70,-0.02518,-0.01736,1.6299,0.42232,0.6245,0.65694,0.36735,0.68932,;
71,-0.04153,-0.01227,1.62824,-0.10367,0.78124,0.6155,0.48499,0.69967,;
72,-0.01717,-0.03049,1.63103,0.67144,0.13831,0.72802,0.87163,0.84123,;
73,-0.0106,-0.04178,1.61878,0.91272,-0.22724,0.33952,0.42601,0.08873,;
74,-0.0106,-0.04178,1.61878,0.91272,-0.22724,0.33952,0.42601,0.08873,;
75,-0.02473,-0.00928,1.61536,0.41157,0.87301,0.26157,0.69642,0.10436,;
76,-0.04153,-0.01227,1.62824,-0.10367,0.78124,0.6155,0.48499,0.69967,;
77,-0.02518,-0.01736,1.6299,0.42232,0.6245,0.65694,0.36735,0.68932,;
78,-0.05751,-0.01986,1.62558,-0.65981,0.50951,0.55229,0.69967,0.18206,;
79,-0.05751,-0.01986,1.62558,-0.65981,0.50951,0.55229,0.61907,0.69967,;
80,-0.04153,-0.01227,1.62824,-0.10367,0.78124,0.6155,0.48499,0.69967,;
81,-0.0655,-0.02868,1.61877,-0.91821,0.21149,0.33482,0.0,0.07811,;
82,-0.06077,-0.042,1.6267,-0.75555,-0.22776,0.61415,0.1212,0.78328,;
83,-0.06399,-0.04854,1.61539,-0.89911,-0.41713,0.13254,0.74724,0.80319,;
84,-0.067,-0.03527,1.60835,-0.99353,-0.008,-0.11304,0.79015,0.69418,;
85,-0.05886,-0.05621,1.61069,-0.71496,-0.6979,-0.04135,0.0063,0.4746,;
86,-0.0086,-0.03061,1.61069,0.97617,0.20139,0.08054,0.73783,0.63927,;
87,-0.00896,-0.03983,1.606,0.98346,-0.1279,-0.12803,0.70031,0.56896,;
88,-0.02473,-0.00928,1.61536,0.41157,0.87301,0.26157,0.69642,0.10436,;
89,-0.01435,-0.01811,1.61304,0.80184,0.5782,0.1507,0.8287,0.69418,;
90,-0.06287,-0.01996,1.6072,-0.8439,0.51802,-0.13941,0.68331,0.56679,;
91,-0.05751,-0.01986,1.62558,-0.65981,0.50951,0.55229,0.61907,0.69967,;
92,-0.06287,-0.01996,1.6072,-0.8439,0.51802,-0.13941,0.68331,0.56679,;
93,-0.0655,-0.02868,1.61877,-0.91821,0.21149,0.33482,0.70031,0.65696,;
94,-0.05751,-0.01986,1.62558,-0.65981,0.50951,0.55229,0.61907,0.69967,;
95,-0.06287,-0.01996,1.6072,-0.8439,0.51802,-0.13941,0.68331,0.56679,;
96,-0.06399,-0.04854,1.61539,-0.89911,-0.41713,0.13254,0.0,0.57738,;
97,-0.06077,-0.042,1.6267,-0.75555,-0.22776,0.61415,0.1212,0.78328,;
98,-0.05886,-0.05621,1.61069,-0.71496,-0.6979,-0.04135,0.0063,0.4746,;
99,-0.0086,-0.03061,1.61069,0.97617,0.20139,0.08054,0.50886,0.02006,;
100,-0.0106,-0.04178,1.61878,0.91272,-0.22724,0.33952,0.42601,0.08873,;
101,-0.067,-0.03527,1.60835,-0.99353,-0.008,-0.11304,0.77077,0.00461,;
102,-0.0638,-0.046,1.60261,-0.87854,-0.37294,-0.29841,0.09796,0.18175,;
103,-0.05886,-0.05621,1.61069,-0.71496,-0.6979,-0.04135,0.0063,0.4746,;
104,-0.06399,-0.04854,1.61539,-0.89911,-0.41713,0.13254,0.0,0.57738,;
105,-0.01435,-0.01811,1.61304,0.80184,0.5782,0.1507,0.8287,0.69418,;
106,-0.0086,-0.03061,1.61069,0.97617,0.20139,0.08054,0.73783,0.63927,;
107,-0.02459,-0.00915,1.606,0.43394,0.87551,-0.21247,0.69952,0.04523,;
108,-0.02473,-0.00928,1.61536,0.41157,0.87301,0.26157,0.69642,0.10436,;
109,-0.02459,-0.00915,1.606,0.43394,0.87551,-0.21247,0.3824,0.50775,;
110,-0.0638,-0.046,1.60261,-0.87854,-0.37294,-0.29841,0.79015,0.78107,;
111,-0.05886,-0.05621,1.61069,-0.71496,-0.6979,-0.04135,0.82874,0.69418,;
112,-0.067,-0.03527,1.60835,-0.99353,-0.008,-0.11304,0.82857,0.86712,;
113,-0.05886,-0.05621,1.61069,-0.71496,-0.6979,-0.04135,0.0063,0.4746,;
114,-0.0115,-0.03314,1.59823,0.88131,0.12986,-0.45433,0.663,0.80071,;
115,-0.01478,-0.01998,1.60211,0.77279,0.51549,-0.37013,0.70023,0.69967,;
116,-0.00896,-0.03983,1.606,0.98346,-0.1279,-0.12803,0.70031,0.86108,;
117,-0.03203,-0.01059,1.59619,0.15967,0.83242,-0.53056,0.45294,0.44279,;
118,-0.02459,-0.00915,1.606,0.43394,0.87551,-0.21247,0.3824,0.50775,;
119,-0.06287,-0.01996,1.6072,-0.8439,0.51802,-0.13941,0.68331,0.56679,;
120,-0.03203,-0.01059,1.59619,0.15967,0.83242,-0.53056,0.45294,0.44279,;
121,-0.0115,-0.03314,1.59823,0.88131,0.12986,-0.45433,0.76908,0.55841,;
122,-0.0555,-0.02216,1.59149,-0.579,0.48683,-0.65398,0.20701,0.004,;
123,-0.0498,-0.04655,1.58696,-0.43315,-0.4218,-0.7965,0.26047,0.18606,;
124,-0.0638,-0.046,1.60261,-0.87854,-0.37294,-0.29841,0.09796,0.18175,;
125,-0.01685,-0.04233,1.59125,0.77154,-0.27525,-0.57353,0.84886,0.1524,;
126,-0.03203,-0.01059,1.59619,0.15967,0.83242,-0.53056,0.45294,0.44279,;
127,-0.0115,-0.03314,1.59823,0.88131,0.12986,-0.45433,0.76908,0.55841,;
128,-0.0383,-0.02461,1.58373,-0.00171,0.47499,-0.87997,0.98123,0.44134,;
129,-0.0498,-0.04655,1.58696,-0.43315,-0.4218,-0.7965,0.26047,0.18606,;
130,-0.01685,-0.04233,1.59125,0.77154,-0.27525,-0.57353,0.84886,0.1524,;
131,-0.02364,-0.03619,1.58493,0.53688,0.01508,-0.8435,0.84383,0.4387,;
132,-0.02364,-0.03619,1.58493,0.53688,0.01508,-0.8435,0.84383,0.4387,;
133,-0.0383,-0.02461,1.58373,-0.00171,0.47499,-0.87997,0.98123,0.44134,;
134,-0.04668,-0.02925,1.58303,-0.34925,0.21125,-0.91287,0.6063,0.35895,;
135,-0.0555,-0.02216,1.59149,-0.579,0.48683,-0.65398,0.20701,0.004,;
136,-0.04668,-0.02925,1.58303,-0.34925,0.21125,-0.91287,0.99746,0.385,;
137,-0.0383,-0.02461,1.58373,-0.00171,0.47499,-0.87997,0.98123,0.44134,;
138,-0.03732,-0.03492,1.58107,0.02521,-0.00473,-0.99966,0.36129,0.11428,;
139,-0.03337,-0.0449,1.58358,0.13764,-0.41408,-0.89975,0.36734,0.19896,;
140,-0.0498,-0.04655,1.58696,-0.43315,-0.4218,-0.7965,0.26047,0.18606,;
141,-0.03337,-0.0449,1.58358,0.13764,-0.41408,-0.89975,0.84563,0.35379,;
142,-0.02364,-0.03619,1.58493,0.53688,0.01508,-0.8435,0.84383,0.4387,;
143,-0.0383,-0.02461,1.58373,-0.00171,0.47499,-0.87997,0.98123,0.44134,;
144,-0.02364,-0.03619,1.58493,0.53688,0.01508,-0.8435,0.84383,0.4387,;
145,-0.03732,-0.03492,1.58107,0.02521,-0.00473,-0.99966,0.36129,0.11428,;
146,-0.0498,-0.04655,1.58696,-0.43315,-0.4218,-0.7965,0.26047,0.18606,;
}
polygons{
102;
0,0.13541,0.04749,0.98965,0,1,0,4,;
1,0.17066,-0.26689,0.9485,0,53,3,54,;
2,0.1115,0.61354,0.78175,0,1,8,9,;
3,-0.36628,0.49547,0.78762,0,55,56,11,;
4,-0.20781,0.11908,0.9709,0,2,57,58,;
5,0.14986,-0.94737,0.28289,0,3,6,7,;
6,0.33873,0.28365,0.89711,0,5,8,4,;
7,0.38226,0.27573,0.88196,0,8,1,4,;
8,0.68603,0.46661,0.55824,0,5,10,8,;
9,-0.50979,-0.24677,0.82415,0,16,59,2,;
10,-0.82161,0.14857,0.55035,0,2,60,16,;
11,-0.48847,-0.34061,0.80336,0,6,61,62,;
12,-0.27705,-0.46339,0.84173,0,3,63,6,;
13,0.39991,-0.39482,0.82715,0,7,64,3,;
14,-0.30543,0.60006,0.73935,0,65,66,67,;
15,0.7679,-0.5824,0.26672,0,7,22,17,;
16,0.65624,-0.22562,0.72003,0,68,69,7,;
17,0.10496,0.86803,0.4853,0,70,18,14,;
18,-0.21949,0.9125,0.3452,0,71,14,15,;
19,-0.25664,-0.9038,0.34245,0,6,20,13,;
20,0.11242,-0.71131,0.69383,0,13,7,6,;
21,0.75235,-0.23143,0.61678,0,17,72,7,;
22,0.8783,-0.00764,0.47806,0,10,5,73,;
23,0.9866,0.1337,-0.09347,0,10,74,25,;
24,0.68907,0.62416,0.36826,0,10,75,8,;
25,0.23997,0.89416,0.378,0,14,76,77,;
26,-0.72794,0.1409,0.67101,0,16,78,12,;
27,-0.93169,-0.12889,0.33963,0,16,12,19,;
28,0.36588,-0.81845,0.44303,0,22,7,13,;
29,0.23378,-0.97154,-0.03822,0,13,21,22,;
30,0.9873,-0.15641,0.02781,0,17,23,24,;
31,-0.43403,0.72845,0.53008,0,15,79,80,;
32,-0.96571,0.25845,-0.02461,0,81,33,34,;
33,-0.67558,-0.53853,0.50357,0,20,6,82,;
34,-0.86531,-0.37386,-0.33386,0,83,84,26,;
35,-0.45442,-0.89057,0.01977,0,20,85,21,;
36,0.45019,-0.88462,-0.12157,0,22,27,28,;
37,0.83207,-0.424,-0.35761,0,23,28,29,;
38,0.89027,0.17858,-0.41897,0,86,87,30,;
39,0.63173,0.62058,0.46453,0,88,10,25,;
40,0.70626,0.69274,-0.146,0,89,30,31,;
41,-0.77528,0.59108,0.22262,0,15,90,91,;
42,-0.80347,0.54867,0.23109,0,92,93,94,;
43,-0.62105,0.77394,-0.12372,0,95,15,32,;
44,-0.67548,-0.53855,0.50367,0,96,20,97,;
45,-0.71568,-0.61232,-0.33596,0,98,38,39,;
46,-0.16459,-0.90323,-0.39634,0,21,39,27,;
47,0.16934,-0.88622,-0.43121,0,27,42,35,;
48,0.70172,-0.57643,0.41872,0,23,17,22,;
49,0.62195,-0.62263,-0.47488,0,28,35,36,;
50,0.79097,0.2596,0.55405,0,99,25,100,;
51,0.8853,-0.16756,-0.43378,0,29,36,40,;
52,0.53964,0.6716,-0.50768,0,31,30,37,;
53,-0.32522,0.9424,-0.07819,0,32,15,14,;
54,-0.97172,-0.10974,0.20909,0,101,19,12,;
55,-0.91647,-0.06198,-0.39527,0,34,41,102,;
56,-0.72201,-0.64135,0.25955,0,103,20,104,;
57,-0.25571,-0.89533,0.3647,0,21,13,20,;
58,0.17445,-0.94808,0.26592,0,27,22,21,;
59,0.72005,-0.67413,0.16457,0,28,23,22,;
60,0.25395,-0.75984,-0.59846,0,35,42,43,;
61,0.96228,-0.15244,0.22532,0,29,24,23,;
62,0.67483,-0.20837,-0.70794,0,36,43,40,;
63,0.89524,0.43211,-0.10875,0,30,105,106,;
64,0.6504,0.75934,0.01988,0,107,108,25,;
65,0.1793,0.98366,0.01636,0,14,18,109,;
66,-0.91014,0.21902,-0.35167,0,33,41,34,;
67,-0.92894,-0.34655,0.1303,0,110,111,112,;
68,-0.45431,-0.89036,-0.02926,0,39,21,113,;
69,0.45231,-0.88874,0.07455,0,35,28,27,;
70,0.88846,-0.45273,0.07535,0,36,29,28,;
71,0.96056,0.26437,-0.08627,0,114,115,116,;
72,0.07344,0.9772,-0.19919,0,117,14,118,;
73,-0.67315,0.6203,-0.40261,0,45,119,32,;
74,-0.19186,-0.93714,-0.29149,0,42,27,39,;
75,-0.35066,-0.6979,-0.62448,0,39,49,42,;
76,0.664,-0.66468,-0.34249,0,43,36,35,;
77,-0.07688,0.96083,-0.26627,0,32,14,120,;
78,0.65974,0.17138,-0.73169,0,121,44,48,;
79,-0.23176,0.65375,-0.72035,0,32,50,45,;
80,-0.83552,0.3313,-0.43834,0,41,33,122,;
81,-0.71656,-0.29744,-0.63093,0,41,123,124,;
82,-0.63493,-0.54323,-0.54933,0,49,39,38,;
83,0.8917,-0.44107,-0.10166,0,125,40,43,;
84,0.45554,-0.38433,-0.80298,0,43,46,47,;
85,-0.15959,0.69471,-0.70136,0,50,32,126,;
86,0.7056,0.35615,-0.61261,0,48,30,127,;
87,0.53848,0.6566,-0.52813,0,37,30,48,;
88,0.10435,0.63415,-0.76613,0,48,128,37,;
89,-0.55255,-0.08895,-0.82872,0,41,51,129,;
90,-0.10557,-0.59106,-0.79969,0,46,42,49,;
91,0.19812,-0.64118,-0.74137,0,46,43,42,;
92,0.40508,-0.3991,-0.82258,0,47,130,43,;
93,0.77253,0.25614,-0.58102,0,131,48,44,;
94,0.24112,0.20733,-0.94809,0,132,133,48,;
95,-0.26157,0.58773,-0.76561,0,134,45,50,;
96,-0.5952,0.19072,-0.78061,0,51,41,135,;
97,-0.05444,0.24449,-0.96812,0,136,137,52,;
98,-0.1636,-0.30032,-0.9397,0,138,139,140,;
99,0.25673,-0.13849,-0.95651,0,141,52,142,;
100,0.28435,0.26481,-0.92143,0,52,143,144,;
101,-0.29432,-0.16122,-0.94201,0,145,146,51,;
}
materials{
2;
0,1.0,1.0,1.0,resrc/ponko/ponkoeye.png,;
1,0.8,0.8,0.8,resrc/ponko/ponkoeye.png,;
}
boneinfo{
25;
0,doBone,;
matrix;1.0,-0.0,0.0,0.0,0.0,0.02632,-0.99965,0.0,-0.0,0.99965,0.02632,0.0,0.0,0.0,0.0,1.0,;
matrix_local;1.0,-0.0,0.0,0.0,0.0,0.02632,-0.99965,-0.03665,-0.0,0.99965,0.02632,1.06769,0.0,0.0,0.0,1.0,;
1,dousitaBone,;
matrix;-1.0,0.0,0.0,0.0,-0.0,-0.99136,-0.13118,0.0,0.0,-0.13118,0.99136,0.0,0.0,0.0,0.0,1.0,;
matrix_local;-1.0,-0.0,0.0,-0.0,-0.0,0.10504,-0.99447,-0.0316,-0.0,-0.99447,-0.10504,1.25948,0.0,0.0,0.0,1.0,;
2,migikosiBone,;
matrix;-0.46778,0.72954,-0.49896,0.0,0.41957,0.68016,0.60112,0.0,0.77791,0.07184,-0.62425,0.0,0.0,0.0,0.0,1.0,;
matrix_local;0.46778,-0.72954,0.49896,-0.0,-0.72954,0.0,0.68394,0.0,-0.49896,-0.68394,-0.53222,0.96032,0.0,0.0,0.0,1.0,;
3,migimomoBone,;
matrix;0.59433,0.47395,-0.64973,0.0,-0.64972,0.75909,-0.04059,0.0,0.47397,0.44626,0.75908,0.0,0.0,0.0,0.0,1.0,;
matrix_local;0.98849,-0.10942,0.10443,-0.09768,-0.10942,-0.04055,0.99317,0.0,-0.10443,-0.99317,-0.05205,0.86874,0.0,0.0,0.0,1.0,;
4,migisuneBone,;
matrix;0.99976,0.01036,-0.01945,0.0,-0.01188,0.99675,-0.07972,0.0,0.01856,0.07993,0.99663,0.0,0.0,0.0,0.0,1.0,;
matrix_local;0.99149,-0.09047,0.09358,-0.13737,-0.09047,0.03783,0.99518,-0.01471,-0.09358,-0.99518,0.02933,0.50852,0.0,0.0,0.0,1.0,;
5,migiasiBone,;
matrix;0.99149,0.09358,-0.09047,0.0,-0.09047,0.99518,0.03784,0.0,0.09358,-0.02933,0.99518,0.0,0.0,0.0,0.0,1.0,;
matrix_local;1.0,-0.0,-0.0,-0.17254,0.0,-0.0,1.0,-0.0,0.0,-1.0,-0.0,0.12169,0.0,0.0,0.0,1.0,;
6,migifootBone,;
matrix;-0.96156,-0.17742,0.20958,0.0,-0.21574,0.01598,-0.97632,0.0,0.16987,-0.984,-0.05364,0.0,0.0,0.0,0.0,1.0,;
matrix_local;-0.96156,-0.17742,0.20958,-0.17254,0.16987,-0.98401,-0.05364,-0.0,0.21574,-0.01598,0.97632,0.0074,0.0,0.0,0.0,1.0,;
7,hidarikosiBone,;
matrix;-0.53614,-0.65201,0.53614,0.0,-0.38421,0.75402,0.53276,0.0,-0.75162,0.07964,-0.65477,0.0,0.0,0.0,0.0,1.0,;
matrix_local;0.53614,0.65201,-0.53614,-0.0,0.70711,0.0,0.70711,0.0,0.46104,-0.75821,-0.46104,0.96032,0.0,0.0,0.0,1.0,;
8,Bone.009,;
matrix;-0.55527,0.68572,0.4706,0.0,-0.43369,0.24409,-0.86737,0.0,-0.70964,-0.68572,0.16185,0.0,0.0,0.0,0.0,1.0,;
matrix_local;-0.2,0.89443,-0.4,0.0937,-0.89443,-0.0,0.44721,0.0,0.4,0.44721,0.8,0.85135,0.0,0.0,0.0,1.0,;
9,hidarimomoBone,;
matrix;-0.69116,-0.41298,-0.59308,0.0,-0.5352,0.84395,0.03603,0.0,0.48565,0.34232,-0.80433,0.0,0.0,0.0,0.0,1.0,;
matrix_local;-0.97989,0.14531,0.13675,0.0937,-0.14531,-0.04996,-0.98812,0.0,-0.13675,-0.98812,0.07007,0.85135,0.0,0.0,0.0,1.0,;
10,hidarisuneBone,;
matrix;-0.99698,0.04594,-0.06263,0.0,0.05206,0.99364,-0.09985,0.0,0.05764,-0.10281,-0.99303,0.0,0.0,0.0,0.0,1.0,;
matrix_local;0.99238,0.08531,-0.08894,0.14457,0.08531,0.04527,0.99533,-0.01749,0.08894,-0.99532,0.03765,0.50539,0.0,0.0,0.0,1.0,;
11,hidariasiBone,;
matrix;0.99596,-0.06529,0.06162,0.0,0.06266,0.99707,0.04379,0.0,-0.0643,-0.03975,0.99714,0.0,0.0,0.0,0.0,1.0,;
matrix_local;0.99943,0.0238,-0.0238,0.17754,0.0238,0.0,0.99972,0.0,0.0238,-0.99972,-0.00057,0.12077,0.0,0.0,0.0,1.0,;
12,hidarifootBone,;
matrix;0.88624,0.29641,0.35597,0.0,-0.31221,-0.18546,0.93173,0.0,0.3422,-0.93688,-0.07182,0.0,0.0,0.0,0.0,1.0,;
matrix_local;0.87017,0.31412,0.37965,0.18009,0.36319,-0.92956,-0.06333,0.0,0.33302,0.193,-0.92296,0.01393,0.0,0.0,0.0,1.0,;
13,douueBone,;
matrix;0.99993,0.00733,0.00887,0.0,-0.00867,0.98662,0.16278,0.0,-0.00756,-0.16284,0.98662,0.0,0.0,0.0,0.0,1.0,;
matrix_local;0.99993,0.00733,0.00887,-0.0,0.00733,0.18876,-0.982,-0.0316,-0.00887,0.982,0.18869,1.25948,0.0,0.0,0.0,1.0,;
14,kubisitaBone,;
matrix;0.99438,0.0742,0.07551,0.0,-0.05832,0.97921,-0.19427,0.0,-0.08836,0.18878,0.97804,0.0,0.0,0.0,0.0,1.0,;
matrix_local;0.9931,0.08305,0.08276,0.00123,0.08305,-0.0,-0.99655,0.0,-0.08276,0.99655,-0.0069,1.42386,0.0,0.0,0.0,1.0,;
15,kubiBone,;
matrix;0.9879,-0.10956,-0.10978,0.0,0.1099,0.99394,-0.00297,0.0,0.10944,-0.00913,0.99395,0.0,0.0,0.0,0.0,1.0,;
matrix_local;0.99927,-0.02702,-0.02701,0.00613,-0.02702,-0.0,-0.99963,0.0,0.02701,0.99963,-0.00073,1.48274,0.0,0.0,0.0,1.0,;
16,atamaBone,;
matrix;-0.99963,0.01926,-0.01927,0.0,0.01927,0.99981,-0.00015,0.0,0.01926,-0.00052,-0.99981,0.0,0.0,0.0,0.0,1.0,;
matrix_local;-0.99994,-0.00775,0.00775,0.00437,0.00775,-0.0,0.99997,0.0,-0.00775,0.99997,6e-05,1.5481,0.0,0.0,0.0,1.0,;
17,migisakotuBone,;
matrix;-0.10359,-0.98468,0.14024,0.0,-0.31526,-0.10123,-0.94359,0.0,0.94334,-0.14196,-0.29994,0.0,0.0,0.0,0.0,1.0,;
matrix_local;-0.09752,-0.98662,0.13066,0.00123,-0.98662,0.11308,0.11746,0.0,-0.13066,-0.11745,-0.98445,1.42386,0.0,0.0,0.0,1.0,;
18,migiarmBone,;
matrix;0.99386,0.06413,-0.09022,0.0,-0.07039,0.9952,-0.06797,0.0,0.08542,0.0739,0.9936,0.0,0.0,0.0,0.0,1.0,;
matrix_local;-0.01631,-0.97848,0.20568,-0.10561,-0.97848,0.05794,0.19803,0.01224,-0.20568,-0.19803,-0.95837,1.41114,0.0,0.0,0.0,1.0,;
19,migiarm2Bone,;
matrix;-0.99043,0.08523,-0.10859,0.0,0.09748,0.9888,-0.11306,0.0,0.09773,-0.12256,-0.98764,0.0,0.0,0.0,0.0,1.0,;
matrix_local;-0.05912,-0.99412,-0.09074,-0.31929,0.99412,-0.05037,-0.09588,0.0249,0.09074,-0.09588,0.99125,1.36789,0.0,0.0,0.0,1.0,;
20,migihandJointBone,;
matrix;0.05912,0.07477,0.99545,0.0,0.99412,-0.09506,-0.0519,0.0,0.09074,0.99266,-0.07995,0.0,0.0,0.0,0.0,1.0,;
matrix_local;-1.0,0.0,0.0,-0.56095,0.0,-0.01606,0.99987,0.01265,0.0,0.99987,0.01606,1.34459,0.0,0.0,0.0,1.0,;
21,hidarisakotuBone,;
matrix;0.12828,0.97997,0.1523,0.0,-0.34264,-0.10032,0.93409,0.0,0.93066,-0.17202,0.32291,0.0,0.0,0.0,0.0,1.0,;
matrix_local;0.13402,0.97765,0.162,0.00123,-0.97765,0.15716,-0.13966,0.0,-0.162,-0.13966,0.97686,1.42386,0.0,0.0,0.0,1.0,;
22,hidariarmBone,;
matrix;0.98831,0.14686,0.04083,0.0,-0.14739,0.98902,0.01038,0.0,-0.03886,-0.01628,0.99911,0.0,0.0,0.0,0.0,1.0,;
matrix_local;-0.01794,0.98396,0.17748,0.10806,-0.98396,0.01413,-0.17782,0.01717,-0.17748,-0.17782,0.96793,1.4086,0.0,0.0,0.0,1.0,;
23,hidariarm2Bone,;
matrix;0.99764,-0.00267,-0.06863,0.0,-0.00251,0.99716,-0.07521,0.0,0.06864,0.0752,0.9948,0.0,0.0,0.0,0.0,1.0,;
matrix_local;-0.00818,0.99457,0.10379,0.31919,-0.99388,0.00335,-0.11043,0.02021,-0.11018,-0.10405,0.98845,1.37044,0.0,0.0,0.0,1.0,;
24,hidarihandJointBone,;
matrix;-0.00015,-0.11048,0.99388,0.0,0.99351,-0.11309,-0.01242,0.0,0.11377,0.98742,0.10978,0.0,0.0,0.0,0.0,1.0,;
matrix_local;0.99992,-0.00909,-0.00909,0.56232,-0.00909,0.00038,-0.99996,0.02103,0.00909,0.99996,0.0003,1.345,0.0,0.0,0.0,1.0,;
}
bone_layer{
doBone;
2;
  bone_layer{
  dousitaBone;
  2;
    bone_layer{
    migikosiBone;
    1;
      bone_layer{
      migimomoBone;
      1;
        bone_layer{
        migisuneBone;
        1;
          bone_layer{
          migiasiBone;
          1;
            bone_layer{
            migifootBone;
            0;
            }
          }
        }
      }
    }
    bone_layer{
    hidarikosiBone;
    2;
      bone_layer{
      Bone.009;
      0;
      }
      bone_layer{
      hidarimomoBone;
      1;
        bone_layer{
        hidarisuneBone;
        1;
          bone_layer{
          hidariasiBone;
          1;
            bone_layer{
            hidarifootBone;
            0;
            }
          }
        }
      }
    }
  }
  bone_layer{
  douueBone;
  3;
    bone_layer{
    kubisitaBone;
    1;
      bone_layer{
      kubiBone;
      1;
        bone_layer{
        atamaBone;
        0;
        }
      }
    }
    bone_layer{
    migisakotuBone;
    1;
      bone_layer{
      migiarmBone;
      1;
        bone_layer{
        migiarm2Bone;
        1;
          bone_layer{
          migihandJointBone;
          0;
          }
        }
      }
    }
    bone_layer{
    hidarisakotuBone;
    1;
      bone_layer{
      hidariarmBone;
      1;
        bone_layer{
        hidariarm2Bone;
        1;
          bone_layer{
          hidarihandJointBone;
          0;
          }
        }
      }
    }
  }
}
boneweights{
147;
0,2,16,0.9738,15,0.00024,;
1,2,16,0.97021,15,0.00719,;
2,2,16,0.9739,15,3e-05,;
3,1,16,0.97462,;
4,2,16,0.96913,15,0.00926,;
5,2,16,0.96235,15,0.0224,;
6,1,16,0.97738,;
7,2,16,0.97275,15,0.00216,;
8,2,16,0.96152,15,0.02406,;
9,2,16,0.96928,15,0.00897,;
10,2,16,0.95405,15,0.03857,;
11,1,16,0.97445,;
12,1,16,0.97654,;
13,1,16,0.97675,;
14,2,16,0.96686,15,0.01352,;
15,2,16,0.97252,15,0.00262,;
16,1,16,0.97719,;
17,2,16,0.96703,15,0.01305,;
18,2,16,0.95289,15,0.0408,;
19,1,16,0.97776,;
20,1,16,0.97832,;
21,1,16,0.97746,;
22,1,16,0.97455,;
23,2,16,0.97069,15,0.00588,;
24,2,16,0.96286,15,0.02054,;
25,2,16,0.95244,15,0.04102,;
26,1,16,0.97861,;
27,1,16,0.97663,;
28,2,16,0.97366,15,0.00015,;
29,2,16,0.9682,15,0.01043,;
30,2,16,0.96069,15,0.02269,;
31,2,16,0.96008,15,0.02607,;
32,2,16,0.97272,15,0.00205,;
33,1,16,0.97494,;
34,1,16,0.97688,;
35,1,16,0.9753,;
36,2,16,0.97171,15,0.00371,;
37,2,16,0.96734,15,0.01206,;
38,1,16,0.97811,;
39,1,16,0.97842,;
40,2,16,0.96771,15,0.01071,;
41,1,16,0.97639,;
42,1,16,0.97666,;
43,1,16,0.97474,;
44,2,16,0.97188,15,0.00314,;
45,1,16,0.97535,;
46,1,16,0.97561,;
47,2,16,0.97259,15,0.00181,;
48,2,16,0.96973,15,0.00708,;
49,1,16,0.97747,;
50,2,16,0.97315,15,0.00089,;
51,1,16,0.9753,;
52,1,16,0.97489,;
53,2,16,0.9738,15,0.00024,;
54,2,16,0.96913,15,0.00926,;
55,2,16,0.97021,15,0.00719,;
56,2,16,0.96928,15,0.00897,;
57,2,16,0.9738,15,0.00024,;
58,2,16,0.97021,15,0.00719,;
59,2,16,0.9738,15,0.00024,;
60,1,16,0.97445,;
61,2,16,0.9738,15,0.00024,;
62,1,16,0.97719,;
63,2,16,0.9738,15,0.00024,;
64,2,16,0.96913,15,0.00926,;
65,1,16,0.97445,;
66,2,16,0.9739,15,3e-05,;
67,2,16,0.97021,15,0.00719,;
68,2,16,0.96235,15,0.0224,;
69,2,16,0.96913,15,0.00926,;
70,2,16,0.96152,15,0.02406,;
71,2,16,0.96928,15,0.00897,;
72,2,16,0.96235,15,0.0224,;
73,2,16,0.96703,15,0.01305,;
74,2,16,0.96703,15,0.01305,;
75,2,16,0.95289,15,0.0408,;
76,2,16,0.96928,15,0.00897,;
77,2,16,0.96152,15,0.02406,;
78,1,16,0.97445,;
79,1,16,0.97445,;
80,2,16,0.96928,15,0.00897,;
81,1,16,0.97654,;
82,1,16,0.97719,;
83,1,16,0.97776,;
84,1,16,0.97688,;
85,1,16,0.97861,;
86,2,16,0.96286,15,0.02054,;
87,2,16,0.9682,15,0.01043,;
88,2,16,0.95289,15,0.0408,;
89,2,16,0.95244,15,0.04102,;
90,1,16,0.97494,;
91,1,16,0.97445,;
92,1,16,0.97494,;
93,1,16,0.97654,;
94,1,16,0.97445,;
95,1,16,0.97494,;
96,1,16,0.97776,;
97,1,16,0.97719,;
98,1,16,0.97861,;
99,2,16,0.96286,15,0.02054,;
100,2,16,0.96703,15,0.01305,;
101,1,16,0.97688,;
102,1,16,0.97811,;
103,1,16,0.97861,;
104,1,16,0.97776,;
105,2,16,0.95244,15,0.04102,;
106,2,16,0.96286,15,0.02054,;
107,2,16,0.96008,15,0.02607,;
108,2,16,0.95289,15,0.0408,;
109,2,16,0.96008,15,0.02607,;
110,1,16,0.97811,;
111,1,16,0.97861,;
112,1,16,0.97688,;
113,1,16,0.97861,;
114,2,16,0.96771,15,0.01071,;
115,2,16,0.96069,15,0.02269,;
116,2,16,0.9682,15,0.01043,;
117,2,16,0.96734,15,0.01206,;
118,2,16,0.96008,15,0.02607,;
119,1,16,0.97494,;
120,2,16,0.96734,15,0.01206,;
121,2,16,0.96771,15,0.01071,;
122,1,16,0.97535,;
123,1,16,0.97747,;
124,1,16,0.97811,;
125,2,16,0.97188,15,0.00314,;
126,2,16,0.96734,15,0.01206,;
127,2,16,0.96771,15,0.01071,;
128,2,16,0.97315,15,0.00089,;
129,1,16,0.97747,;
130,2,16,0.97188,15,0.00314,;
131,2,16,0.97259,15,0.00181,;
132,2,16,0.97259,15,0.00181,;
133,2,16,0.97315,15,0.00089,;
134,1,16,0.9753,;
135,1,16,0.97535,;
136,1,16,0.9753,;
137,2,16,0.97315,15,0.00089,;
138,1,16,0.97489,;
139,1,16,0.97561,;
140,1,16,0.97747,;
141,1,16,0.97561,;
142,2,16,0.97259,15,0.00181,;
143,2,16,0.97315,15,0.00089,;
144,2,16,0.97259,15,0.00181,;
145,1,16,0.97489,;
146,1,16,0.97747,;
}
