verts{
120;
0,-0.103,-0.75001,0.26631,-0.57735,-0.57735,0.57735,0.8178,0.77516,;
1,-0.103,-0.75001,0.06631,-0.57735,-0.57735,-0.57735,0.88775,0.77494,;
2,0.097,-0.75001,0.26631,0.57735,-0.57735,0.57735,0.81802,0.8451,;
3,0.097,-0.75001,0.06631,0.57735,-0.57735,-0.57735,0.88796,0.84489,;
4,0.097,0.74998,0.26631,0.57735,0.57735,0.57735,0.46165,0.5649,;
5,0.097,0.74998,0.06631,0.57735,0.57735,-0.57735,0.53159,0.56468,;
6,-0.103,0.74998,0.26631,-0.57735,0.57735,0.57735,0.461,0.84489,;
7,-0.103,0.74998,0.06631,-0.57735,0.57735,-0.57735,0.53095,0.8451,;
8,-0.753,-0.10001,0.26631,-0.57735,-0.57735,0.57735,0.03909,0.46127,;
9,-0.753,-0.10001,0.06631,-0.57735,-0.57735,-0.57735,0.10903,0.46105,;
10,0.747,-0.10001,0.26631,0.57735,-0.57735,0.57735,0.0407,0.98585,;
11,0.747,-0.10001,0.06631,0.57735,-0.57735,-0.57735,0.11064,0.98563,;
12,0.747,0.09999,0.26631,0.57735,0.57735,0.57735,0.60272,0.84489,;
13,0.747,0.09999,0.06631,0.57735,0.57735,-0.57735,0.6025,0.77494,;
14,-0.753,0.09999,0.26631,-0.57735,0.57735,0.57735,0.74786,0.5649,;
15,-0.753,0.09999,0.06631,-0.57735,0.57735,-0.57735,0.8178,0.56468,;
16,-0.103,-0.10001,0.55938,-0.57735,-0.57735,0.57735,0.45918,0.46105,;
17,-0.103,-0.10001,-0.24062,-0.57735,-0.57735,-0.57735,0.46004,0.74083,;
18,0.097,-0.10001,0.55938,0.57735,-0.57735,0.57735,0.38924,0.46127,;
19,0.097,-0.10001,-0.24062,0.57735,-0.57735,-0.57735,0.3901,0.74104,;
20,0.097,0.09999,0.55938,0.57735,0.57735,0.57735,0.81705,0.84467,;
21,0.097,0.09999,-0.24062,0.57735,0.57735,-0.57735,0.81619,0.5649,;
22,-0.103,0.09999,0.55938,-0.57735,0.57735,0.57735,0.31951,0.74104,;
23,-0.103,0.09999,-0.24062,-0.57735,0.57735,-0.57735,0.32037,0.46127,;
24,0.54005,-0.30001,0.45938,-0.57735,-0.57735,0.57735,0.45918,0.74104,;
25,0.54005,-0.30001,-0.14062,-0.57735,-0.57735,-0.57735,0.45982,0.95087,;
26,0.74005,-0.30001,0.45938,0.57735,-0.57735,0.57735,0.38924,0.74126,;
27,0.74005,-0.30001,-0.14062,0.57735,-0.57735,-0.57735,0.38988,0.95109,;
28,0.74005,0.29999,0.45938,0.57735,0.57735,0.57735,0.46004,0.46041,;
29,0.74005,0.29999,-0.14062,0.57735,0.57735,-0.57735,0.4594,0.25058,;
30,0.54005,0.29999,0.45938,-0.57735,0.57735,0.57735,0.461,0.56511,;
31,0.54005,0.29999,-0.14062,-0.57735,0.57735,-0.57735,0.46165,0.77494,;
32,-0.73648,-0.30001,0.45938,-0.57735,-0.57735,0.57735,0.6025,0.5649,;
33,-0.73648,-0.30001,-0.14062,-0.57735,-0.57735,-0.57735,0.60315,0.77473,;
34,-0.53648,-0.30001,0.45938,0.57735,-0.57735,0.57735,0.53256,0.56511,;
35,-0.53648,-0.30001,-0.14062,0.57735,-0.57735,-0.57735,0.5332,0.77494,;
36,-0.53648,0.29999,0.45938,0.57735,0.57735,0.57735,0.46004,0.24994,;
37,-0.53648,0.29999,-0.14062,0.57735,0.57735,-0.57735,0.4594,0.0401,;
38,-0.73648,0.29999,0.45938,-0.57735,0.57735,0.57735,0.60315,0.56511,;
39,-0.73648,0.29999,-0.14062,-0.57735,0.57735,-0.57735,0.60379,0.77494,;
40,0.097,-0.75001,0.26631,0.57735,-0.57735,0.57735,0.46004,0.04032,;
41,0.097,-0.75001,0.06631,0.57735,-0.57735,-0.57735,0.52998,0.0401,;
42,0.097,0.74998,0.26631,0.57735,0.57735,0.57735,0.46122,0.77494,;
43,0.097,0.74998,0.06631,0.57735,0.57735,-0.57735,0.53116,0.77516,;
44,-0.103,-0.75001,0.06631,-0.57735,-0.57735,-0.57735,0.6747,0.56468,;
45,-0.103,-0.75001,0.26631,-0.57735,-0.57735,0.57735,0.60475,0.5649,;
46,-0.103,0.74998,0.26631,-0.57735,0.57735,0.57735,0.60315,0.04032,;
47,-0.103,0.74998,0.06631,-0.57735,0.57735,-0.57735,0.67309,0.0401,;
48,-0.103,0.74998,0.26631,-0.57735,0.57735,0.57735,0.5332,0.5649,;
49,-0.103,-0.75001,0.26631,-0.57735,-0.57735,0.57735,0.53159,0.04032,;
50,0.097,-0.75001,0.26631,0.57735,-0.57735,0.57735,0.60154,0.0401,;
51,0.097,0.74998,0.26631,0.57735,0.57735,0.57735,0.60315,0.56468,;
52,-0.103,-0.75001,0.06631,-0.57735,-0.57735,-0.57735,0.88936,0.04032,;
53,-0.103,0.74998,0.06631,-0.57735,0.57735,-0.57735,0.88775,0.5649,;
54,0.097,0.74998,0.06631,0.57735,0.57735,-0.57735,0.8178,0.56468,;
55,0.097,-0.75001,0.06631,0.57735,-0.57735,-0.57735,0.81941,0.0401,;
56,0.747,-0.10001,0.26631,0.57735,-0.57735,0.57735,0.53277,0.8451,;
57,0.747,-0.10001,0.06631,0.57735,-0.57735,-0.57735,0.53256,0.77516,;
58,0.747,0.09999,0.26631,0.57735,0.57735,0.57735,0.74625,0.04032,;
59,0.747,0.09999,0.06631,0.57735,0.57735,-0.57735,0.81619,0.0401,;
60,-0.753,0.09999,0.26631,-0.57735,0.57735,0.57735,0.74625,0.8451,;
61,-0.753,0.09999,0.06631,-0.57735,0.57735,-0.57735,0.81619,0.84489,;
62,-0.753,-0.10001,0.06631,-0.57735,-0.57735,-0.57735,0.81641,0.91483,;
63,-0.753,-0.10001,0.26631,-0.57735,-0.57735,0.57735,0.74647,0.91504,;
64,-0.753,0.09999,0.26631,-0.57735,0.57735,0.57735,0.96091,0.56468,;
65,-0.753,-0.10001,0.26631,-0.57735,-0.57735,0.57735,0.89097,0.5649,;
66,0.747,-0.10001,0.26631,0.57735,-0.57735,0.57735,0.88936,0.04032,;
67,0.747,0.09999,0.26631,0.57735,0.57735,0.57735,0.9593,0.0401,;
68,-0.753,-0.10001,0.06631,-0.57735,-0.57735,-0.57735,0.74625,0.56468,;
69,-0.753,0.09999,0.06631,-0.57735,0.57735,-0.57735,0.67631,0.5649,;
70,0.747,0.09999,0.06631,0.57735,0.57735,-0.57735,0.6747,0.04032,;
71,0.747,-0.10001,0.06631,0.57735,-0.57735,-0.57735,0.74464,0.0401,;
72,0.097,-0.10001,0.55938,0.57735,-0.57735,0.57735,0.74711,0.84489,;
73,0.097,-0.10001,-0.24062,0.57735,-0.57735,-0.57735,0.74625,0.56511,;
74,0.097,0.09999,0.55938,0.57735,0.57735,0.57735,0.24956,0.74083,;
75,0.097,0.09999,-0.24062,0.57735,0.57735,-0.57735,0.25042,0.46105,;
76,-0.103,0.09999,0.55938,-0.57735,0.57735,0.57735,0.17962,0.74104,;
77,-0.103,0.09999,-0.24062,-0.57735,0.57735,-0.57735,0.17876,0.46127,;
78,-0.103,-0.10001,-0.24062,-0.57735,-0.57735,-0.57735,0.24871,0.46105,;
79,-0.103,-0.10001,0.55938,-0.57735,-0.57735,0.57735,0.24956,0.74083,;
80,-0.103,0.09999,0.55938,-0.57735,0.57735,0.57735,0.74486,0.84489,;
81,-0.103,-0.10001,0.55938,-0.57735,-0.57735,0.57735,0.67491,0.8451,;
82,0.097,-0.10001,0.55938,0.57735,-0.57735,0.57735,0.6747,0.77516,;
83,0.097,0.09999,0.55938,0.57735,0.57735,0.57735,0.74464,0.77494,;
84,-0.103,-0.10001,-0.24062,-0.57735,-0.57735,-0.57735,0.6747,0.77516,;
85,-0.103,0.09999,-0.24062,-0.57735,0.57735,-0.57735,0.67448,0.8451,;
86,0.097,0.09999,-0.24062,0.57735,0.57735,-0.57735,0.60454,0.84489,;
87,0.097,-0.10001,-0.24062,0.57735,-0.57735,-0.57735,0.60475,0.77494,;
88,0.74005,-0.30001,0.45938,0.57735,-0.57735,0.57735,0.25021,0.46105,;
89,0.74005,-0.30001,-0.14062,0.57735,-0.57735,-0.57735,0.24956,0.25122,;
90,0.74005,0.29999,0.45938,0.57735,0.57735,0.57735,0.53095,0.5649,;
91,0.74005,0.29999,-0.14062,0.57735,0.57735,-0.57735,0.53159,0.77473,;
92,0.54005,0.29999,0.45938,-0.57735,0.57735,0.57735,0.03909,0.04075,;
93,0.54005,0.29999,-0.14062,-0.57735,0.57735,-0.57735,0.24892,0.0401,;
94,0.54005,-0.30001,-0.14062,-0.57735,-0.57735,-0.57735,0.24956,0.24994,;
95,0.54005,-0.30001,0.45938,-0.57735,-0.57735,0.57735,0.03973,0.25058,;
96,0.54005,0.29999,0.45938,-0.57735,0.57735,0.57735,0.88839,0.56511,;
97,0.54005,-0.30001,0.45938,-0.57735,-0.57735,0.57735,0.88775,0.77494,;
98,0.74005,-0.30001,0.45938,0.57735,-0.57735,0.57735,0.8178,0.77473,;
99,0.74005,0.29999,0.45938,0.57735,0.57735,0.57735,0.81845,0.5649,;
100,0.54005,-0.30001,-0.14062,-0.57735,-0.57735,-0.57735,0.25021,0.95109,;
101,0.54005,0.29999,-0.14062,-0.57735,0.57735,-0.57735,0.24956,0.74126,;
102,0.74005,0.29999,-0.14062,0.57735,0.57735,-0.57735,0.31951,0.74104,;
103,0.74005,-0.30001,-0.14062,0.57735,-0.57735,-0.57735,0.32015,0.95087,;
104,-0.53648,-0.30001,0.45938,0.57735,-0.57735,0.57735,0.25021,0.25058,;
105,-0.53648,-0.30001,-0.14062,0.57735,-0.57735,-0.57735,0.24956,0.04075,;
106,-0.53648,0.29999,0.45938,0.57735,0.57735,0.57735,0.67309,0.5649,;
107,-0.53648,0.29999,-0.14062,0.57735,0.57735,-0.57735,0.67373,0.77473,;
108,-0.73648,0.29999,0.45938,-0.57735,0.57735,0.57735,0.03909,0.25122,;
109,-0.73648,0.29999,-0.14062,-0.57735,0.57735,-0.57735,0.24892,0.25058,;
110,-0.73648,-0.30001,-0.14062,-0.57735,-0.57735,-0.57735,0.24956,0.46041,;
111,-0.73648,-0.30001,0.45938,-0.57735,-0.57735,0.57735,0.03973,0.46105,;
112,-0.73648,0.29999,0.45938,-0.57735,0.57735,0.57735,0.67534,0.77494,;
113,-0.73648,-0.30001,0.45938,-0.57735,-0.57735,0.57735,0.6747,0.56511,;
114,-0.53648,-0.30001,0.45938,0.57735,-0.57735,0.57735,0.74464,0.5649,;
115,-0.53648,0.29999,0.45938,0.57735,0.57735,0.57735,0.74529,0.77473,;
116,-0.73648,-0.30001,-0.14062,-0.57735,-0.57735,-0.57735,0.17941,0.95109,;
117,-0.73648,0.29999,-0.14062,-0.57735,0.57735,-0.57735,0.17876,0.74126,;
118,-0.53648,0.29999,-0.14062,0.57735,0.57735,-0.57735,0.24871,0.74104,;
119,-0.53648,-0.30001,-0.14062,0.57735,-0.57735,-0.57735,0.24935,0.95087,;
}
polygons{
60;
0,-0.0,-1.0,0.0,0,0,1,3,;
1,1.0,0.0,0.0,0,40,41,5,;
2,-0.0,1.0,0.0,0,42,43,7,;
3,-1.0,-0.0,0.0,0,44,45,46,;
4,0.0,0.0,1.0,0,48,49,50,;
5,0.0,-0.0,-1.0,0,52,53,54,;
6,0.0,-1.0,0.0,0,8,9,11,;
7,1.0,0.0,0.0,0,56,57,13,;
8,0.0,1.0,-0.0,0,58,59,15,;
9,-1.0,0.0,0.0,0,60,61,62,;
10,0.0,0.0,1.0,0,64,65,66,;
11,0.0,-0.0,-1.0,0,68,69,70,;
12,0.0,-1.0,0.0,0,16,17,19,;
13,1.0,0.0,0.0,0,72,73,21,;
14,0.0,1.0,-0.0,0,74,75,23,;
15,-1.0,0.0,0.0,0,76,77,78,;
16,0.0,0.0,1.0,0,80,81,82,;
17,0.0,-0.0,-1.0,0,84,85,86,;
18,0.0,-1.0,0.0,0,24,25,27,;
19,1.0,0.0,0.0,0,88,89,29,;
20,0.0,1.0,-0.0,0,90,91,31,;
21,-1.0,0.0,0.0,0,92,93,94,;
22,0.0,0.0,1.0,0,96,97,98,;
23,0.0,-0.0,-1.0,0,100,101,102,;
24,0.0,-1.0,0.0,0,32,33,35,;
25,1.0,0.0,0.0,0,104,105,37,;
26,0.0,1.0,-0.0,0,106,107,39,;
27,-1.0,0.0,0.0,0,108,109,110,;
28,0.0,0.0,1.0,0,112,113,114,;
29,0.0,-0.0,-1.0,0,116,117,118,;
30,-0.0,-1.0,0.0,0,0,3,2,;
31,1.0,0.0,0.0,0,40,5,4,;
32,-0.0,1.0,0.0,0,42,7,6,;
33,-1.0,-0.0,0.0,0,44,46,47,;
34,0.0,0.0,1.0,0,48,50,51,;
35,0.0,-0.0,-1.0,0,52,54,55,;
36,0.0,-1.0,0.0,0,8,11,10,;
37,1.0,0.0,0.0,0,56,13,12,;
38,0.0,1.0,-0.0,0,58,15,14,;
39,-1.0,0.0,0.0,0,60,62,63,;
40,0.0,0.0,1.0,0,64,66,67,;
41,0.0,-0.0,-1.0,0,68,70,71,;
42,0.0,-1.0,0.0,0,16,19,18,;
43,1.0,0.0,0.0,0,72,21,20,;
44,0.0,1.0,-0.0,0,74,23,22,;
45,-1.0,0.0,0.0,0,76,78,79,;
46,0.0,0.0,1.0,0,80,82,83,;
47,0.0,-0.0,-1.0,0,84,86,87,;
48,0.0,-1.0,0.0,0,24,27,26,;
49,1.0,0.0,0.0,0,88,29,28,;
50,0.0,1.0,-0.0,0,90,31,30,;
51,-1.0,0.0,0.0,0,92,94,95,;
52,0.0,0.0,1.0,0,96,98,99,;
53,0.0,-0.0,-1.0,0,100,102,103,;
54,0.0,-1.0,0.0,0,32,35,34,;
55,1.0,0.0,0.0,0,104,37,36,;
56,0.0,1.0,-0.0,0,106,39,38,;
57,-1.0,0.0,0.0,0,108,110,111,;
58,0.0,0.0,1.0,0,112,114,115,;
59,0.0,-0.0,-1.0,0,116,118,119,;
}
materials{
1;
0,1.0,1.0,1.0,none.png,;
}
boneinfo{
13;
0,doBone,;
matrix;1.0,0.0,0.0,0.0,0.0,0.0,-1.0,0.0,0.0,1.0,0.0,0.0,0.0,0.0,0.0,1.0,;
matrix_local;1.0,0.0,0.0,0.0,0.0,0.0,-1.0,0.0,0.0,1.0,0.0,0.0,0.0,0.0,0.0,1.0,;
1,legmaeBone,;
matrix;0.9999,-0.0102,0.0102,0.0,-0.0102,-0.99995,-0.0001,0.0,0.0102,-0.0,-0.99995,0.0,0.0,0.0,0.0,1.0,;
matrix_local;0.9999,-0.0102,0.0102,0.0,-0.0102,0.0,0.99995,0.0,-0.0102,-0.99995,-0.0001,0.38033,0.0,0.0,0.0,1.0,;
2,legJointBone,;
matrix;0.9999,-0.0102,0.0102,0.0,-0.0102,-0.99995,-0.0,0.0,0.0102,-0.0001,-0.99995,0.0,0.0,0.0,0.0,1.0,;
matrix_local;1.0,0.0,-0.0,-0.00626,-0.0,-0.0,-1.0,0.0,0.0,1.0,-0.0,-0.23308,0.0,0.0,0.0,1.0,;
3,headBone,;
matrix;1.0,0.0,-0.0,0.0,-0.0,1.0,0.0,0.0,0.0,0.0,1.0,0.0,0.0,0.0,0.0,1.0,;
matrix_local;1.0,0.0,-0.0,0.0,-0.0,0.0,-1.0,0.0,-0.0,1.0,0.0,0.38033,0.0,0.0,0.0,1.0,;
4,headJointBone,;
matrix;1.0,0.0,0.0,0.0,-0.0,1.0,0.0,0.0,-0.0,0.0,1.0,0.0,0.0,0.0,0.0,1.0,;
matrix_local;1.0,0.0,-0.0,0.0,-0.0,0.0,-1.0,0.0,-0.0,1.0,0.0,0.56864,0.0,0.0,0.0,1.0,;
5,rightArmBone,;
matrix;-0.07468,-0.96194,-0.26287,0.0,0.26287,-0.27328,0.92532,0.0,-0.96194,0.0,0.27328,0.0,0.0,0.0,0.0,1.0,;
matrix_local;-0.07468,-0.96194,-0.26287,0.0,0.96194,-0.0,-0.27328,0.0,0.26287,-0.27328,0.92532,0.38033,0.0,0.0,0.0,1.0,;
6,rightArmJointBone,;
matrix;-0.06339,0.26164,-0.96308,0.0,-0.95728,-0.28875,-0.01544,0.0,-0.28213,0.92096,0.26876,0.0,0.0,0.0,0.0,1.0,;
matrix_local;0.99974,0.01613,0.01612,-0.7891,0.01613,-0.0,-0.99987,-0.0,-0.01612,0.99987,-0.00026,0.15615,0.0,0.0,0.0,1.0,;
7,leftArmBone,;
matrix;-0.08029,0.95902,0.27173,0.0,-0.27173,-0.28335,0.91971,0.0,0.95902,0.0,0.28335,0.0,0.0,0.0,0.0,1.0,;
matrix_local;-0.08029,0.95902,0.27173,0.0,-0.95902,-0.0,-0.28335,0.0,-0.27173,-0.28335,0.91971,0.38033,0.0,0.0,0.0,1.0,;
8,leftArmJointBone,;
matrix;-0.09135,-0.27299,0.95767,0.0,0.96334,-0.26784,0.01554,0.0,0.25226,0.92398,0.28745,0.0,0.0,0.0,0.0,1.0,;
matrix_local;0.99974,0.01613,0.01612,0.7891,0.01613,-0.0,-0.99987,-0.0,-0.01612,0.99987,-0.00026,0.14719,0.0,0.0,0.0,1.0,;
9,rightKataBone,;
matrix;-0.27869,-0.86711,0.41287,0.0,-0.48512,0.49812,0.7187,0.0,-0.82885,0.0,-0.55947,0.0,0.0,0.0,0.0,1.0,;
matrix_local;-0.27869,-0.86711,0.41287,0.0,0.82885,-0.0,0.55947,0.0,-0.48512,0.49812,0.7187,0.38033,0.0,0.0,0.0,1.0,;
10,rightKataJointBone,;
matrix;-0.27869,-0.48512,-0.82885,0.0,-0.86711,0.49812,0.0,0.0,0.41287,0.7187,-0.55947,0.0,0.0,0.0,0.0,1.0,;
matrix_local;1.0,-0.0,-0.0,-0.42145,-0.0,-0.0,-1.0,0.0,0.0,1.0,-0.0,0.62244,0.0,0.0,0.0,1.0,;
11,leftKataBone,;
matrix;0.20682,0.89061,0.40503,0.0,-0.40503,0.45478,-0.79318,0.0,-0.89061,0.0,0.45478,0.0,0.0,0.0,0.0,1.0,;
matrix_local;0.20682,0.89061,0.40503,0.0,0.89061,-0.0,-0.45478,0.0,-0.40503,0.45478,-0.79318,0.38033,0.0,0.0,0.0,1.0,;
12,leftKataJointBone,;
matrix;0.20682,-0.40503,-0.89061,0.0,0.89061,0.45478,-0.0,0.0,0.40503,-0.79318,0.45478,0.0,0.0,0.0,0.0,1.0,;
matrix_local;1.0,-0.0,-0.0,0.42145,-0.0,-0.0,-1.0,-0.0,-0.0,1.0,-0.0,0.59554,0.0,0.0,0.0,1.0,;
}
bone_layer{
doBone;
6;
  bone_layer{
  legmaeBone;
  1;
    bone_layer{
    legJointBone;
    0;
    }
  }
  bone_layer{
  headBone;
  1;
    bone_layer{
    headJointBone;
    0;
    }
  }
  bone_layer{
  rightArmBone;
  1;
    bone_layer{
    rightArmJointBone;
    0;
    }
  }
  bone_layer{
  leftArmBone;
  1;
    bone_layer{
    leftArmJointBone;
    0;
    }
  }
  bone_layer{
  rightKataBone;
  1;
    bone_layer{
    rightKataJointBone;
    0;
    }
  }
  bone_layer{
  leftKataBone;
  1;
    bone_layer{
    leftKataJointBone;
    0;
    }
  }
}
boneweights{
120;
0,0,;
1,0,;
2,0,;
3,0,;
4,0,;
5,0,;
6,0,;
7,0,;
8,2,5,0.12354,6,0.87116,;
9,2,5,0.8543,6,0.13927,;
10,2,8,0.45378,7,0.52466,;
11,2,8,0.06677,7,0.92649,;
12,2,8,0.85493,7,0.1392,;
13,2,8,0.13069,7,0.86311,;
14,2,5,0.51356,6,0.46496,;
15,2,5,0.9196,6,0.07324,;
16,1,3,0.98347,;
17,2,1,0.49572,2,0.49572,;
18,1,3,0.98245,;
19,2,1,0.49598,2,0.49598,;
20,1,3,0.98431,;
21,2,1,0.49551,2,0.49551,;
22,1,3,0.98178,;
23,2,1,0.49624,2,0.49624,;
24,2,8,0.74383,7,0.25617,;
25,2,8,0.59187,7,0.40813,;
26,2,8,0.74108,7,0.25892,;
27,2,8,0.54902,7,0.45098,;
28,2,8,0.92076,7,0.07924,;
29,2,8,0.58059,7,0.41941,;
30,2,8,0.90818,7,0.09182,;
31,2,8,0.63272,7,0.36728,;
32,2,5,0.07797,6,0.92203,;
33,2,5,0.41711,6,0.58289,;
34,2,5,0.09096,6,0.90904,;
35,2,5,0.36526,6,0.63474,;
36,2,5,0.2547,6,0.7453,;
37,2,5,0.40625,6,0.59375,;
38,2,5,0.25741,6,0.74259,;
39,2,5,0.44904,6,0.55096,;
40,0,;
41,0,;
42,0,;
43,0,;
44,0,;
45,0,;
46,0,;
47,0,;
48,0,;
49,0,;
50,0,;
51,0,;
52,0,;
53,0,;
54,0,;
55,0,;
56,2,8,0.45378,7,0.52466,;
57,2,8,0.06677,7,0.92649,;
58,2,8,0.85493,7,0.1392,;
59,2,8,0.13069,7,0.86311,;
60,2,5,0.51356,6,0.46496,;
61,2,5,0.9196,6,0.07324,;
62,2,5,0.8543,6,0.13927,;
63,2,5,0.12354,6,0.87116,;
64,2,5,0.51356,6,0.46496,;
65,2,5,0.12354,6,0.87116,;
66,2,8,0.45378,7,0.52466,;
67,2,8,0.85493,7,0.1392,;
68,2,5,0.8543,6,0.13927,;
69,2,5,0.9196,6,0.07324,;
70,2,8,0.13069,7,0.86311,;
71,2,8,0.06677,7,0.92649,;
72,1,3,0.98245,;
73,2,1,0.49598,2,0.49598,;
74,1,3,0.98431,;
75,2,1,0.49551,2,0.49551,;
76,1,3,0.98178,;
77,2,1,0.49624,2,0.49624,;
78,2,1,0.49572,2,0.49572,;
79,1,3,0.98347,;
80,1,3,0.98178,;
81,1,3,0.98347,;
82,1,3,0.98245,;
83,1,3,0.98431,;
84,2,1,0.49572,2,0.49572,;
85,2,1,0.49624,2,0.49624,;
86,2,1,0.49551,2,0.49551,;
87,2,1,0.49598,2,0.49598,;
88,2,8,0.74108,7,0.25892,;
89,2,8,0.54902,7,0.45098,;
90,2,8,0.92076,7,0.07924,;
91,2,8,0.58059,7,0.41941,;
92,2,8,0.90818,7,0.09182,;
93,2,8,0.63272,7,0.36728,;
94,2,8,0.59187,7,0.40813,;
95,2,8,0.74383,7,0.25617,;
96,2,8,0.90818,7,0.09182,;
97,2,8,0.74383,7,0.25617,;
98,2,8,0.74108,7,0.25892,;
99,2,8,0.92076,7,0.07924,;
100,2,8,0.59187,7,0.40813,;
101,2,8,0.63272,7,0.36728,;
102,2,8,0.58059,7,0.41941,;
103,2,8,0.54902,7,0.45098,;
104,2,5,0.09096,6,0.90904,;
105,2,5,0.36526,6,0.63474,;
106,2,5,0.2547,6,0.7453,;
107,2,5,0.40625,6,0.59375,;
108,2,5,0.25741,6,0.74259,;
109,2,5,0.44904,6,0.55096,;
110,2,5,0.41711,6,0.58289,;
111,2,5,0.07797,6,0.92203,;
112,2,5,0.25741,6,0.74259,;
113,2,5,0.07797,6,0.92203,;
114,2,5,0.09096,6,0.90904,;
115,2,5,0.2547,6,0.7453,;
116,2,5,0.41711,6,0.58289,;
117,2,5,0.44904,6,0.55096,;
118,2,5,0.40625,6,0.59375,;
119,2,5,0.36526,6,0.63474,;
}
