AB{
IMPLNUM=2;
IMPL{
HON_MESH{
IMPL_ID=0
MFILEPATH="resrc/model/ponko2-4/pk2sailordayo"
OFILEPATH=""
ICWML=1;
OMBNAME=""
KMATRIX=1.000000,0.000000,0.000000,0.000000,0.000000,1.000000,0.000000,0.000000,0.000000,0.000000,1.000000,0.000000,0.000000,0.000000,0.000000,1.000000,;
}//honmesh
ONAJI_MESHS{
NUM=10;
ONAJI_MESH{
IMPL_ID=0
MFILEPATH="resrc/model/ponko2-3/pk2skirt"
OFILEPATH=""
ICWML=1;
OMBNAME=""
KMATRIX=1.000000,0.000000,0.000000,0.000000,0.000000,1.000000,0.000000,0.000000,0.000000,0.000000,1.000000,0.000000,0.000000,0.000000,0.000000,1.000000,;
}//onajimesh
ONAJI_MESH{
IMPL_ID=0
MFILEPATH="resrc/model/ponko2-3/pk2face"
OFILEPATH=""
ICWML=1;
OMBNAME=""
KMATRIX=1.000000,0.000000,0.000000,0.000000,0.000000,1.000000,0.000000,0.000000,0.000000,0.000000,1.000000,0.000000,0.000000,0.000000,0.000000,1.000000,;
}//onajimesh
ONAJI_MESH{
IMPL_ID=0
MFILEPATH="resrc/model/ponko2-3/pk2hidarime"
OFILEPATH=""
ICWML=1;
OMBNAME=""
KMATRIX=1.000000,0.000000,0.000000,0.000000,0.000000,1.000000,0.000000,0.000000,0.000000,0.000000,1.000000,0.000000,0.000000,0.000000,0.000000,1.000000,;
}//onajimesh
ONAJI_MESH{
IMPL_ID=0
MFILEPATH="resrc/model/ponko2-3/pk2hidarimedama"
OFILEPATH=""
ICWML=1;
OMBNAME=""
KMATRIX=1.000000,0.000000,0.000000,0.000000,0.000000,1.000000,0.000000,0.000000,0.000000,0.000000,1.000000,0.000000,0.000000,0.000000,0.000000,1.000000,;
}//onajimesh
ONAJI_MESH{
IMPL_ID=0
MFILEPATH="resrc/model/ponko2-3/pk2kami"
OFILEPATH=""
ICWML=1;
OMBNAME=""
KMATRIX=1.000000,0.000000,0.000000,0.000000,0.000000,1.000000,0.000000,0.000000,0.000000,0.000000,1.000000,0.000000,0.000000,0.000000,0.000000,1.000000,;
}//onajimesh
ONAJI_MESH{
IMPL_ID=0
MFILEPATH="resrc/model/ponko2-3/pk2kuti"
OFILEPATH=""
ICWML=1;
OMBNAME=""
KMATRIX=1.000000,0.000000,0.000000,0.000000,0.000000,1.000000,0.000000,0.000000,0.000000,0.000000,1.000000,0.000000,0.000000,0.000000,0.000000,1.000000,;
}//onajimesh
ONAJI_MESH{
IMPL_ID=0
MFILEPATH="resrc/model/ponko2-3/pk2kubi"
OFILEPATH=""
ICWML=1;
OMBNAME=""
KMATRIX=1.000000,0.000000,0.000000,0.000000,0.000000,1.000000,0.000000,0.000000,0.000000,0.000000,1.000000,0.000000,0.000000,0.000000,0.000000,1.000000,;
}//onajimesh
ONAJI_MESH{
IMPL_ID=0
MFILEPATH="resrc/model/ponko2-3/pk2mayuge"
OFILEPATH=""
ICWML=1;
OMBNAME=""
KMATRIX=1.000000,0.000000,0.000000,0.000000,0.000000,1.000000,0.000000,0.000000,0.000000,0.000000,1.000000,0.000000,0.000000,0.000000,0.000000,1.000000,;
}//onajimesh
ONAJI_MESH{
IMPL_ID=0
MFILEPATH="resrc/model/ponko2-3/pk2midarime"
OFILEPATH=""
ICWML=1;
OMBNAME=""
KMATRIX=1.000000,0.000000,0.000000,0.000000,0.000000,1.000000,0.000000,0.000000,0.000000,0.000000,1.000000,0.000000,0.000000,0.000000,0.000000,1.000000,;
}//onajimesh
ONAJI_MESH{
IMPL_ID=0
MFILEPATH="resrc/model/ponko2-3/pk2migimedama"
OFILEPATH=""
ICWML=1;
OMBNAME=""
KMATRIX=1.000000,0.000000,0.000000,0.000000,0.000000,1.000000,0.000000,0.000000,0.000000,0.000000,1.000000,0.000000,0.000000,0.000000,0.000000,1.000000,;
}//onajimesh
}// onajimeshs
KO_MESHS{
NUM=2;
KO_MESH{
IMPL_ID=0
MFILEPATH="resrc/model/ponko2-4/pk2migihanddayo"
OFILEPATH="resrc/model/ponko2-4/pk2sailordayo"
ICWML=1;
OMBNAME="migiArmTekubiBone"
KMATRIX=1.000000,0.000000,0.000000,0.000000,0.000000,1.000000,0.000000,0.000000,0.000000,0.000000,1.000000,0.000000,0.000000,0.000000,0.000000,1.000000,;
}//komesh
KO_MESH{
IMPL_ID=0
MFILEPATH="resrc/model/bazooka/rweaponbazookaguna"
OFILEPATH="resrc/model/ponko2-4/pk2migihanddayo"
ICWML=0;
OMBNAME="MigiHandMotiBone"
KMATRIX=0.000260,0.333000,0.000260,0.000000,-0.000260,0.000260,-0.333000,0.000000,-0.333000,0.000000,0.000260,0.000000,0.000000,0.000000,0.000000,1.000000,;
}//komesh
}// komeshs
NOW_KAKERA{
IMPL_ID=0;
ROTTRANSISPARAM{
24;0.000000;0.000000;0.000000;0.000000;0.000000;0.000000;0.000000;0.000000;0.000000;0.000000;0.000000;0.000000;0.000000;0.000000;0.000000;0.000000;0.000000;0.000000;-0.124603;0.000000;0.000000;0.000000;0.000000;0.000000;
24;0.000000;0.000000;0.000000;0.000000;0.000000;0.000000;0.000000;0.000000;0.000000;0.000000;0.000000;0.000000;0.000000;0.000000;0.000000;0.000000;0.000000;0.000000;0.000000;0.000000;0.000000;0.000000;0.000000;0.000000;
24;0.000000;0.000000;0.000000;1.495238;0.000000;0.000000;0.000000;0.000000;0.000000;0.000000;0.000000;0.000000;0.000000;0.000000;0.000000;0.000000;0.000000;0.000000;0.000000;0.000000;0.000000;0.000000;0.000000;0.000000;
24;0.000000;0.000000;0.000000;0.000000;0.000000;0.000000;0.000000;0.000000;0.000000;0.000000;0.000000;0.000000;0.000000;0.000000;0.000000;0.000000;0.000000;0.000000;0.000000;0.000000;0.000000;0.000000;0.000000;0.000000;
24;0.000000;0.000000;0.000000;0.000000;0.000000;0.000000;0.000000;0.000000;0.000000;0.000000;0.000000;0.000000;0.000000;0.000000;0.000000;0.000000;0.000000;0.000000;0.000000;0.000000;0.000000;0.000000;0.000000;0.000000;
24;0.000000;0.000000;0.000000;0.000000;0.000000;0.000000;0.000000;0.000000;0.000000;0.000000;0.000000;0.000000;0.000000;0.000000;0.000000;0.000000;0.000000;0.000000;0.000000;0.000000;0.000000;0.000000;0.000000;0.000000;
24;0;1;1;1;0;1;0;1;0;0;1;1;0;1;1;1;1;1;1;1;1;1;1;1;
24;1;1;1;1;0;1;0;1;0;1;1;1;0;1;1;1;1;1;1;1;1;1;1;1;
24;1;1;1;1;1;1;1;1;1;1;1;1;1;1;1;1;1;1;1;1;1;1;1;1;
24;1.570000;1.570000;1.570000;1.594921;1.570000;1.570000;1.570000;1.570000;1.570000;1.570000;1.570000;1.334500;1.570000;1.570000;1.570000;1.570000;1.570000;1.570000;1.570000;1.570000;1.570000;1.570000;1.570000;1.570000;
24;-1.570000;-1.570000;-1.570000;-1.096508;-1.570000;-1.570000;-1.570000;-1.570000;-1.570000;-1.570000;-1.570000;-0.758833;-1.570000;-1.570000;-1.570000;-1.570000;-1.570000;-1.570000;-1.570000;-1.570000;-1.570000;-1.570000;-1.570000;-1.570000;
24;1.570000;1.570000;1.570000;0.598095;1.570000;1.570000;1.570000;1.570000;1.570000;1.570000;1.570000;1.543833;1.570000;1.570000;1.570000;1.570000;1.570000;1.570000;1.570000;1.570000;1.570000;1.570000;1.570000;1.570000;
24;-1.570000;-1.570000;-1.570000;-0.822381;-1.570000;-1.570000;-1.570000;-1.570000;-1.570000;-1.570000;-1.570000;-1.308333;-1.570000;-1.570000;-1.570000;-1.570000;-1.570000;-1.570000;-1.570000;-1.570000;-1.570000;-1.570000;-1.570000;-1.570000;
24;1.570000;1.570000;1.570000;1.495238;1.570000;1.570000;1.570000;1.570000;0.418667;1.570000;1.570000;0.418667;1.570000;1.570000;1.570000;1.570000;1.570000;1.570000;1.570000;1.570000;1.570000;1.570000;1.570000;1.570000;
24;-1.570000;-1.570000;-1.570000;-0.423651;-0.099683;-1.570000;-1.570000;-1.570000;-2.485833;-1.570000;-1.570000;-0.628000;-1.570000;-1.570000;-1.570000;-1.570000;-1.570000;-1.570000;-1.570000;-1.570000;-1.570000;-1.570000;-1.570000;-1.570000;
}
MESH_FILEPATHNAME="resrc/model/ponko2-4/pk2sailordayo";
FRAME=5;
MESHBONENAMEINDEX{
24;
"atamaBone"=12;
"doBone"=0;
"hidariArmBone"=7;
"hidariArmSitaBone"=8;
"hidariArmTekubiBone"=9;
"hidariFootBone"=22;
"hidariFootSitaBone"=23;
"hidariKosiBone"=19;
"hidariLegBone"=20;
"hidariLegSitaBone"=21;
"hidariSakotuBone"=6;
"kosiBone"=13;
"kubiBone"=10;
"kubiUeBone"=11;
"migiArmBone"=3;
"migiArmSitaBone"=4;
"migiArmTekubiBone"=5;
"migiFootBone"=17;
"migiFootSitaBone"=18;
"migiKosiBone"=14;
"migiLegBone"=15;
"migiLegSitaBone"=16;
"migiSakotuBone"=2;
"muneBone"=1;
}
DEFAULTFRAMEANDMATRIX{
24;5;5;5;5;5;5;5;5;5;5;5;5;5;5;5;5;5;5;5;5;5;5;5;5;
24;
0.744948,-0.123040,0.655678,0.000000,0.123041,0.991324,0.046230,0.000000,-0.655681,0.046230,0.753621,0.000000,0.130590,-0.896640,-0.056070,1.000000;
1.000000,0.000000,0.000000,0.000000,0.000000,0.998288,-0.058490,0.000000,0.000000,0.058490,0.998288,0.000000,0.000000,0.000000,0.000000,1.000000;
1.000000,0.000000,0.000000,0.000000,0.000000,1.000000,0.000000,0.000000,0.000000,0.000000,1.000000,0.000000,0.000000,0.000000,0.000000,1.000000;
0.001625,0.943190,-0.332250,0.000000,-0.999648,-0.007272,-0.025543,0.000000,-0.026500,0.332169,0.942848,0.000000,0.000000,0.000000,0.000000,1.000000;
0.998343,-0.056390,0.011460,0.000000,0.046770,0.911272,0.409141,0.000000,-0.033510,-0.407921,0.912402,0.000000,0.000000,0.000000,0.000000,1.000000;
1.000000,0.000000,0.000000,0.000000,0.000000,1.000000,0.000000,0.000000,0.000000,0.000000,1.000000,0.000000,0.000000,0.000000,0.000000,1.000000;
1.000000,0.000000,0.000000,0.000000,0.000000,1.000000,0.000000,0.000000,0.000000,0.000000,1.000000,0.000000,0.000000,0.000000,0.000000,1.000000;
0.748260,-0.641740,-0.168160,0.000000,0.661763,0.739853,0.121191,0.000000,0.046640,-0.201970,0.978281,0.000000,0.000000,0.000000,0.000000,1.000000;
1.000000,0.000000,0.000000,0.000000,0.000000,1.000000,0.000000,0.000000,0.000000,0.000000,1.000000,0.000000,0.000000,0.000000,0.000000,1.000000;
1.000000,0.000000,0.000000,0.000000,0.000000,1.000000,0.000000,0.000000,0.000000,0.000000,1.000000,0.000000,0.000000,0.000000,0.000000,1.000000;
1.000000,0.000000,0.000000,0.000000,0.000000,1.000000,0.000000,0.000000,0.000000,0.000000,1.000000,0.000000,0.000000,0.000000,0.000000,1.000000;
1.000000,0.000000,0.000000,0.000000,0.000000,1.000000,0.000000,0.000000,0.000000,0.000000,1.000000,0.000000,0.000000,0.000000,0.000000,1.000000;
1.000000,0.000000,0.000000,0.000000,0.000000,1.000000,0.000000,0.000000,0.000000,0.000000,1.000000,0.000000,0.000000,0.000000,0.000000,1.000000;
0.999999,-0.001170,-0.001240,0.000000,0.001240,0.998261,0.058930,0.000000,0.001170,-0.058930,0.998261,0.000000,0.000000,0.000000,0.000000,1.000000;
1.000000,0.000000,0.000000,0.000000,0.000000,1.000000,0.000000,0.000000,0.000000,0.000000,1.000000,0.000000,0.000000,0.000000,0.000000,1.000000;
0.899684,0.243931,-0.362032,0.000000,-0.436461,0.487101,-0.756462,0.000000,-0.008180,0.838591,0.544701,0.000000,0.000000,0.000000,0.000000,1.000000;
0.899451,-0.436111,-0.028190,0.000000,0.274290,0.513150,0.813291,0.000000,-0.340220,-0.739250,0.581170,0.000000,0.000000,0.000000,0.000000,1.000000;
0.999647,0.026170,0.004690,0.000000,-0.026560,0.991351,0.128520,0.000000,-0.001290,-0.128599,0.991696,0.000000,0.000000,0.000000,0.000000,1.000000;
1.000000,0.000000,0.000000,0.000000,0.000000,0.992247,-0.124281,0.000000,0.000000,0.124281,0.992247,0.000000,0.000000,0.000000,0.000000,1.000000;
1.000000,0.000000,0.000000,0.000000,0.000000,1.000000,0.000000,0.000000,0.000000,0.000000,1.000000,0.000000,0.000000,0.000000,0.000000,1.000000;
0.795125,-0.589716,0.141459,0.000000,0.568670,0.806070,0.163910,0.000000,-0.210680,-0.049880,0.976282,0.000000,0.000000,0.000000,0.000000,1.000000;
0.858801,0.494771,-0.132900,0.000000,-0.437569,0.843328,0.311979,0.000000,0.266430,-0.209780,0.940749,0.000000,0.000000,0.000000,0.000000,1.000000;
0.998880,-0.047300,-0.001550,0.000000,0.047280,0.995837,0.077930,0.000000,-0.002150,-0.077910,0.996958,0.000000,0.000000,0.000000,0.000000,1.000000;
0.961240,0.245290,0.125900,0.000000,-0.205160,0.941398,-0.267729,0.000000,-0.184191,0.231521,0.955234,0.000000,0.000000,0.000000,0.000000,1.000000;

}
}
ANIMES{
NUM=2;
ANIME {
IMPL_ID=0;
ALL_TIME=50.000000;
ANIME_INDEX=0;
ANIME_NAME="test"
IS_LOOP=0FRAME_NUM=0
}
ANIME {
IMPL_ID=0;
ALL_TIME=50.000000;
ANIME_INDEX=1;
ANIME_NAME="animetest"
IS_LOOP=0FRAME_NUM=0
}
}
}//impl
IMPL{
HON_MESH{
IMPL_ID=1
MFILEPATH="resrc/model/ponko2-4/pk2sailordayo"
OFILEPATH=""
ICWML=1;
OMBNAME=""
KMATRIX=1.000000,0.000000,0.000000,0.000000,0.000000,1.000000,0.000000,0.000000,0.000000,0.000000,1.000000,0.000000,0.000000,0.000000,0.000000,1.000000,;
}//honmesh
ONAJI_MESHS{
NUM=10;
ONAJI_MESH{
IMPL_ID=1
MFILEPATH="resrc/model/ponko2-3/pk2skirt"
OFILEPATH=""
ICWML=1;
OMBNAME=""
KMATRIX=1.000000,0.000000,0.000000,0.000000,0.000000,1.000000,0.000000,0.000000,0.000000,0.000000,1.000000,0.000000,0.000000,0.000000,0.000000,1.000000,;
}//onajimesh
ONAJI_MESH{
IMPL_ID=1
MFILEPATH="resrc/model/ponko2-3/pk2face"
OFILEPATH=""
ICWML=1;
OMBNAME=""
KMATRIX=1.000000,0.000000,0.000000,0.000000,0.000000,1.000000,0.000000,0.000000,0.000000,0.000000,1.000000,0.000000,0.000000,0.000000,0.000000,1.000000,;
}//onajimesh
ONAJI_MESH{
IMPL_ID=1
MFILEPATH="resrc/model/ponko2-3/pk2hidarime"
OFILEPATH=""
ICWML=1;
OMBNAME=""
KMATRIX=1.000000,0.000000,0.000000,0.000000,0.000000,1.000000,0.000000,0.000000,0.000000,0.000000,1.000000,0.000000,0.000000,0.000000,0.000000,1.000000,;
}//onajimesh
ONAJI_MESH{
IMPL_ID=1
MFILEPATH="resrc/model/ponko2-3/pk2hidarimedama"
OFILEPATH=""
ICWML=1;
OMBNAME=""
KMATRIX=1.000000,0.000000,0.000000,0.000000,0.000000,1.000000,0.000000,0.000000,0.000000,0.000000,1.000000,0.000000,0.000000,0.000000,0.000000,1.000000,;
}//onajimesh
ONAJI_MESH{
IMPL_ID=1
MFILEPATH="resrc/model/ponko2-3/pk2kami"
OFILEPATH=""
ICWML=1;
OMBNAME=""
KMATRIX=1.000000,0.000000,0.000000,0.000000,0.000000,1.000000,0.000000,0.000000,0.000000,0.000000,1.000000,0.000000,0.000000,0.000000,0.000000,1.000000,;
}//onajimesh
ONAJI_MESH{
IMPL_ID=1
MFILEPATH="resrc/model/ponko2-3/pk2kuti"
OFILEPATH=""
ICWML=1;
OMBNAME=""
KMATRIX=1.000000,0.000000,0.000000,0.000000,0.000000,1.000000,0.000000,0.000000,0.000000,0.000000,1.000000,0.000000,0.000000,0.000000,0.000000,1.000000,;
}//onajimesh
ONAJI_MESH{
IMPL_ID=1
MFILEPATH="resrc/model/ponko2-3/pk2kubi"
OFILEPATH=""
ICWML=1;
OMBNAME=""
KMATRIX=1.000000,0.000000,0.000000,0.000000,0.000000,1.000000,0.000000,0.000000,0.000000,0.000000,1.000000,0.000000,0.000000,0.000000,0.000000,1.000000,;
}//onajimesh
ONAJI_MESH{
IMPL_ID=1
MFILEPATH="resrc/model/ponko2-3/pk2mayuge"
OFILEPATH=""
ICWML=1;
OMBNAME=""
KMATRIX=1.000000,0.000000,0.000000,0.000000,0.000000,1.000000,0.000000,0.000000,0.000000,0.000000,1.000000,0.000000,0.000000,0.000000,0.000000,1.000000,;
}//onajimesh
ONAJI_MESH{
IMPL_ID=1
MFILEPATH="resrc/model/ponko2-3/pk2midarime"
OFILEPATH=""
ICWML=1;
OMBNAME=""
KMATRIX=1.000000,0.000000,0.000000,0.000000,0.000000,1.000000,0.000000,0.000000,0.000000,0.000000,1.000000,0.000000,0.000000,0.000000,0.000000,1.000000,;
}//onajimesh
ONAJI_MESH{
IMPL_ID=1
MFILEPATH="resrc/model/ponko2-3/pk2migimedama"
OFILEPATH=""
ICWML=1;
OMBNAME=""
KMATRIX=1.000000,0.000000,0.000000,0.000000,0.000000,1.000000,0.000000,0.000000,0.000000,0.000000,1.000000,0.000000,0.000000,0.000000,0.000000,1.000000,;
}//onajimesh
}// onajimeshs
KO_MESHS{
NUM=2;
KO_MESH{
IMPL_ID=1
MFILEPATH="resrc/model/ponko2-4/pk2migihanddayo"
OFILEPATH="resrc/model/ponko2-4/pk2sailordayo"
ICWML=1;
OMBNAME="migiArmTekubiBone"
KMATRIX=1.000000,0.000000,0.000000,0.000000,0.000000,1.000000,0.000000,0.000000,0.000000,0.000000,1.000000,0.000000,0.000000,0.000000,0.000000,1.000000,;
}//komesh
KO_MESH{
IMPL_ID=1
MFILEPATH="resrc/model/bazooka/rweaponbazookaguna"
OFILEPATH="resrc/model/ponko2-4/pk2migihanddayo"
ICWML=0;
OMBNAME="MigiHandMotiBone"
KMATRIX=0.000260,0.333000,0.000260,0.000000,-0.000260,0.000260,-0.333000,0.000000,-0.333000,0.000000,0.000260,0.000000,0.000000,0.000000,0.000000,1.000000,;
}//komesh
}// komeshs
NOW_KAKERA{
IMPL_ID=1;
ROTTRANSISPARAM{
24;0.000000;0.000000;0.000000;0.000000;0.000000;0.000000;0.000000;0.000000;0.000000;0.000000;0.000000;0.000000;0.000000;0.000000;0.000000;0.000000;0.000000;0.000000;0.000000;0.000000;0.000000;0.000000;0.000000;0.000000;
24;0.000000;0.000000;0.000000;0.000000;0.000000;0.000000;0.000000;0.000000;0.000000;0.000000;0.000000;0.000000;0.000000;0.000000;0.000000;0.000000;0.000000;0.000000;0.000000;0.000000;0.000000;0.000000;0.000000;0.000000;
24;0.000000;0.000000;0.000000;0.000000;0.000000;0.000000;0.000000;0.000000;0.000000;0.000000;0.000000;0.000000;0.000000;0.000000;0.000000;0.000000;0.000000;0.000000;0.000000;0.000000;0.000000;0.000000;0.000000;0.000000;
24;0.000000;0.000000;0.000000;0.000000;0.000000;0.000000;0.000000;0.000000;0.000000;0.000000;0.000000;0.000000;0.000000;0.000000;0.000000;0.000000;0.000000;0.000000;0.000000;0.000000;0.000000;0.000000;0.000000;0.000000;
24;0.000000;0.000000;0.000000;0.000000;0.000000;0.000000;0.000000;0.000000;0.000000;0.000000;0.000000;0.000000;0.000000;0.000000;0.000000;0.000000;0.000000;0.000000;0.000000;0.000000;0.000000;0.000000;0.000000;0.000000;
24;0.000000;0.000000;0.000000;0.000000;0.000000;0.000000;0.000000;0.000000;0.000000;0.000000;0.000000;0.000000;0.000000;0.000000;0.000000;0.000000;0.000000;0.000000;0.000000;0.000000;0.000000;0.000000;0.000000;0.000000;
24;1;1;1;1;1;1;1;1;1;1;1;1;1;1;1;1;1;1;1;1;1;1;1;1;
24;1;1;1;1;1;1;1;1;1;1;1;1;1;1;1;1;1;1;1;1;1;1;1;1;
24;1;1;1;1;1;1;1;1;1;1;1;1;1;1;1;1;1;1;1;1;1;1;1;1;
24;1.570000;1.570000;1.570000;1.570000;1.570000;1.570000;1.570000;1.570000;1.570000;1.570000;1.570000;1.570000;1.570000;1.570000;1.570000;1.570000;1.570000;1.570000;1.570000;1.570000;1.570000;1.570000;1.570000;1.570000;
24;-1.570000;-1.570000;-1.570000;-1.570000;-1.570000;-1.570000;-1.570000;-1.570000;-1.570000;-1.570000;-1.570000;-1.570000;-1.570000;-1.570000;-1.570000;-1.570000;-1.570000;-1.570000;-1.570000;-1.570000;-1.570000;-1.570000;-1.570000;-1.570000;
24;1.570000;1.570000;1.570000;1.570000;1.570000;1.570000;1.570000;1.570000;1.570000;1.570000;1.570000;1.570000;1.570000;1.570000;1.570000;1.570000;1.570000;1.570000;1.570000;1.570000;1.570000;1.570000;1.570000;1.570000;
24;-1.570000;-1.570000;-1.570000;-1.570000;-1.570000;-1.570000;-1.570000;-1.570000;-1.570000;-1.570000;-1.570000;-1.570000;-1.570000;-1.570000;-1.570000;-1.570000;-1.570000;-1.570000;-1.570000;-1.570000;-1.570000;-1.570000;-1.570000;-1.570000;
24;1.570000;1.570000;1.570000;1.570000;1.570000;1.570000;1.570000;1.570000;1.570000;1.570000;1.570000;1.570000;1.570000;1.570000;1.570000;1.570000;1.570000;1.570000;1.570000;1.570000;1.570000;1.570000;1.570000;1.570000;
24;-1.570000;-1.570000;-1.570000;-1.570000;-1.570000;-1.570000;-1.570000;-1.570000;-1.570000;-1.570000;-1.570000;-1.570000;-1.570000;-1.570000;-1.570000;-1.570000;-1.570000;-1.570000;-1.570000;-1.570000;-1.570000;-1.570000;-1.570000;-1.570000;
}
MESH_FILEPATHNAME="resrc/model/ponko2-4/pk2sailordayo";
FRAME=36;
MESHBONENAMEINDEX{
24;
"atamaBone"=12;
"doBone"=0;
"hidariArmBone"=7;
"hidariArmSitaBone"=8;
"hidariArmTekubiBone"=9;
"hidariFootBone"=22;
"hidariFootSitaBone"=23;
"hidariKosiBone"=19;
"hidariLegBone"=20;
"hidariLegSitaBone"=21;
"hidariSakotuBone"=6;
"kosiBone"=13;
"kubiBone"=10;
"kubiUeBone"=11;
"migiArmBone"=3;
"migiArmSitaBone"=4;
"migiArmTekubiBone"=5;
"migiFootBone"=17;
"migiFootSitaBone"=18;
"migiKosiBone"=14;
"migiLegBone"=15;
"migiLegSitaBone"=16;
"migiSakotuBone"=2;
"muneBone"=1;
}
DEFAULTFRAMEANDMATRIX{
24;36;36;36;36;36;36;36;36;36;36;36;36;36;36;36;36;36;36;36;36;36;36;36;36;
24;
1.000000,0.000000,0.000000,0.000000,0.000000,1.000000,0.000000,0.000000,0.000000,0.000000,1.000000,0.000000,0.099772,-0.595032,-0.073848,1.000000;
1.000000,0.000000,0.000000,0.000000,0.000000,0.999004,-0.044623,0.000000,0.000000,0.044623,0.999004,0.000000,0.000000,0.000000,0.000000,1.000000;
1.000000,0.000000,0.000000,0.000000,0.000000,1.000000,0.000000,0.000000,0.000000,0.000000,1.000000,0.000000,0.000000,0.000000,0.000000,1.000000;
0.544333,0.778878,0.311529,0.000000,-0.838377,0.545063,-0.005526,0.000000,0.000037,-0.226741,0.973955,0.000000,0.000000,0.000000,0.000000,1.000000;
1.000000,0.000000,0.000000,0.000000,0.000000,1.000000,0.000000,0.000000,0.000000,0.000000,1.000000,0.000000,0.000000,0.000000,0.000000,1.000000;
1.000000,0.000000,0.000000,0.000000,0.000000,1.000000,0.000000,0.000000,0.000000,0.000000,1.000000,0.000000,0.000000,0.000000,0.000000,1.000000;
1.000000,0.000000,0.000000,0.000000,0.000000,1.000000,0.000000,0.000000,0.000000,0.000000,1.000000,0.000000,0.000000,0.000000,0.000000,1.000000;
0.990449,-0.114808,0.076356,0.000000,0.136670,0.743998,-0.654056,0.000000,0.090056,0.648185,0.756139,0.000000,0.000000,0.000000,0.000000,1.000000;
0.999228,0.037111,0.012859,0.000000,-0.039183,0.919206,0.391823,0.000000,0.013575,-0.391597,0.920037,0.000000,0.000000,0.000000,0.000000,1.000000;
1.000000,0.000000,0.000000,0.000000,0.000000,1.000000,0.000000,0.000000,0.000000,0.000000,1.000000,0.000000,0.000000,0.000000,0.000000,1.000000;
1.000000,0.000000,0.000000,0.000000,0.000000,1.000000,0.000000,0.000000,0.000000,0.000000,1.000000,0.000000,0.000000,0.000000,0.000000,1.000000;
1.000000,0.000000,0.000000,0.000000,0.000000,1.000000,0.000000,0.000000,0.000000,0.000000,1.000000,0.000000,0.000000,0.000000,0.000000,1.000000;
1.000000,0.000000,0.000000,0.000000,0.000000,1.000000,0.000000,0.000000,0.000000,0.000000,1.000000,0.000000,0.000000,0.000000,0.000000,1.000000;
0.999999,-0.000864,-0.000968,0.000000,0.000969,0.998988,0.044964,0.000000,0.000865,-0.044964,0.998988,0.000000,0.000000,0.000000,0.000000,1.000000;
1.000000,0.000000,0.000000,0.000000,0.000000,1.000000,0.000000,0.000000,0.000000,0.000000,1.000000,0.000000,0.000000,0.000000,0.000000,1.000000;
0.943017,0.286584,-0.169085,0.000000,-0.494589,0.759441,0.422649,0.000000,-0.009541,-0.300177,0.953836,0.000000,0.000000,0.000000,0.000000,1.000000;
0.935210,-0.354068,0.004160,0.000000,0.302923,0.919121,0.251902,0.000000,-0.184816,-0.136104,0.973303,0.000000,0.000000,0.000000,0.000000,1.000000;
0.999782,0.020875,0.000932,0.000000,-0.020900,0.999622,0.017882,0.000000,0.000004,-0.017900,0.999840,0.000000,0.000000,0.000000,0.000000,1.000000;
0.892884,-0.276735,-0.355212,0.000000,0.231633,0.964051,-0.130200,0.000000,0.369683,-0.035003,0.928498,0.000000,0.000000,0.000000,0.000000,1.000000;
1.000000,0.000000,0.000000,0.000000,0.000000,1.000000,0.000000,0.000000,0.000000,0.000000,1.000000,0.000000,0.000000,0.000000,0.000000,1.000000;
0.943884,-0.154986,0.291653,0.000000,0.365231,0.430604,-0.825340,0.000000,-0.120888,0.855984,0.502671,0.000000,0.000000,0.000000,0.000000,1.000000;
0.921572,0.363469,-0.136367,0.000000,-0.198982,0.456992,0.866928,0.000000,0.259822,-0.745565,0.613698,0.000000,0.000000,0.000000,0.000000,1.000000;
0.999349,-0.035995,-0.002454,0.000000,0.036055,0.997580,0.059452,0.000000,-0.002916,-0.059369,0.998232,0.000000,0.000000,0.000000,0.000000,1.000000;
1.000000,0.000000,0.000000,0.000000,0.000000,1.000000,0.000000,0.000000,0.000000,0.000000,1.000000,0.000000,0.000000,0.000000,0.000000,1.000000;

}
}
KAKERAS{
NUM=4;
KAKERA {
IMPL_ID=1;
ROTTRANSISPARAM{
24;0.000000;0.000000;0.000000;0.000000;0.000000;0.000000;0.000000;0.000000;0.000000;0.000000;0.000000;0.000000;0.000000;0.000000;0.000000;0.000000;0.000000;0.000000;0.000000;0.000000;0.000000;0.000000;0.000000;0.000000;
24;0.000000;0.000000;0.000000;0.000000;0.000000;0.000000;0.000000;0.000000;0.000000;0.000000;0.000000;0.000000;0.000000;0.000000;0.000000;0.000000;0.000000;0.000000;0.000000;0.000000;0.000000;0.000000;0.000000;0.000000;
24;0.000000;0.000000;0.000000;0.000000;0.000000;0.000000;0.000000;0.000000;0.000000;0.000000;0.000000;0.000000;0.000000;0.000000;0.000000;0.000000;0.000000;0.000000;0.000000;0.000000;0.000000;0.000000;0.000000;0.000000;
24;0.000000;0.000000;0.000000;0.000000;0.000000;0.000000;0.000000;0.000000;0.000000;0.000000;0.000000;0.000000;0.000000;0.000000;0.000000;0.000000;0.000000;0.000000;0.000000;0.000000;0.000000;0.000000;0.000000;0.000000;
24;0.000000;0.000000;0.000000;0.000000;0.000000;0.000000;0.000000;0.000000;0.000000;0.000000;0.000000;0.000000;0.000000;0.000000;0.000000;0.000000;0.000000;0.000000;0.000000;0.000000;0.000000;0.000000;0.000000;0.000000;
24;0.000000;0.000000;0.000000;0.000000;0.000000;0.000000;0.000000;0.000000;0.000000;0.000000;0.000000;0.000000;0.000000;0.000000;0.000000;0.000000;0.000000;0.000000;0.000000;0.000000;0.000000;0.000000;0.000000;0.000000;
24;1;1;1;1;1;1;1;1;1;1;1;1;1;1;1;1;1;1;1;1;1;1;1;1;
24;1;1;1;1;1;1;1;1;1;1;1;1;1;1;1;1;1;1;1;1;1;1;1;1;
24;1;1;1;1;1;1;1;1;1;1;1;1;1;1;1;1;1;1;1;1;1;1;1;1;
24;1.570000;1.570000;1.570000;1.570000;1.570000;1.570000;1.570000;1.570000;1.570000;1.570000;1.570000;1.570000;1.570000;1.570000;1.570000;1.570000;1.570000;1.570000;1.570000;1.570000;1.570000;1.570000;1.570000;1.570000;
24;-1.570000;-1.570000;-1.570000;-1.570000;-1.570000;-1.570000;-1.570000;-1.570000;-1.570000;-1.570000;-1.570000;-1.570000;-1.570000;-1.570000;-1.570000;-1.570000;-1.570000;-1.570000;-1.570000;-1.570000;-1.570000;-1.570000;-1.570000;-1.570000;
24;1.570000;1.570000;1.570000;1.570000;1.570000;1.570000;1.570000;1.570000;1.570000;1.570000;1.570000;1.570000;1.570000;1.570000;1.570000;1.570000;1.570000;1.570000;1.570000;1.570000;1.570000;1.570000;1.570000;1.570000;
24;-1.570000;-1.570000;-1.570000;-1.570000;-1.570000;-1.570000;-1.570000;-1.570000;-1.570000;-1.570000;-1.570000;-1.570000;-1.570000;-1.570000;-1.570000;-1.570000;-1.570000;-1.570000;-1.570000;-1.570000;-1.570000;-1.570000;-1.570000;-1.570000;
24;1.570000;1.570000;1.570000;1.570000;1.570000;1.570000;1.570000;1.570000;1.570000;1.570000;1.570000;1.570000;1.570000;1.570000;1.570000;1.570000;1.570000;1.570000;1.570000;1.570000;1.570000;1.570000;1.570000;1.570000;
24;-1.570000;-1.570000;-1.570000;-1.570000;-1.570000;-1.570000;-1.570000;-1.570000;-1.570000;-1.570000;-1.570000;-1.570000;-1.570000;-1.570000;-1.570000;-1.570000;-1.570000;-1.570000;-1.570000;-1.570000;-1.570000;-1.570000;-1.570000;-1.570000;
}
MESH_FILEPATHNAME="resrc/model/ponko2-4/pk2sailordayo";
FRAME=0;
MESHBONENAMEINDEX{
24;
"atamaBone"=12;
"doBone"=0;
"hidariArmBone"=7;
"hidariArmSitaBone"=8;
"hidariArmTekubiBone"=9;
"hidariFootBone"=22;
"hidariFootSitaBone"=23;
"hidariKosiBone"=19;
"hidariLegBone"=20;
"hidariLegSitaBone"=21;
"hidariSakotuBone"=6;
"kosiBone"=13;
"kubiBone"=10;
"kubiUeBone"=11;
"migiArmBone"=3;
"migiArmSitaBone"=4;
"migiArmTekubiBone"=5;
"migiFootBone"=17;
"migiFootSitaBone"=18;
"migiKosiBone"=14;
"migiLegBone"=15;
"migiLegSitaBone"=16;
"migiSakotuBone"=2;
"muneBone"=1;
}
DEFAULTFRAMEANDMATRIX{
24;9;9;9;9;9;9;9;9;9;9;9;9;9;9;9;9;9;9;9;9;9;9;9;9;
24;
0.187000,-0.181490,0.965449,0.000000,0.181490,0.972250,0.147620,0.000000,-0.965449,0.147620,0.214750,0.000000,0.034500,-0.688900,-0.101550,1.000000;
1.000000,0.000000,0.000000,0.000000,0.000000,0.999881,-0.015430,0.000000,0.000000,0.015430,0.999881,0.000000,0.000000,0.000000,0.000000,1.000000;
1.000000,0.000000,0.000000,0.000000,0.000000,1.000000,0.000000,0.000000,0.000000,0.000000,1.000000,0.000000,0.000000,0.000000,0.000000,1.000000;
0.963981,0.231100,0.131660,0.000000,-0.021950,0.562432,-0.826552,0.000000,-0.265060,0.793890,0.547250,0.000000,0.000000,0.000000,0.000000,1.000000;
0.999506,0.025020,0.019030,0.000000,-0.030830,0.662233,0.748663,0.000000,0.006130,-0.748879,0.662679,0.000000,0.000000,0.000000,0.000000,1.000000;
1.000000,0.000000,0.000000,0.000000,0.000000,1.000000,0.000000,0.000000,0.000000,0.000000,1.000000,0.000000,0.000000,0.000000,0.000000,1.000000;
1.000000,0.000000,0.000000,0.000000,0.000000,1.000000,0.000000,0.000000,0.000000,0.000000,1.000000,0.000000,0.000000,0.000000,0.000000,1.000000;
0.050710,-0.921372,-0.385361,0.000000,0.982763,0.114720,-0.144970,0.000000,0.177779,-0.371369,0.911307,0.000000,0.000000,0.000000,0.000000,1.000000;
0.989320,-0.144260,0.020840,0.000000,0.143550,0.989123,0.032070,0.000000,-0.025240,-0.028740,0.999268,0.000000,0.000000,0.000000,0.000000,1.000000;
1.000000,0.000000,0.000000,0.000000,0.000000,1.000000,0.000000,0.000000,0.000000,0.000000,1.000000,0.000000,0.000000,0.000000,0.000000,1.000000;
1.000000,0.000000,0.000000,0.000000,0.000000,1.000000,0.000000,0.000000,0.000000,0.000000,1.000000,0.000000,0.000000,0.000000,0.000000,1.000000;
1.000000,0.000000,0.000000,0.000000,0.000000,1.000000,0.000000,0.000000,0.000000,0.000000,1.000000,0.000000,0.000000,0.000000,0.000000,1.000000;
1.000000,0.000000,0.000000,0.000000,0.000000,1.000000,0.000000,0.000000,0.000000,0.000000,1.000000,0.000000,0.000000,0.000000,0.000000,1.000000;
1.000000,-0.000310,-0.000320,0.000000,0.000320,0.999879,0.015540,0.000000,0.000310,-0.015540,0.999879,0.000000,0.000000,0.000000,0.000000,1.000000;
1.000000,0.000000,0.000000,0.000000,0.000000,1.000000,0.000000,0.000000,0.000000,0.000000,1.000000,0.000000,0.000000,0.000000,0.000000,1.000000;
0.990716,0.006640,-0.135789,0.000000,-0.120060,0.511259,-0.850999,0.000000,0.063770,0.859396,0.507318,0.000000,0.000000,0.000000,0.000000,1.000000;
0.990832,-0.115310,0.070400,0.000000,0.005320,0.553970,0.832520,0.000000,-0.134990,-0.824510,0.549510,0.000000,0.000000,0.000000,0.000000,1.000000;
0.999979,0.005150,0.004040,0.000000,-0.005740,0.986915,0.161139,0.000000,-0.003160,-0.161161,0.986923,0.000000,0.000000,0.000000,0.000000,1.000000;
1.000000,0.000000,0.000000,0.000000,0.000000,1.000000,0.000000,0.000000,0.000000,0.000000,1.000000,0.000000,0.000000,0.000000,0.000000,1.000000;
1.000000,0.000000,0.000000,0.000000,0.000000,1.000000,0.000000,0.000000,0.000000,0.000000,1.000000,0.000000,0.000000,0.000000,0.000000,1.000000;
0.967545,-0.208639,-0.142569,0.000000,0.242270,0.605530,0.758050,0.000000,-0.071830,-0.767982,0.636431,0.000000,0.000000,0.000000,0.000000,1.000000;
0.990827,0.125620,-0.049810,0.000000,-0.122879,0.990905,0.054840,0.000000,0.056240,-0.048210,0.997253,0.000000,0.000000,0.000000,0.000000,1.000000;
0.999922,-0.012480,-0.000050,0.000000,0.012480,0.999711,0.020560,0.000000,-0.000210,-0.020560,0.999789,0.000000,0.000000,0.000000,0.000000,1.000000;
0.872567,0.456748,0.173229,0.000000,-0.324809,0.807357,-0.492618,0.000000,-0.364861,0.373571,0.852832,0.000000,0.000000,0.000000,0.000000,1.000000;

}
}
KAKERA {
IMPL_ID=1;
ROTTRANSISPARAM{
24;0.000000;0.000000;0.000000;0.000000;0.000000;0.000000;0.000000;0.000000;0.000000;0.000000;0.000000;0.000000;0.000000;0.000000;0.000000;0.000000;0.000000;0.000000;0.000000;0.000000;0.000000;0.000000;0.000000;0.000000;
24;0.000000;0.000000;0.000000;0.000000;0.000000;0.000000;0.000000;0.000000;0.000000;0.000000;0.000000;0.000000;0.000000;0.000000;0.000000;0.000000;0.000000;0.000000;0.000000;0.000000;0.000000;0.000000;0.000000;0.000000;
24;0.000000;0.000000;0.000000;0.000000;0.000000;0.000000;0.000000;0.000000;0.000000;0.000000;0.000000;0.000000;0.000000;0.000000;0.000000;0.000000;0.000000;0.000000;0.000000;0.000000;0.000000;0.000000;0.000000;0.000000;
24;0.000000;0.000000;0.000000;0.000000;0.000000;0.000000;0.000000;0.000000;0.000000;0.000000;0.000000;0.000000;0.000000;0.000000;0.000000;0.000000;0.000000;0.000000;0.000000;0.000000;0.000000;0.000000;0.000000;0.000000;
24;0.000000;0.000000;0.000000;0.000000;0.000000;0.000000;0.000000;0.000000;0.000000;0.000000;0.000000;0.000000;0.000000;0.000000;0.000000;0.000000;0.000000;0.000000;0.000000;0.000000;0.000000;0.000000;0.000000;0.000000;
24;0.000000;0.000000;0.000000;0.000000;0.000000;0.000000;0.000000;0.000000;0.000000;0.000000;0.000000;0.000000;0.000000;0.000000;0.000000;0.000000;0.000000;0.000000;0.000000;0.000000;0.000000;0.000000;0.000000;0.000000;
24;1;1;1;1;1;1;1;1;1;1;1;1;1;1;1;1;1;1;1;1;1;1;1;1;
24;1;1;1;1;1;1;1;1;1;1;1;1;1;1;1;1;1;1;1;1;1;1;1;1;
24;1;1;1;1;1;1;1;1;1;1;1;1;1;1;1;1;1;1;1;1;1;1;1;1;
24;1.570000;1.570000;1.570000;1.570000;1.570000;1.570000;1.570000;1.570000;1.570000;1.570000;1.570000;1.570000;1.570000;1.570000;1.570000;1.570000;1.570000;1.570000;1.570000;1.570000;1.570000;1.570000;1.570000;1.570000;
24;-1.570000;-1.570000;-1.570000;-1.570000;-1.570000;-1.570000;-1.570000;-1.570000;-1.570000;-1.570000;-1.570000;-1.570000;-1.570000;-1.570000;-1.570000;-1.570000;-1.570000;-1.570000;-1.570000;-1.570000;-1.570000;-1.570000;-1.570000;-1.570000;
24;1.570000;1.570000;1.570000;1.570000;1.570000;1.570000;1.570000;1.570000;1.570000;1.570000;1.570000;1.570000;1.570000;1.570000;1.570000;1.570000;1.570000;1.570000;1.570000;1.570000;1.570000;1.570000;1.570000;1.570000;
24;-1.570000;-1.570000;-1.570000;-1.570000;-1.570000;-1.570000;-1.570000;-1.570000;-1.570000;-1.570000;-1.570000;-1.570000;-1.570000;-1.570000;-1.570000;-1.570000;-1.570000;-1.570000;-1.570000;-1.570000;-1.570000;-1.570000;-1.570000;-1.570000;
24;1.570000;1.570000;1.570000;1.570000;1.570000;1.570000;1.570000;1.570000;1.570000;1.570000;1.570000;1.570000;1.570000;1.570000;1.570000;1.570000;1.570000;1.570000;1.570000;1.570000;1.570000;1.570000;1.570000;1.570000;
24;-1.570000;-1.570000;-1.570000;-1.570000;-1.570000;-1.570000;-1.570000;-1.570000;-1.570000;-1.570000;-1.570000;-1.570000;-1.570000;-1.570000;-1.570000;-1.570000;-1.570000;-1.570000;-1.570000;-1.570000;-1.570000;-1.570000;-1.570000;-1.570000;
}
MESH_FILEPATHNAME="resrc/model/ponko2-4/pk2sailordayo";
FRAME=19;
MESHBONENAMEINDEX{
24;
"atamaBone"=12;
"doBone"=0;
"hidariArmBone"=7;
"hidariArmSitaBone"=8;
"hidariArmTekubiBone"=9;
"hidariFootBone"=22;
"hidariFootSitaBone"=23;
"hidariKosiBone"=19;
"hidariLegBone"=20;
"hidariLegSitaBone"=21;
"hidariSakotuBone"=6;
"kosiBone"=13;
"kubiBone"=10;
"kubiUeBone"=11;
"migiArmBone"=3;
"migiArmSitaBone"=4;
"migiArmTekubiBone"=5;
"migiFootBone"=17;
"migiFootSitaBone"=18;
"migiKosiBone"=14;
"migiLegBone"=15;
"migiLegSitaBone"=16;
"migiSakotuBone"=2;
"muneBone"=1;
}
DEFAULTFRAMEANDMATRIX{
24;14;14;14;14;14;14;14;14;14;14;14;14;14;14;14;14;14;14;14;14;14;14;14;14;
24;
0.790811,0.113150,-0.601511,0.000000,-0.113150,0.992851,0.038010,0.000000,0.601510,0.038010,0.797960,0.000000,0.198170,-1.246430,-0.062110,1.000000;
1.000000,0.000000,0.000000,0.000000,0.000000,0.996558,-0.082900,0.000000,0.000000,0.082900,0.996558,0.000000,0.000000,0.000000,0.000000,1.000000;
1.000000,0.000000,0.000000,0.000000,0.000000,1.000000,0.000000,0.000000,0.000000,0.000000,1.000000,0.000000,0.000000,0.000000,0.000000,1.000000;
0.774551,0.569771,0.274650,0.000000,-0.146840,0.584330,-0.798120,0.000000,-0.615229,0.577859,0.536259,0.000000,0.000000,0.000000,0.000000,1.000000;
0.739441,0.649611,-0.176730,0.000000,-0.634261,0.760221,0.140630,0.000000,0.225710,0.008110,0.974161,0.000000,0.000000,0.000000,0.000000,1.000000;
1.000000,0.000000,0.000000,0.000000,0.000000,1.000000,0.000000,0.000000,0.000000,0.000000,1.000000,0.000000,0.000000,0.000000,0.000000,1.000000;
1.000000,0.000000,0.000000,0.000000,0.000000,1.000000,0.000000,0.000000,0.000000,0.000000,1.000000,0.000000,0.000000,0.000000,0.000000,1.000000;
0.889769,-0.099560,-0.445420,0.000000,-0.379919,0.379259,-0.843697,0.000000,0.252920,0.919920,0.299630,0.000000,0.000000,0.000000,0.000000,1.000000;
0.441092,-0.877123,0.189981,0.000000,0.840527,0.477948,0.255109,0.000000,-0.314562,0.047160,0.948065,0.000000,0.000000,0.000000,0.000000,1.000000;
1.000000,0.000000,0.000000,0.000000,0.000000,1.000000,0.000000,0.000000,0.000000,0.000000,1.000000,0.000000,0.000000,0.000000,0.000000,1.000000;
1.000000,0.000000,0.000000,0.000000,0.000000,1.000000,0.000000,0.000000,0.000000,0.000000,1.000000,0.000000,0.000000,0.000000,0.000000,1.000000;
1.000000,0.000000,0.000000,0.000000,0.000000,1.000000,0.000000,0.000000,0.000000,0.000000,1.000000,0.000000,0.000000,0.000000,0.000000,1.000000;
1.000000,0.000000,0.000000,0.000000,0.000000,1.000000,0.000000,0.000000,0.000000,0.000000,1.000000,0.000000,0.000000,0.000000,0.000000,1.000000;
0.999997,-0.001630,-0.001780,0.000000,0.001780,0.996504,0.083530,0.000000,0.001630,-0.083530,0.996504,0.000000,0.000000,0.000000,0.000000,1.000000;
1.000000,0.000000,0.000000,0.000000,0.000000,1.000000,0.000000,0.000000,0.000000,0.000000,1.000000,0.000000,0.000000,0.000000,0.000000,1.000000;
0.661353,0.717083,-0.220011,0.000000,-0.716460,0.690750,0.097720,0.000000,0.222041,0.093000,0.970592,0.000000,0.000000,0.000000,0.000000,1.000000;
0.737858,-0.669458,0.085970,0.000000,0.610689,0.716409,0.337369,0.000000,-0.287449,-0.196429,0.937437,0.000000,0.000000,0.000000,0.000000,1.000000;
0.999299,0.037410,-0.001300,0.000000,-0.037440,0.998689,-0.034920,0.000000,0.000000,0.034940,0.999389,0.000000,0.000000,0.000000,0.000000,1.000000;
0.996315,-0.063680,-0.057460,0.000000,0.055100,0.988585,-0.140231,0.000000,0.065730,0.136550,0.988450,0.000000,0.000000,0.000000,0.000000,1.000000;
1.000000,0.000000,0.000000,0.000000,0.000000,1.000000,0.000000,0.000000,0.000000,0.000000,1.000000,0.000000,0.000000,0.000000,0.000000,1.000000;
0.778643,-0.331641,0.532662,0.000000,0.627062,0.380881,-0.679502,0.000000,0.022480,0.863101,0.504531,0.000000,0.000000,0.000000,0.000000,1.000000;
0.732241,0.678501,-0.058820,0.000000,-0.461769,0.558109,0.689408,0.000000,0.500589,-0.477659,0.721978,0.000000,0.000000,0.000000,0.000000,1.000000;
0.997748,-0.066990,-0.003280,0.000000,0.066950,0.991633,0.110370,0.000000,-0.004140,-0.110339,0.993885,0.000000,0.000000,0.000000,0.000000,1.000000;
1.000000,0.000000,0.000000,0.000000,0.000000,1.000000,0.000000,0.000000,0.000000,0.000000,1.000000,0.000000,0.000000,0.000000,0.000000,1.000000;

}
}
KAKERA {
IMPL_ID=1;
ROTTRANSISPARAM{
24;0.000000;0.000000;0.000000;0.000000;0.000000;0.000000;0.000000;0.000000;0.000000;0.000000;0.000000;0.000000;0.000000;0.000000;0.000000;0.000000;0.000000;0.000000;0.000000;0.000000;0.000000;0.000000;0.000000;0.000000;
24;0.000000;0.000000;0.000000;0.000000;0.000000;0.000000;0.000000;0.000000;0.000000;0.000000;0.000000;0.000000;0.000000;0.000000;0.000000;0.000000;0.000000;0.000000;0.000000;0.000000;0.000000;0.000000;0.000000;0.000000;
24;0.000000;0.000000;0.000000;0.000000;0.000000;0.000000;0.000000;0.000000;0.000000;0.000000;0.000000;0.000000;0.000000;0.000000;0.000000;0.000000;0.000000;0.000000;0.000000;0.000000;0.000000;0.000000;0.000000;0.000000;
24;0.000000;0.000000;0.000000;0.000000;0.000000;0.000000;0.000000;0.000000;0.000000;0.000000;0.000000;0.000000;0.000000;0.000000;0.000000;0.000000;0.000000;0.000000;0.000000;0.000000;0.000000;0.000000;0.000000;0.000000;
24;0.000000;0.000000;0.000000;0.000000;0.000000;0.000000;0.000000;0.000000;0.000000;0.000000;0.000000;0.000000;0.000000;0.000000;0.000000;0.000000;0.000000;0.000000;0.000000;0.000000;0.000000;0.000000;0.000000;0.000000;
24;0.000000;0.000000;0.000000;0.000000;0.000000;0.000000;0.000000;0.000000;0.000000;0.000000;0.000000;0.000000;0.000000;0.000000;0.000000;0.000000;0.000000;0.000000;0.000000;0.000000;0.000000;0.000000;0.000000;0.000000;
24;1;1;1;1;1;1;1;1;1;1;1;1;1;1;1;1;1;1;1;1;1;1;1;1;
24;1;1;1;1;1;1;1;1;1;1;1;1;1;1;1;1;1;1;1;1;1;1;1;1;
24;1;1;1;1;1;1;1;1;1;1;1;1;1;1;1;1;1;1;1;1;1;1;1;1;
24;1.570000;1.570000;1.570000;1.570000;1.570000;1.570000;1.570000;1.570000;1.570000;1.570000;1.570000;1.570000;1.570000;1.570000;1.570000;1.570000;1.570000;1.570000;1.570000;1.570000;1.570000;1.570000;1.570000;1.570000;
24;-1.570000;-1.570000;-1.570000;-1.570000;-1.570000;-1.570000;-1.570000;-1.570000;-1.570000;-1.570000;-1.570000;-1.570000;-1.570000;-1.570000;-1.570000;-1.570000;-1.570000;-1.570000;-1.570000;-1.570000;-1.570000;-1.570000;-1.570000;-1.570000;
24;1.570000;1.570000;1.570000;1.570000;1.570000;1.570000;1.570000;1.570000;1.570000;1.570000;1.570000;1.570000;1.570000;1.570000;1.570000;1.570000;1.570000;1.570000;1.570000;1.570000;1.570000;1.570000;1.570000;1.570000;
24;-1.570000;-1.570000;-1.570000;-1.570000;-1.570000;-1.570000;-1.570000;-1.570000;-1.570000;-1.570000;-1.570000;-1.570000;-1.570000;-1.570000;-1.570000;-1.570000;-1.570000;-1.570000;-1.570000;-1.570000;-1.570000;-1.570000;-1.570000;-1.570000;
24;1.570000;1.570000;1.570000;1.570000;1.570000;1.570000;1.570000;1.570000;1.570000;1.570000;1.570000;1.570000;1.570000;1.570000;1.570000;1.570000;1.570000;1.570000;1.570000;1.570000;1.570000;1.570000;1.570000;1.570000;
24;-1.570000;-1.570000;-1.570000;-1.570000;-1.570000;-1.570000;-1.570000;-1.570000;-1.570000;-1.570000;-1.570000;-1.570000;-1.570000;-1.570000;-1.570000;-1.570000;-1.570000;-1.570000;-1.570000;-1.570000;-1.570000;-1.570000;-1.570000;-1.570000;
}
MESH_FILEPATHNAME="resrc/model/ponko2-4/pk2sailordayo";
FRAME=30;
MESHBONENAMEINDEX{
24;
"atamaBone"=12;
"doBone"=0;
"hidariArmBone"=7;
"hidariArmSitaBone"=8;
"hidariArmTekubiBone"=9;
"hidariFootBone"=22;
"hidariFootSitaBone"=23;
"hidariKosiBone"=19;
"hidariLegBone"=20;
"hidariLegSitaBone"=21;
"hidariSakotuBone"=6;
"kosiBone"=13;
"kubiBone"=10;
"kubiUeBone"=11;
"migiArmBone"=3;
"migiArmSitaBone"=4;
"migiArmTekubiBone"=5;
"migiFootBone"=17;
"migiFootSitaBone"=18;
"migiKosiBone"=14;
"migiLegBone"=15;
"migiLegSitaBone"=16;
"migiSakotuBone"=2;
"muneBone"=1;
}
DEFAULTFRAMEANDMATRIX{
24;13;13;13;13;13;13;13;13;13;13;13;13;13;13;13;13;13;13;13;13;13;13;13;13;
24;
0.941012,0.062560,-0.332541,0.000000,-0.062560,0.997984,0.010720,0.000000,0.332539,0.010720,0.943028,0.000000,0.235250,-1.213510,-0.019390,1.000000;
1.000000,0.000000,0.000000,0.000000,0.000000,0.994733,-0.102500,0.000000,0.000000,0.102500,0.994733,0.000000,0.000000,0.000000,0.000000,1.000000;
1.000000,0.000000,0.000000,0.000000,0.000000,1.000000,0.000000,0.000000,0.000000,0.000000,1.000000,0.000000,0.000000,0.000000,0.000000,1.000000;
