verts{
51;
0,0.33539,-0.24961,8.09658,0.22504,-0.92102,-0.31785,1.0,0.0,;
1,0.23144,-0.2263,8.10341,0.23771,-0.86294,-0.44584,1.0,1.0,;
2,0.18389,-0.2888,8.0495,0.764,-0.3198,-0.56035,1.0,0.0,;
3,0.15588,-0.30956,8.02851,0.82559,-0.34904,0.44331,1.0,0.0,;
4,0.18223,-0.30553,8.01883,0.82067,-0.19044,0.53868,1.0,1.0,;
5,0.16499,-0.28324,7.97719,0.8883,-0.13358,-0.43937,1.0,0.0,;
6,0.20034,-0.2079,8.02575,0.84777,-0.38997,-0.35939,0.0,0.0,;
7,0.23936,-0.21519,8.07358,-0.0163,-0.92868,-0.37046,1.0,1.0,;
8,0.32584,-0.23577,8.07106,0.10504,-0.82684,-0.55251,0.0,0.0,;
9,0.43604,-0.16597,8.0477,0.12088,-0.66228,-0.7394,0.0,0.0,;
10,0.44477,-0.14094,8.0172,0.36131,-0.8844,-0.29542,1.0,0.0,;
11,0.44771,-0.16712,7.94704,0.52974,-0.7871,0.31593,0.0,0.0,;
12,0.47645,-0.13026,7.9907,0.40553,-0.87948,0.24903,1.0,1.0,;
13,0.5096,-0.12296,8.01441,-0.04657,-0.9346,0.35258,0.0,0.0,;
14,0.4872,-0.12228,8.01327,0.34819,-0.92602,-0.1457,1.0,0.0,;
15,0.57456,-0.06322,8.0545,0.63515,-0.60033,-0.48592,0.0,0.0,;
16,0.47906,-0.15818,8.04699,0.3488,-0.72011,-0.59978,1.0,1.0,;
17,0.36609,-0.19179,8.0745,0.14621,0.28413,0.94754,0.0,0.0,;
18,0.21305,-0.19446,7.88063,-0.40312,-0.86843,0.28852,1.0,0.0,;
19,0.27479,-0.23415,7.84744,-0.38881,-0.90289,0.18314,1.0,1.0,;
20,0.33308,-0.24306,7.852,0.13724,-0.97391,-0.18064,0.0,0.0,;
21,0.36503,-0.23644,7.85793,0.16929,-0.97043,0.17194,0.0,0.0,;
22,0.37548,-0.23016,7.88309,0.28361,-0.95886,0.01117,1.0,0.0,;
23,0.32443,-0.251,7.87945,0.07312,-0.98032,-0.18326,0.0,0.0,;
24,0.2779,-0.22958,7.86551,-0.43849,-0.85061,0.29011,0.0,0.0,;
25,0.30877,-0.24831,8.09504,-0.15821,-0.97397,0.1623,1.0,1.0,;
26,0.18223,-0.30553,8.01883,0.82067,-0.19044,0.53868,0.0,0.0,;
27,0.20034,-0.2079,8.02575,0.84777,-0.38997,-0.35939,1.0,1.0,;
28,0.15588,-0.30956,8.02851,0.82559,-0.34904,0.44331,1.0,1.0,;
29,0.18389,-0.2888,8.0495,0.764,-0.3198,-0.56035,0.0,0.0,;
30,0.20034,-0.2079,8.02575,0.84777,-0.38997,-0.35939,1.0,0.0,;
31,0.23144,-0.2263,8.10341,0.23771,-0.86294,-0.44584,0.0,0.0,;
32,0.20034,-0.2079,8.02575,0.84777,-0.38997,-0.35939,1.0,0.0,;
33,0.23144,-0.2263,8.10341,0.23771,-0.86294,-0.44584,0.0,0.0,;
34,0.23936,-0.21519,8.07358,-0.0163,-0.92868,-0.37046,1.0,0.0,;
35,0.30877,-0.24831,8.09504,-0.15821,-0.97397,0.1623,1.0,0.0,;
36,0.32584,-0.23577,8.07106,0.10504,-0.82684,-0.55251,1.0,1.0,;
37,0.33539,-0.24961,8.09658,0.22504,-0.92102,-0.31785,0.0,0.0,;
38,0.43604,-0.16597,8.0477,0.12088,-0.66228,-0.7394,1.0,0.0,;
39,0.30877,-0.24831,8.09504,-0.15821,-0.97397,0.1623,0.0,0.0,;
40,0.4872,-0.12228,8.01327,0.34819,-0.92602,-0.1457,0.0,0.0,;
41,0.47906,-0.15818,8.04699,0.3488,-0.72011,-0.59978,0.0,0.0,;
42,0.4872,-0.12228,8.01327,0.34819,-0.92602,-0.1457,1.0,1.0,;
43,0.47906,-0.15818,8.04699,0.3488,-0.72011,-0.59978,1.0,0.0,;
44,0.4872,-0.12228,8.01327,0.34819,-0.92602,-0.1457,1.0,1.0,;
45,0.47645,-0.13026,7.9907,0.40553,-0.87948,0.24903,1.0,0.0,;
46,0.44477,-0.14094,8.0172,0.36131,-0.8844,-0.29542,1.0,1.0,;
47,0.2779,-0.22958,7.86551,-0.43849,-0.85061,0.29011,1.0,0.0,;
48,0.32443,-0.251,7.87945,0.07312,-0.98032,-0.18326,1.0,0.0,;
49,0.32443,-0.251,7.87945,0.07312,-0.98032,-0.18326,1.0,1.0,;
50,0.33308,-0.24306,7.852,0.13724,-0.97391,-0.18064,1.0,1.0,;
}
polygons{
23;
0,0.35961,-0.13225,0.92368,0,6,3,4,;
1,0.8883,-0.13359,-0.4394,0,26,5,27,;
2,0.70996,-0.32736,-0.62353,0,6,2,28,;
3,0.86022,-0.29664,-0.41476,0,29,30,1,;
4,0.19033,-0.93545,-0.29785,0,31,32,7,;
5,-0.29068,-0.86885,-0.40076,0,33,34,25,;
6,-0.20661,-0.79896,-0.56479,0,8,35,7,;
7,-0.01578,-0.88145,-0.47202,0,8,0,25,;
8,0.3629,-0.75551,-0.54545,0,9,0,36,;
9,0.09231,-0.58289,-0.80729,0,37,38,16,;
10,-0.07515,-0.57406,0.81536,0,39,0,1,;
11,0.14622,0.28414,0.94757,0,17,0,16,;
12,-0.04663,-0.93462,0.35258,0,13,14,12,;
13,0.40921,-0.90387,0.12475,0,40,10,12,;
14,0.13211,-0.78443,-0.60599,0,9,10,16,;
15,0.24192,-0.6928,-0.67934,0,41,10,42,;
16,0.63518,-0.60035,-0.48593,0,15,43,44,;
17,0.52976,-0.78711,0.31593,0,11,45,46,;
18,-0.40314,-0.86846,0.28854,0,24,18,19,;
19,-0.47062,-0.83291,0.29118,0,23,47,19,;
20,-0.11988,-0.94295,-0.3106,0,20,48,19,;
21,0.38285,-0.91262,-0.14335,0,20,22,49,;
22,0.16928,-0.97045,0.17195,0,21,22,50,;
}
materials{
1;
0,0.094,0.047,0.239,none.png,;
}
boneinfo{
22;
0,doBone,;
matrix;1.0,0.0,0.0,0.0,0.0,0.0,-1.0,0.0,0.0,1.0,0.0,0.0,0.0,0.0,0.0,1.0,;
matrix_local;1.0,0.0,0.0,0.0,0.0,0.0,-1.0,0.0,0.0,1.0,0.0,4.3594,0.0,0.0,0.0,1.0,;
1,muneBone,;
matrix;-1.0,0.0,-0.0,0.0,-0.0,1.0,0.0,0.0,0.0,0.0,-1.0,0.0,0.0,0.0,0.0,1.0,;
matrix_local;-1.0,0.0,-0.0,0.0,-0.0,-0.0,1.0,0.0,0.0,1.0,0.0,5.3594,0.0,0.0,0.0,1.0,;
2,migiSakotuBone,;
matrix;0.03845,0.98058,-0.1923,0.0,-0.1923,0.19611,0.96154,0.0,0.98058,1e-05,0.19611,0.0,0.0,0.0,0.0,1.0,;
matrix_local;-0.03845,-0.98058,0.1923,0.0,0.98058,1e-05,0.19611,-0.0,-0.1923,0.19611,0.96154,6.43428,0.0,0.0,0.0,1.0,;
3,migiArmBone,;
matrix;0.9297,0.07351,-0.36091,0.0,0.06973,0.92704,0.36843,0.0,0.36166,-0.36769,0.85674,0.0,0.0,0.0,0.0,1.0,;
matrix_local;-0.03457,-0.98257,-0.18264,-0.58624,0.98257,-1e-05,-0.18589,1e-05,0.18264,-0.18589,0.96545,6.55152,0.0,0.0,0.0,1.0,;
4,migiArmSitaBone,;
matrix;0.99799,0.01164,0.06222,0.0,-0.00777,0.99804,-0.0621,0.0,-0.06282,0.06149,0.99613,0.0,0.0,0.0,0.0,1.0,;
matrix_local;-0.01539,-0.99228,-0.12307,-2.0323,0.99228,-1e-05,-0.12403,-1e-05,0.12307,-0.12403,0.98462,6.27795,0.0,0.0,0.0,1.0,;
5,hidariSakotuBone,;
matrix;0.01616,-0.99188,0.12613,0.0,0.12613,0.12716,0.98383,0.0,-0.99188,1e-05,0.12716,0.0,0.0,0.0,0.0,1.0,;
matrix_local;-0.01616,0.99188,-0.12613,0.0,-0.99188,1e-05,0.12716,-0.0,0.12613,0.12716,0.98383,6.43428,0.0,0.0,0.0,1.0,;
6,hidariArmBone,;
matrix;0.94634,-0.0416,0.32049,0.0,-0.06697,0.94491,0.32042,0.0,-0.31616,-0.32469,0.89141,0.0,0.0,0.0,0.0,1.0,;
matrix_local;-0.04185,0.97886,0.2002,0.76211,-0.97886,-1e-05,-0.20453,1e-05,-0.2002,-0.20453,0.95817,6.53198,0.0,0.0,0.0,1.0,;
7,hidariArmSitaBone,;
matrix;0.99424,-0.02171,-0.10497,0.0,0.01057,0.99435,-0.10559,0.0,0.10667,0.10387,0.98885,0.0,0.0,0.0,0.0,1.0,;
matrix_local;-0.00991,0.99504,0.09901,2.07139,-0.99504,-1e-05,-0.0995,-1e-05,-0.09901,-0.0995,0.9901,6.25841,0.0,0.0,0.0,1.0,;
8,kubiBone,;
matrix;-0.99951,-0.02222,-0.02221,0.0,-0.02221,0.99975,-0.00049,0.0,0.02222,0.0,-0.99975,0.0,0.0,0.0,0.0,1.0,;
matrix_local;0.99951,0.02222,0.02221,0.0,0.02222,0.0,-0.99975,-0.0,-0.02221,0.99975,-0.00049,6.43428,0.0,0.0,0.0,1.0,;
9,kubiUeBone,;
matrix;0.99962,0.01942,0.01942,0.0,-0.01941,0.99981,-0.00081,0.0,-0.01943,0.00043,0.99981,0.0,0.0,0.0,0.0,1.0,;
matrix_local;0.99827,0.04163,0.04159,0.01131,0.04163,0.0,-0.99913,0.0,-0.04159,0.99913,-0.00173,6.94332,0.0,0.0,0.0,1.0,;
10,atamaBone,;
matrix;0.99827,-0.04159,-0.04163,0.0,0.04163,0.99913,0.0,0.0,0.04159,-0.00173,0.99913,0.0,0.0,0.0,0.0,1.0,;
matrix_local;1.0,-0.0,-0.0,0.03394,-0.0,0.0,-1.0,0.0,0.0,1.0,0.0,7.4863,0.0,0.0,0.0,1.0,;
11,kosiBone,;
matrix;0.99958,0.0204,-0.0204,0.0,0.0204,-0.99979,-0.00048,0.0,-0.0204,7e-05,-0.99979,0.0,0.0,0.0,0.0,1.0,;
matrix_local;0.99958,0.0204,-0.0204,0.0,0.0204,-7e-05,0.99979,0.0,0.0204,-0.99979,-0.00048,5.3594,0.0,0.0,0.0,1.0,;
12,migiKosiBone,;
matrix;-0.09937,-0.94212,-0.32021,0.0,-0.33353,0.33472,-0.88132,0.0,0.93749,0.01923,-0.34748,0.0,0.0,0.0,0.0,1.0,;
matrix_local;-0.12525,-0.93529,-0.33097,0.03908,0.93529,-2e-05,-0.35388,-0.00013,0.33097,-0.35388,0.87477,3.4444,0.0,0.0,0.0,1.0,;
13,migiLegBone,;
matrix;-0.22615,-0.3199,0.92007,0.0,-0.90089,0.42792,-0.07265,0.0,-0.37048,-0.84531,-0.38497,0.0,0.0,0.0,0.0,1.0,;
matrix_local;0.99354,-0.08039,0.08012,-0.68394,-0.08039,-7e-05,0.99676,-0.00015,-0.08012,-0.99676,-0.00653,3.17084,0.0,0.0,0.0,1.0,;
14,migiLegSitaBone,;
matrix;0.99983,-0.01297,0.01299,0.0,0.01295,0.99992,0.00115,0.0,-0.01301,-0.00098,0.99991,0.0,0.0,0.0,0.0,1.0,;
matrix_local;0.99129,-0.09334,0.09293,-0.87935,-0.09334,0.0,0.99563,-0.00031,-0.09293,-0.99563,-0.00871,0.74783,0.0,0.0,0.0,1.0,;
15,migiFootBone,;
matrix;0.99494,0.07089,-0.07125,0.0,-0.07118,0.99746,-0.00158,0.0,0.07096,0.00665,0.99746,0.0,0.0,0.0,0.0,1.0,;
matrix_local;0.99951,-0.02222,0.02221,-1.11385,-0.02222,0.0,0.99975,-0.00031,-0.02221,-0.99975,-0.00049,-1.75352,0.0,0.0,0.0,1.0,;
16,migiFootSitaBone,;
matrix;0.87241,-0.35789,0.33289,0.0,0.33132,0.93373,0.13554,0.0,-0.35934,-0.00795,0.93317,0.0,0.0,0.0,0.0,1.0,;
matrix_local;0.85664,-0.37863,0.35044,-1.13339,-0.37863,0.0,0.92555,-0.00031,-0.35044,-0.92555,-0.14336,-2.6329,0.0,0.0,0.0,1.0,;
17,hidariKosiBone,;
matrix;-0.33396,0.82039,0.46415,0.0,0.45522,0.57156,-0.68271,0.0,-0.82538,-0.0167,-0.56434,0.0,0.0,0.0,0.0,1.0,;
matrix_local;-0.30769,0.83205,0.46154,0.03908,-0.83205,0.0,-0.5547,-0.00013,-0.46154,-0.5547,0.69231,3.4444,0.0,0.0,0.0,1.0,;
18,hidariLegBone,;
matrix;-0.43874,0.42701,-0.79068,0.0,0.76562,0.63829,-0.08012,0.0,0.47047,-0.64051,-0.60696,0.0,0.0,0.0,0.0,1.0,;
matrix_local;0.98917,0.10408,-0.10352,0.71435,0.10408,0.0,0.99457,-0.00013,0.10352,-0.99457,-0.01083,2.99423,0.0,0.0,0.0,1.0,;
19,hidariLegSitaBone,;
matrix;0.99964,-0.01901,0.01913,0.0,0.01904,0.99982,-0.00163,0.0,-0.01909,0.00199,0.99982,0.0,0.0,0.0,0.0,1.0,;
matrix_local;0.99277,0.08506,-0.08475,0.96758,0.08506,0.0,0.99638,-0.00013,0.08475,-0.99638,-0.00723,0.57452,0.0,0.0,0.0,1.0,;
20,hidariFootBone,;
matrix;0.98601,-0.11778,0.11797,0.0,0.11814,0.99299,0.00394,0.0,-0.11761,0.01005,0.99301,0.0,0.0,0.0,0.0,1.0,;
matrix_local;0.99889,-0.03331,0.0333,1.16453,-0.03331,0.0,0.99945,-0.00013,-0.0333,-0.99945,-0.00111,-1.73264,0.0,0.0,0.0,1.0,;
21,hidariFootSitaBone,;
matrix;0.80824,0.43611,-0.39567,0.0,-0.39875,0.89977,0.17722,0.0,0.43331,0.01454,0.90113,0.0,0.0,0.0,0.0,1.0,;
matrix_local;0.83505,0.40614,-0.37113,1.13639,0.40614,0.0,0.91381,-0.00013,0.37113,-0.91381,-0.16495,-2.57672,0.0,0.0,0.0,1.0,;
}
bone_layer{
doBone;
2;
  bone_layer{
  muneBone;
  3;
    bone_layer{
    migiSakotuBone;
    1;
      bone_layer{
      migiArmBone;
      1;
        bone_layer{
        migiArmSitaBone;
        0;
        }
      }
    }
    bone_layer{
    hidariSakotuBone;
    1;
      bone_layer{
      hidariArmBone;
      1;
        bone_layer{
        hidariArmSitaBone;
        0;
        }
      }
    }
    bone_layer{
    kubiBone;
    1;
      bone_layer{
      kubiUeBone;
      1;
        bone_layer{
        atamaBone;
        0;
        }
      }
    }
  }
  bone_layer{
  kosiBone;
  2;
    bone_layer{
    migiKosiBone;
    1;
      bone_layer{
      migiLegBone;
      1;
        bone_layer{
        migiLegSitaBone;
        1;
          bone_layer{
          migiFootBone;
          1;
            bone_layer{
            migiFootSitaBone;
            0;
            }
          }
        }
      }
    }
    bone_layer{
    hidariKosiBone;
    1;
      bone_layer{
      hidariLegBone;
      1;
        bone_layer{
        hidariLegSitaBone;
        1;
          bone_layer{
          hidariFootBone;
          1;
            bone_layer{
            hidariFootSitaBone;
            0;
            }
          }
        }
      }
    }
  }
}
boneweights{
51;
0,1,10,0.99533,;
1,1,10,0.99483,;
2,1,10,0.99528,;
3,1,10,0.99533,;
4,1,10,0.99534,;
5,1,10,0.99536,;
6,1,10,0.99526,;
7,1,10,0.99501,;
8,1,10,0.99524,;
9,1,10,0.99471,;
10,1,10,0.99455,;
11,1,10,0.99452,;
12,1,10,0.99448,;
13,1,10,0.99439,;
14,1,10,0.99441,;
15,1,10,0.9943,;
16,1,10,0.99457,;
17,1,10,0.99505,;
18,1,10,0.97204,;
19,1,10,0.9716,;
20,1,10,0.97159,;
21,1,10,0.97166,;
22,1,10,0.97169,;
23,1,10,0.97157,;
24,1,10,0.97162,;
25,1,10,0.99521,;
26,1,10,0.99534,;
27,1,10,0.99526,;
28,1,10,0.99533,;
29,1,10,0.99528,;
30,1,10,0.99526,;
31,1,10,0.99483,;
32,1,10,0.99526,;
33,1,10,0.99483,;
34,1,10,0.99501,;
35,1,10,0.99521,;
36,1,10,0.99524,;
37,1,10,0.99533,;
38,1,10,0.99471,;
39,1,10,0.99521,;
40,1,10,0.99441,;
41,1,10,0.99457,;
42,1,10,0.99441,;
43,1,10,0.99457,;
44,1,10,0.99441,;
45,1,10,0.99448,;
46,1,10,0.99455,;
47,1,10,0.97162,;
48,1,10,0.97157,;
49,1,10,0.97157,;
50,1,10,0.97159,;
}
