verts{
163;
0,0.04074,-0.42077,7.65671,0.00531,-0.05484,0.99847,-1,-1,;
1,0.07662,-0.39229,7.65444,0.00998,-0.05118,0.99863,-1,-1,;
2,0.11737,-0.36359,7.65629,0.44935,-0.87558,-0.17725,1.0,1.0,;
3,0.14144,-0.3521,7.65259,0.35554,-0.93414,-0.03061,1.0,0.0,;
4,0.15996,-0.34062,7.61369,0.26063,-0.96438,-0.04498,1.0,1.0,;
5,0.12663,-0.34741,7.60443,0.18165,-0.98093,-0.06912,1.0,1.0,;
6,0.08588,-0.35428,7.60073,0.30335,-0.91809,-0.25501,1.0,0.0,;
7,0.05625,-0.36245,7.60073,0.50105,-0.74902,-0.43345,0.0,0.0,;
8,0.04074,-0.38427,7.57336,0.00537,-0.05066,0.99869,-1,-1,;
9,0.04074,-0.38427,7.57336,0.00537,-0.05066,0.99869,-1,-1,;
10,-0.00502,-0.3587,7.60708,-0.40477,-0.86578,-0.29417,0.0,0.0,;
11,-0.03675,-0.34916,7.60521,-0.20405,-0.93966,-0.27448,1.0,0.0,;
12,-0.07222,-0.34674,7.61268,-0.4543,-0.88714,0.08112,1.0,1.0,;
13,-0.07035,-0.3357,7.63882,-0.41847,-0.88766,-0.19205,1.0,1.0,;
14,-0.06662,-0.35389,7.66122,-0.42454,-0.87616,-0.22816,1.0,1.0,;
15,-0.04235,-0.36959,7.66122,-0.00549,-0.04816,0.99881,-1,-1,;
16,-0.01808,-0.37061,7.65748,-0.36375,-0.89431,-0.26048,1.0,1.0,;
17,0.00618,-0.38428,7.65748,0.00079,-0.05011,0.99872,-1,-1,;
18,0.04074,-0.42077,7.65671,0.00531,-0.05484,0.99847,-1,-1,;
19,0.04074,-0.41647,7.71168,0.00525,-0.0539,0.9985,-1,-1,;
20,0.08296,-0.38887,7.71003,0.01074,-0.05036,0.99866,-1,-1,;
21,0.1299,-0.34625,7.70821,0.48164,-0.86422,0.14521,0.0,0.0,;
22,0.16639,-0.33309,7.70091,0.37104,-0.91333,0.16776,1.0,1.0,;
23,0.20795,-0.32473,7.65161,0.32206,-0.94391,0.07248,1.0,0.0,;
24,0.22168,-0.32699,7.59502,0.19825,-0.97836,-0.05884,1.0,1.0,;
25,0.21285,-0.32202,7.55486,0.28687,-0.95691,-0.04468,1.0,1.0,;
26,0.17631,-0.33803,7.54573,0.27522,-0.96127,0.01242,1.0,1.0,;
27,0.11023,-0.34503,7.5439,0.13227,-0.98505,-0.11035,1.0,1.0,;
28,0.04074,-0.35033,7.54226,0.00537,-0.04639,0.9989,-1,-1,;
29,-0.01111,-0.35246,7.54247,-0.30595,-0.92502,-0.2251,0.0,0.0,;
30,-0.05867,-0.33789,7.54802,-0.30351,-0.94302,-0.13617,0.0,0.0,;
31,-0.09209,-0.32652,7.56838,-0.48656,-0.85638,-0.17277,1.0,1.0,;
32,-0.10256,-0.32281,7.59798,-0.53252,-0.84594,-0.02765,1.0,1.0,;
33,-0.10419,-0.32794,7.64054,-0.33305,-0.92138,-0.20014,1.0,1.0,;
34,-0.09701,-0.33436,7.67755,-0.56429,-0.82293,-0.06592,0.0,0.0,;
35,-0.0758,-0.35207,7.6979,-0.42106,-0.905,-0.0603,1.0,1.0,;
36,-0.02467,-0.36758,7.70531,-0.47386,-0.88058,-0.00031,1.0,0.0,;
37,0.04074,-0.41647,7.71168,0.00525,-0.0539,0.9985,-1,-1,;
38,0.04074,-0.41647,7.71168,0.61904,-0.78295,0.06116,1.0,0.0,;
39,0.04074,-0.42077,7.65671,0.61904,-0.78295,0.06116,1.0,1.0,;
40,0.04074,-0.42077,7.65671,0.59395,-0.79513,0.12229,1.0,0.0,;
41,0.04074,-0.41647,7.71168,-0.6014,-0.7965,0.06223,0.0,0.0,;
42,0.04074,-0.42077,7.65671,-0.6014,-0.7965,0.06223,1.0,1.0,;
43,0.04074,-0.42077,7.65671,-0.64852,-0.76006,-0.04108,0.0,0.0,;
44,0.04074,-0.38427,7.57336,-0.50728,-0.86102,-0.03537,0.0,0.0,;
45,0.04074,-0.38427,7.57336,0.02472,-0.67528,-0.73711,1.0,0.0,;
46,0.04074,-0.35033,7.54226,0.02472,-0.67528,-0.73711,0.0,0.0,;
47,0.04074,-0.35033,7.54226,0.91391,-0.27415,-0.29926,1.0,1.0,;
48,0.04074,-0.38427,7.57336,0.91391,-0.27415,-0.29926,1.0,0.0,;
49,0.04074,-0.35033,7.54226,0.07938,-0.97168,-0.22251,1.0,0.0,;
50,-0.02476,-0.36274,7.62543,-0.00323,-0.04749,0.99884,-1,-1,;
51,-0.022,-0.36296,7.63127,-0.3426,-0.93878,0.03613,1.0,0.0,;
52,0.01277,-0.36138,7.63395,0.00165,-0.04727,0.99887,-1,-1,;
53,0.03461,-0.36045,7.63662,-0.19684,-0.97833,0.06388,1.0,1.0,;
54,0.0551,-0.35935,7.63528,0.0072,-0.047,0.99884,-1,-1,;
55,0.07917,-0.35809,7.63439,0.38047,-0.92169,0.0752,0.0,0.0,;
56,0.10813,-0.35653,7.63261,0.12302,-0.88284,-0.45326,1.0,0.0,;
57,0.11392,-0.35222,7.62723,0.01489,-0.04611,0.99881,-1,-1,;
58,-0.02476,-0.36274,7.62543,-0.00323,-0.04749,0.99884,-1,-1,;
59,0.04074,-0.39747,7.62616,0.00531,-0.05203,0.99863,-1,-1,;
60,-0.02476,-0.36274,7.62543,-0.46193,-0.86721,0.18574,1.0,1.0,;
61,0.04074,-0.39747,7.62616,-0.46193,-0.86721,0.18574,0.0,0.0,;
62,0.04074,-0.39747,7.62616,-0.0777,-0.283,0.95596,1.0,0.0,;
63,0.04074,-0.39747,7.62616,0.06204,-0.26185,0.9631,1.0,1.0,;
64,0.04074,-0.39747,7.62616,0.25114,-0.42665,0.86883,1.0,1.0,;
65,0.11392,-0.35222,7.62723,0.25114,-0.42665,0.86883,0.0,0.0,;
66,0.11392,-0.35222,7.62723,0.00378,-0.78243,-0.6227,0.0,0.0,;
67,0.04074,-0.42077,7.65671,-0.29215,-0.32887,-0.89804,1.0,1.0,;
68,0.04074,-0.42077,7.65671,-0.03043,-0.31867,-0.94736,0.0,0.0,;
69,0.04074,-0.42077,7.65671,0.373,-0.50566,-0.77789,1.0,1.0,;
70,0.11392,-0.35222,7.62723,0.32701,-0.87744,-0.35087,0.0,0.0,;
71,0.11392,-0.35222,7.62723,0.18485,-0.96298,-0.19614,0.0,0.0,;
72,0.11392,-0.35222,7.62723,0.22059,-0.97186,-0.08225,1.0,0.0,;
73,0.11392,-0.35222,7.62723,0.17493,-0.97848,-0.10907,1.0,0.0,;
74,0.11392,-0.35222,7.62723,0.47584,-0.75893,-0.44444,1.0,0.0,;
75,0.04074,-0.39747,7.62616,0.47584,-0.75893,-0.44444,1.0,1.0,;
76,0.04074,-0.39747,7.62616,0.1731,-0.6277,-0.75893,1.0,0.0,;
77,0.04074,-0.39747,7.62616,0.87335,-0.47252,-0.11811,1.0,1.0,;
78,0.04074,-0.38427,7.57336,0.87335,-0.47252,-0.11811,0.0,0.0,;
79,0.04074,-0.38427,7.57336,-0.5848,-0.78695,-0.19672,0.0,0.0,;
80,0.04074,-0.39747,7.62616,-0.5848,-0.78695,-0.19672,1.0,0.0,;
81,0.04074,-0.39747,7.62616,-0.38011,-0.72881,-0.56948,0.0,0.0,;
82,-0.02476,-0.36274,7.62543,-0.38011,-0.72881,-0.56948,1.0,0.0,;
83,-0.02476,-0.36274,7.62543,-0.23408,-0.8656,-0.44258,1.0,0.0,;
84,-0.02476,-0.36274,7.62543,-0.16034,-0.86074,-0.48308,0.0,0.0,;
85,-0.02476,-0.36274,7.62543,-0.38575,-0.83959,0.38237,1.0,0.0,;
86,-0.02476,-0.36274,7.62543,-0.46049,-0.86813,0.18506,1.0,0.0,;
87,-0.01808,-0.37061,7.65748,-0.36375,-0.89431,-0.26048,0.0,0.0,;
88,-0.06662,-0.35389,7.66122,-0.42454,-0.87616,-0.22816,0.0,0.0,;
89,-0.06662,-0.35389,7.66122,-0.42454,-0.87616,-0.22816,1.0,0.0,;
90,-0.06662,-0.35389,7.66122,-0.42454,-0.87616,-0.22816,0.0,0.0,;
91,-0.09701,-0.33436,7.67755,-0.56429,-0.82293,-0.06592,1.0,0.0,;
92,-0.06662,-0.35389,7.66122,-0.42454,-0.87616,-0.22816,0.0,0.0,;
93,-0.10419,-0.32794,7.64054,-0.33305,-0.92138,-0.20014,1.0,0.0,;
94,-0.07035,-0.3357,7.63882,-0.41847,-0.88766,-0.19205,0.0,0.0,;
95,-0.10419,-0.32794,7.64054,-0.33305,-0.92138,-0.20014,1.0,0.0,;
96,-0.07035,-0.3357,7.63882,-0.41847,-0.88766,-0.19205,0.0,0.0,;
97,-0.10256,-0.32281,7.59798,-0.53252,-0.84594,-0.02765,1.0,0.0,;
98,-0.07222,-0.34674,7.61268,-0.4543,-0.88714,0.08112,0.0,0.0,;
99,-0.10256,-0.32281,7.59798,-0.53252,-0.84594,-0.02765,1.0,0.0,;
100,-0.07222,-0.34674,7.61268,-0.4543,-0.88714,0.08112,1.0,0.0,;
101,-0.05867,-0.33789,7.54802,-0.30351,-0.94302,-0.13617,1.0,1.0,;
102,-0.01111,-0.35246,7.54247,-0.30595,-0.92502,-0.2251,1.0,1.0,;
103,-0.00502,-0.3587,7.60708,-0.40477,-0.86578,-0.29417,1.0,0.0,;
104,-0.01111,-0.35246,7.54247,-0.30595,-0.92502,-0.2251,1.0,1.0,;
105,-0.01111,-0.35246,7.54247,-0.30595,-0.92502,-0.2251,1.0,1.0,;
106,0.11023,-0.34503,7.5439,0.13227,-0.98505,-0.11035,0.0,0.0,;
107,0.05625,-0.36245,7.60073,0.50105,-0.74902,-0.43345,1.0,1.0,;
108,0.08588,-0.35428,7.60073,0.30335,-0.91809,-0.25501,0.0,0.0,;
109,0.11023,-0.34503,7.5439,0.13227,-0.98505,-0.11035,1.0,0.0,;
110,0.12663,-0.34741,7.60443,0.18165,-0.98093,-0.06912,0.0,0.0,;
111,0.11023,-0.34503,7.5439,0.13227,-0.98505,-0.11035,1.0,0.0,;
112,0.12663,-0.34741,7.60443,0.18165,-0.98093,-0.06912,0.0,0.0,;
113,0.17631,-0.33803,7.54573,0.27522,-0.96127,0.01242,1.0,0.0,;
114,0.15996,-0.34062,7.61369,0.26063,-0.96438,-0.04498,0.0,0.0,;
115,0.17631,-0.33803,7.54573,0.27522,-0.96127,0.01242,1.0,0.0,;
116,0.15996,-0.34062,7.61369,0.26063,-0.96438,-0.04498,0.0,0.0,;
117,0.21285,-0.32202,7.55486,0.28687,-0.95691,-0.04468,1.0,0.0,;
118,0.22168,-0.32699,7.59502,0.19825,-0.97836,-0.05884,0.0,0.0,;
119,0.20795,-0.32473,7.65161,0.32206,-0.94391,0.07248,0.0,0.0,;
120,0.14144,-0.3521,7.65259,0.35554,-0.93414,-0.03061,0.0,0.0,;
121,0.16639,-0.33309,7.70091,0.37104,-0.91333,0.16776,0.0,0.0,;
122,0.1299,-0.34625,7.70821,0.48164,-0.86422,0.14521,1.0,0.0,;
123,0.14144,-0.3521,7.65259,0.35554,-0.93414,-0.03061,1.0,1.0,;
124,0.14144,-0.3521,7.65259,0.35554,-0.93414,-0.03061,0.0,0.0,;
125,0.1299,-0.34625,7.70821,0.48164,-0.86422,0.14521,1.0,0.0,;
126,-0.022,-0.36296,7.63127,-0.3426,-0.93878,0.03613,0.0,0.0,;
127,0.03461,-0.36045,7.63662,-0.19684,-0.97833,0.06388,1.0,0.0,;
128,0.07917,-0.35809,7.63439,0.38047,-0.92169,0.0752,1.0,0.0,;
129,0.07917,-0.35809,7.63439,0.38047,-0.92169,0.0752,1.0,1.0,;
130,-0.022,-0.36296,7.63127,-0.3426,-0.93878,0.03613,0.0,0.0,;
131,-0.01808,-0.37061,7.65748,-0.36375,-0.89431,-0.26048,1.0,0.0,;
132,0.03461,-0.36045,7.63662,-0.19684,-0.97833,0.06388,0.0,0.0,;
133,-0.01808,-0.37061,7.65748,-0.36375,-0.89431,-0.26048,1.0,0.0,;
134,-0.022,-0.36296,7.63127,-0.3426,-0.93878,0.03613,1.0,1.0,;
135,-0.01808,-0.37061,7.65748,-0.36375,-0.89431,-0.26048,0.0,0.0,;
136,0.03461,-0.36045,7.63662,-0.19684,-0.97833,0.06388,1.0,0.0,;
137,0.03461,-0.36045,7.63662,-0.19684,-0.97833,0.06388,1.0,0.0,;
138,0.07917,-0.35809,7.63439,0.38047,-0.92169,0.0752,1.0,1.0,;
139,0.11737,-0.36359,7.65629,0.44935,-0.87558,-0.17725,1.0,0.0,;
140,0.10813,-0.35653,7.63261,0.12302,-0.88284,-0.45326,0.0,0.0,;
141,0.11737,-0.36359,7.65629,0.44935,-0.87558,-0.17725,1.0,0.0,;
142,0.07917,-0.35809,7.63439,0.38047,-0.92169,0.0752,1.0,1.0,;
143,0.10813,-0.35653,7.63261,0.12302,-0.88284,-0.45326,0.0,0.0,;
144,0.10813,-0.35653,7.63261,0.12302,-0.88284,-0.45326,1.0,1.0,;
145,0.15996,-0.34062,7.61369,0.26063,-0.96438,-0.04498,1.0,0.0,;
146,0.14144,-0.3521,7.65259,0.35554,-0.93414,-0.03061,1.0,1.0,;
147,0.15996,-0.34062,7.61369,0.26063,-0.96438,-0.04498,0.0,0.0,;
148,0.12663,-0.34741,7.60443,0.18165,-0.98093,-0.06912,0.0,0.0,;
149,0.08588,-0.35428,7.60073,0.30335,-0.91809,-0.25501,1.0,1.0,;
150,0.08588,-0.35428,7.60073,0.30335,-0.91809,-0.25501,0.0,0.0,;
151,0.08588,-0.35428,7.60073,0.30335,-0.91809,-0.25501,0.0,0.0,;
152,0.05625,-0.36245,7.60073,0.50105,-0.74902,-0.43345,1.0,1.0,;
153,0.05625,-0.36245,7.60073,0.50105,-0.74902,-0.43345,1.0,0.0,;
154,-0.00502,-0.3587,7.60708,-0.40477,-0.86578,-0.29417,1.0,1.0,;
155,-0.00502,-0.3587,7.60708,-0.40477,-0.86578,-0.29417,1.0,1.0,;
156,-0.03675,-0.34916,7.60521,-0.20405,-0.93966,-0.27448,1.0,1.0,;
157,-0.07222,-0.34674,7.61268,-0.4543,-0.88714,0.08112,1.0,0.0,;
158,-0.03675,-0.34916,7.60521,-0.20405,-0.93966,-0.27448,1.0,1.0,;
159,-0.07222,-0.34674,7.61268,-0.4543,-0.88714,0.08112,0.0,0.0,;
160,-0.07035,-0.3357,7.63882,-0.41847,-0.88766,-0.19205,0.0,0.0,;
161,-0.022,-0.36296,7.63127,-0.3426,-0.93878,0.03613,1.0,1.0,;
162,-0.07035,-0.3357,7.63882,-0.41847,-0.88766,-0.19205,0.0,0.0,;
}
polygons{
57;
0,0.61906,-0.78295,0.06119,0,21,38,39,;
1,0.59396,-0.79515,0.12229,0,21,40,2,;
2,-0.6014,-0.79652,0.06225,0,41,36,42,;
3,-0.64853,-0.76008,-0.04108,0,43,36,16,;
4,-0.32462,-0.94572,0.01531,0,87,36,14,;
5,-0.28701,-0.95762,-0.02417,0,88,36,35,;
6,-0.57665,-0.81035,-0.10398,0,34,89,35,;
7,-0.55421,-0.83156,-0.03684,0,90,91,33,;
8,-0.20833,-0.7759,-0.59546,0,92,93,13,;
9,-0.22783,-0.96564,-0.12499,0,94,95,32,;
10,-0.67773,-0.65871,0.32677,0,96,97,12,;
11,-0.58363,-0.8051,-0.10583,0,98,99,31,;
12,-0.4272,-0.87945,-0.20992,0,30,100,31,;
13,-0.09971,-0.9828,-0.15545,0,30,11,12,;
14,-0.29975,-0.95125,-0.07256,0,29,11,101,;
15,-0.28367,-0.95667,-0.06571,0,10,11,102,;
16,-0.5073,-0.86104,-0.03539,0,44,103,104,;
17,0.02472,-0.67529,-0.73713,0,46,45,105,;
18,0.91392,-0.27418,-0.29929,0,7,48,47,;
19,0.07939,-0.97169,-0.22253,0,7,49,27,;
20,0.26562,-0.96312,-0.04301,0,106,6,107,;
21,0.17327,-0.98116,-0.08551,0,108,109,5,;
22,0.10689,-0.99195,-0.06795,0,110,111,26,;
23,0.19672,-0.98041,0.0099,0,112,113,4,;
24,0.38837,-0.91966,0.05831,0,114,115,25,;
25,0.16736,-0.97327,-0.1573,0,116,117,24,;
26,0.24265,-0.96521,0.09738,0,118,23,4,;
27,0.37776,-0.92132,-0.09201,0,119,3,4,;
28,0.37744,-0.91145,0.16372,0,120,23,22,;
29,0.36443,-0.91522,0.17192,0,121,122,123,;
30,0.44639,-0.87556,0.18476,0,124,125,2,;
31,-0.4619,-0.86727,0.18574,0,61,51,60,;
32,-0.07772,-0.28301,0.95596,0,126,62,53,;
33,0.06205,-0.26188,0.9631,0,55,127,63,;
34,0.25114,-0.42665,0.86885,0,65,128,64,;
35,0.00378,-0.78244,-0.62271,0,66,56,129,;
36,-0.33282,-0.91741,-0.21813,0,130,131,14,;
37,0.06959,-0.95475,-0.28916,0,132,133,134,;
38,-0.29217,-0.32887,-0.89804,0,135,136,67,;
39,-0.03044,-0.31869,-0.94737,0,68,137,138,;
40,0.37302,-0.50567,-0.77791,0,55,139,69,;
41,0.03302,-0.95415,-0.29752,0,140,141,142,;
42,0.34717,-0.8529,-0.38993,0,143,3,2,;
43,0.32702,-0.87746,-0.35088,0,70,3,144,;
44,0.18486,-0.96299,-0.19616,0,71,145,146,;
45,0.22058,-0.97189,-0.08225,0,147,72,5,;
46,0.17497,-0.97851,-0.10908,0,148,73,149,;
47,0.47585,-0.75895,-0.44447,0,150,74,75,;
48,0.17312,-0.62771,-0.75896,0,151,76,152,;
49,0.87335,-0.47255,-0.11814,0,78,153,77,;
50,-0.5848,-0.78696,-0.19674,0,79,80,154,;
51,-0.38014,-0.72881,-0.5695,0,81,82,155,;
52,-0.23413,-0.86562,-0.44259,0,10,83,156,;
53,-0.16037,-0.86076,-0.48308,0,84,157,158,;
54,-0.38578,-0.83962,0.38237,0,159,85,13,;
55,-0.46058,-0.86811,0.18509,0,160,86,161,;
56,-0.48282,-0.71741,-0.50221,0,162,51,14,;
}
materials{
2;
0,1.0,0.863,0.741,none.png,;
1,0.094,0.047,0.239,none.png,;
}
boneinfo{
22;
0,doBone,;
matrix;1.0,0.0,0.0,0.0,0.0,0.0,-1.0,0.0,0.0,1.0,0.0,0.0,0.0,0.0,0.0,1.0,;
matrix_local;1.0,0.0,0.0,0.0,0.0,0.0,-1.0,0.0,0.0,1.0,0.0,4.3594,0.0,0.0,0.0,1.0,;
1,muneBone,;
matrix;-1.0,0.0,-0.0,0.0,-0.0,1.0,0.0,0.0,0.0,0.0,-1.0,0.0,0.0,0.0,0.0,1.0,;
matrix_local;-1.0,0.0,-0.0,0.0,-0.0,-0.0,1.0,0.0,0.0,1.0,0.0,5.3594,0.0,0.0,0.0,1.0,;
2,migiSakotuBone,;
matrix;0.03845,0.98058,-0.1923,0.0,-0.1923,0.19611,0.96154,0.0,0.98058,1e-05,0.19611,0.0,0.0,0.0,0.0,1.0,;
matrix_local;-0.03845,-0.98058,0.1923,0.0,0.98058,1e-05,0.19611,-0.0,-0.1923,0.19611,0.96154,6.43428,0.0,0.0,0.0,1.0,;
3,migiArmBone,;
matrix;0.9297,0.07351,-0.36091,0.0,0.06973,0.92704,0.36843,0.0,0.36166,-0.36769,0.85674,0.0,0.0,0.0,0.0,1.0,;
matrix_local;-0.03457,-0.98257,-0.18264,-0.58624,0.98257,-1e-05,-0.18589,1e-05,0.18264,-0.18589,0.96545,6.55152,0.0,0.0,0.0,1.0,;
4,migiArmSitaBone,;
matrix;0.99799,0.01164,0.06222,0.0,-0.00777,0.99804,-0.0621,0.0,-0.06282,0.06149,0.99613,0.0,0.0,0.0,0.0,1.0,;
matrix_local;-0.01539,-0.99228,-0.12307,-2.0323,0.99228,-1e-05,-0.12403,-1e-05,0.12307,-0.12403,0.98462,6.27795,0.0,0.0,0.0,1.0,;
5,hidariSakotuBone,;
matrix;0.01616,-0.99188,0.12613,0.0,0.12613,0.12716,0.98383,0.0,-0.99188,1e-05,0.12716,0.0,0.0,0.0,0.0,1.0,;
matrix_local;-0.01616,0.99188,-0.12613,0.0,-0.99188,1e-05,0.12716,-0.0,0.12613,0.12716,0.98383,6.43428,0.0,0.0,0.0,1.0,;
6,hidariArmBone,;
matrix;0.94634,-0.0416,0.32049,0.0,-0.06697,0.94491,0.32042,0.0,-0.31616,-0.32469,0.89141,0.0,0.0,0.0,0.0,1.0,;
matrix_local;-0.04185,0.97886,0.2002,0.76211,-0.97886,-1e-05,-0.20453,1e-05,-0.2002,-0.20453,0.95817,6.53198,0.0,0.0,0.0,1.0,;
7,hidariArmSitaBone,;
matrix;0.99424,-0.02171,-0.10497,0.0,0.01057,0.99435,-0.10559,0.0,0.10667,0.10387,0.98885,0.0,0.0,0.0,0.0,1.0,;
matrix_local;-0.00991,0.99504,0.09901,2.07139,-0.99504,-1e-05,-0.0995,-1e-05,-0.09901,-0.0995,0.9901,6.25841,0.0,0.0,0.0,1.0,;
8,kubiBone,;
matrix;-0.99951,-0.02222,-0.02221,0.0,-0.02221,0.99975,-0.00049,0.0,0.02222,0.0,-0.99975,0.0,0.0,0.0,0.0,1.0,;
matrix_local;0.99951,0.02222,0.02221,0.0,0.02222,0.0,-0.99975,-0.0,-0.02221,0.99975,-0.00049,6.43428,0.0,0.0,0.0,1.0,;
9,kubiUeBone,;
matrix;0.99962,0.01942,0.01942,0.0,-0.01941,0.99981,-0.00081,0.0,-0.01943,0.00043,0.99981,0.0,0.0,0.0,0.0,1.0,;
matrix_local;0.99827,0.04163,0.04159,0.01131,0.04163,0.0,-0.99913,0.0,-0.04159,0.99913,-0.00173,6.94332,0.0,0.0,0.0,1.0,;
10,atamaBone,;
matrix;0.99827,-0.04159,-0.04163,0.0,0.04163,0.99913,0.0,0.0,0.04159,-0.00173,0.99913,0.0,0.0,0.0,0.0,1.0,;
matrix_local;1.0,-0.0,-0.0,0.03394,-0.0,0.0,-1.0,0.0,0.0,1.0,0.0,7.4863,0.0,0.0,0.0,1.0,;
11,kosiBone,;
matrix;0.99958,0.0204,-0.0204,0.0,0.0204,-0.99979,-0.00048,0.0,-0.0204,7e-05,-0.99979,0.0,0.0,0.0,0.0,1.0,;
matrix_local;0.99958,0.0204,-0.0204,0.0,0.0204,-7e-05,0.99979,0.0,0.0204,-0.99979,-0.00048,5.3594,0.0,0.0,0.0,1.0,;
12,migiKosiBone,;
matrix;-0.09937,-0.94212,-0.32021,0.0,-0.33353,0.33472,-0.88132,0.0,0.93749,0.01923,-0.34748,0.0,0.0,0.0,0.0,1.0,;
matrix_local;-0.12525,-0.93529,-0.33097,0.03908,0.93529,-2e-05,-0.35388,-0.00013,0.33097,-0.35388,0.87477,3.4444,0.0,0.0,0.0,1.0,;
13,migiLegBone,;
matrix;-0.22615,-0.3199,0.92007,0.0,-0.90089,0.42792,-0.07265,0.0,-0.37048,-0.84531,-0.38497,0.0,0.0,0.0,0.0,1.0,;
matrix_local;0.99354,-0.08039,0.08012,-0.68394,-0.08039,-7e-05,0.99676,-0.00015,-0.08012,-0.99676,-0.00653,3.17084,0.0,0.0,0.0,1.0,;
14,migiLegSitaBone,;
matrix;0.99983,-0.01297,0.01299,0.0,0.01295,0.99992,0.00115,0.0,-0.01301,-0.00098,0.99991,0.0,0.0,0.0,0.0,1.0,;
matrix_local;0.99129,-0.09334,0.09293,-0.87935,-0.09334,0.0,0.99563,-0.00031,-0.09293,-0.99563,-0.00871,0.74783,0.0,0.0,0.0,1.0,;
15,migiFootBone,;
matrix;0.99494,0.07089,-0.07125,0.0,-0.07118,0.99746,-0.00158,0.0,0.07096,0.00665,0.99746,0.0,0.0,0.0,0.0,1.0,;
matrix_local;0.99951,-0.02222,0.02221,-1.11385,-0.02222,0.0,0.99975,-0.00031,-0.02221,-0.99975,-0.00049,-1.75352,0.0,0.0,0.0,1.0,;
16,migiFootSitaBone,;
matrix;0.87241,-0.35789,0.33289,0.0,0.33132,0.93373,0.13554,0.0,-0.35934,-0.00795,0.93317,0.0,0.0,0.0,0.0,1.0,;
matrix_local;0.85664,-0.37863,0.35044,-1.13339,-0.37863,0.0,0.92555,-0.00031,-0.35044,-0.92555,-0.14336,-2.6329,0.0,0.0,0.0,1.0,;
17,hidariKosiBone,;
matrix;-0.33396,0.82039,0.46415,0.0,0.45522,0.57156,-0.68271,0.0,-0.82538,-0.0167,-0.56434,0.0,0.0,0.0,0.0,1.0,;
matrix_local;-0.30769,0.83205,0.46154,0.03908,-0.83205,0.0,-0.5547,-0.00013,-0.46154,-0.5547,0.69231,3.4444,0.0,0.0,0.0,1.0,;
18,hidariLegBone,;
matrix;-0.43874,0.42701,-0.79068,0.0,0.76562,0.63829,-0.08012,0.0,0.47047,-0.64051,-0.60696,0.0,0.0,0.0,0.0,1.0,;
matrix_local;0.98917,0.10408,-0.10352,0.71435,0.10408,0.0,0.99457,-0.00013,0.10352,-0.99457,-0.01083,2.99423,0.0,0.0,0.0,1.0,;
19,hidariLegSitaBone,;
matrix;0.99964,-0.01901,0.01913,0.0,0.01904,0.99982,-0.00163,0.0,-0.01909,0.00199,0.99982,0.0,0.0,0.0,0.0,1.0,;
matrix_local;0.99277,0.08506,-0.08475,0.96758,0.08506,0.0,0.99638,-0.00013,0.08475,-0.99638,-0.00723,0.57452,0.0,0.0,0.0,1.0,;
20,hidariFootBone,;
matrix;0.98601,-0.11778,0.11797,0.0,0.11814,0.99299,0.00394,0.0,-0.11761,0.01005,0.99301,0.0,0.0,0.0,0.0,1.0,;
matrix_local;0.99889,-0.03331,0.0333,1.16453,-0.03331,0.0,0.99945,-0.00013,-0.0333,-0.99945,-0.00111,-1.73264,0.0,0.0,0.0,1.0,;
21,hidariFootSitaBone,;
matrix;0.80824,0.43611,-0.39567,0.0,-0.39875,0.89977,0.17722,0.0,0.43331,0.01454,0.90113,0.0,0.0,0.0,0.0,1.0,;
matrix_local;0.83505,0.40614,-0.37113,1.13639,0.40614,0.0,0.91381,-0.00013,0.37113,-0.91381,-0.16495,-2.57672,0.0,0.0,0.0,1.0,;
}
bone_layer{
doBone;
2;
  bone_layer{
  muneBone;
  3;
    bone_layer{
    migiSakotuBone;
    1;
      bone_layer{
      migiArmBone;
      1;
        bone_layer{
        migiArmSitaBone;
        0;
        }
      }
    }
    bone_layer{
    hidariSakotuBone;
    1;
      bone_layer{
      hidariArmBone;
      1;
        bone_layer{
        hidariArmSitaBone;
        0;
        }
      }
    }
    bone_layer{
    kubiBone;
    1;
      bone_layer{
      kubiUeBone;
      1;
        bone_layer{
        atamaBone;
        0;
        }
      }
    }
  }
  bone_layer{
  kosiBone;
  2;
    bone_layer{
    migiKosiBone;
    1;
      bone_layer{
      migiLegBone;
      1;
        bone_layer{
        migiLegSitaBone;
        1;
          bone_layer{
          migiFootBone;
          1;
            bone_layer{
            migiFootSitaBone;
            0;
            }
          }
        }
      }
    }
    bone_layer{
    hidariKosiBone;
    1;
      bone_layer{
      hidariLegBone;
      1;
        bone_layer{
        hidariLegSitaBone;
        1;
          bone_layer{
          hidariFootBone;
          1;
            bone_layer{
            hidariFootSitaBone;
            0;
            }
          }
        }
      }
    }
  }
}
boneweights{
163;
0,1,10,1.0,;
1,1,10,1.0,;
2,1,10,1.6534,;
3,1,10,1.57547,;
4,1,10,1.49829,;
5,1,10,1.45164,;
6,1,10,1.42557,;
7,1,10,1.41464,;
8,1,10,1.0,;
9,1,10,1.0,;
10,1,10,2.0892,;
11,1,10,2.09656,;
12,1,10,2.12149,;
13,1,10,2.14663,;
14,1,10,2.17767,;
15,1,10,1.0,;
16,2,9,0.00465,10,2.21769,;
17,1,10,1.0,;
18,1,10,1.0,;
19,1,10,1.0,;
20,1,10,1.0,;
21,1,10,1.57691,;
22,1,10,1.55453,;
23,1,10,1.51056,;
24,1,10,1.48084,;
25,1,10,1.4679,;
26,1,10,1.46049,;
27,1,10,1.43341,;
28,1,10,1.0,;
29,1,10,2.0821,;
30,1,10,2.0881,;
31,1,10,2.09697,;
32,1,10,2.10862,;
33,1,10,2.135,;
34,1,10,2.1567,;
35,1,10,2.17821,;
36,2,9,0.00205,10,2.22312,;
37,1,10,1.0,;
38,1,10,1.55634,;
39,1,10,1.5537,;
40,1,10,1.69197,;
41,2,9,0.00144,10,2.23536,;
42,2,9,0.00126,10,2.23325,;
43,2,9,0.00489,10,2.21283,;
44,1,10,2.07939,;
45,1,10,2.06517,;
46,1,10,2.06869,;
47,1,10,1.41096,;
48,1,10,1.41243,;
49,1,10,1.41678,;
50,1,10,1.0,;
51,2,9,0.00405,10,2.19427,;
52,1,10,1.0,;
53,2,9,0.01238,10,2.11176,;
54,1,10,1.0,;
55,2,9,0.00884,10,1.94716,;
56,1,10,1.6609,;
57,1,10,1.0,;
58,1,10,1.0,;
59,1,10,1.0,;
60,2,9,0.00406,10,2.19456,;
61,2,9,0.00335,10,2.1794,;
62,2,9,0.01806,10,2.1025,;
63,2,9,0.01767,10,2.0898,;
64,2,9,0.01349,10,1.94318,;
65,2,9,0.00937,10,1.94653,;
66,1,10,1.59842,;
67,2,9,0.0106,10,2.13645,;
68,2,9,0.01204,10,2.10417,;
69,2,9,0.01531,10,2.03948,;
70,1,10,1.65472,;
71,1,10,1.55383,;
72,1,10,1.44136,;
73,1,10,1.4431,;
74,1,10,1.42431,;
75,1,10,1.42223,;
76,1,10,1.40479,;
77,1,10,1.41289,;
78,1,10,1.41324,;
79,1,10,2.07591,;
80,1,10,2.07614,;
81,1,10,2.08223,;
82,1,10,2.08802,;
83,1,10,2.09049,;
84,1,10,2.08859,;
85,1,10,2.12053,;
86,2,9,0.0038,10,2.19254,;
87,2,9,0.00465,10,2.21769,;
88,1,10,2.17767,;
89,1,10,2.17767,;
90,1,10,2.17767,;
91,1,10,2.1567,;
92,1,10,2.17767,;
93,1,10,2.135,;
94,1,10,2.14663,;
95,1,10,2.135,;
96,1,10,2.14663,;
97,1,10,2.10862,;
98,1,10,2.12149,;
99,1,10,2.10862,;
100,1,10,2.12149,;
101,1,10,2.0881,;
102,1,10,2.0821,;
103,1,10,2.0892,;
104,1,10,2.0821,;
105,1,10,2.0821,;
106,1,10,1.43341,;
107,1,10,1.41464,;
108,1,10,1.42557,;
109,1,10,1.43341,;
110,1,10,1.45164,;
111,1,10,1.43341,;
112,1,10,1.45164,;
113,1,10,1.46049,;
114,1,10,1.49829,;
115,1,10,1.46049,;
116,1,10,1.49829,;
117,1,10,1.4679,;
118,1,10,1.48084,;
119,1,10,1.51056,;
120,1,10,1.57547,;
121,1,10,1.55453,;
122,1,10,1.57691,;
123,1,10,1.57547,;
124,1,10,1.57547,;
125,1,10,1.57691,;
126,2,9,0.00405,10,2.19427,;
127,2,9,0.01238,10,2.11176,;
128,2,9,0.00884,10,1.94716,;
129,2,9,0.00884,10,1.94716,;
130,2,9,0.00405,10,2.19427,;
131,2,9,0.00465,10,2.21769,;
132,2,9,0.01238,10,2.11176,;
133,2,9,0.00465,10,2.21769,;
134,2,9,0.00405,10,2.19427,;
135,2,9,0.00465,10,2.21769,;
136,2,9,0.01238,10,2.11176,;
137,2,9,0.01238,10,2.11176,;
138,2,9,0.00884,10,1.94716,;
139,1,10,1.6534,;
140,1,10,1.6609,;
141,1,10,1.6534,;
142,2,9,0.00884,10,1.94716,;
143,1,10,1.6609,;
144,1,10,1.6609,;
145,1,10,1.49829,;
146,1,10,1.57547,;
147,1,10,1.49829,;
148,1,10,1.45164,;
149,1,10,1.42557,;
150,1,10,1.42557,;
151,1,10,1.42557,;
152,1,10,1.41464,;
153,1,10,1.41464,;
154,1,10,2.0892,;
155,1,10,2.0892,;
156,1,10,2.09656,;
157,1,10,2.12149,;
158,1,10,2.09656,;
159,1,10,2.12149,;
160,1,10,2.14663,;
161,2,9,0.00405,10,2.19427,;
162,1,10,2.14663,;
}
