animsets{
14;
anim{
MigiHandKoTBone;
keys{
3;
0.0;
matrix;0.40736,-0.91327,0.0,-3.69256,0.91327,0.40736,0.0,0.25587,-0.0,0.0,1.0,6.12436,0.0,0.0,0.0,1.0,;
matrix_basis;1.0,-0.0,0.0,0.0,0.0,1.0,0.0,0.0,0.0,0.0,1.0,0.0,0.0,0.0,0.0,1.0,;
40.0;
matrix;0.40736,-0.91327,-0.0,-3.69256,0.91327,0.40736,0.0,0.25587,-0.0,-0.0,1.0,6.12436,0.0,0.0,0.0,1.0,;
matrix_basis;1.0,-0.0,0.0,0.0,0.0,1.0,0.0,0.0,0.0,0.0,1.0,0.0,0.0,0.0,0.0,1.0,;
19.0;
matrix;0.40736,-0.91327,0.0,-3.69256,0.91327,0.40736,0.0,0.25587,-0.0,0.0,1.0,6.12436,0.0,0.0,0.0,1.0,;
matrix_basis;1.0,0.0,0.0,0.0,0.0,1.0,0.0,0.0,0.0,0.0,1.0,0.0,0.0,0.0,0.0,1.0,;
}
}
anim{
MigiHandNakaBone;
keys{
3;
0.0;
matrix;0.0202,-0.9998,0.0,-4.19614,0.9998,0.0202,0.0,0.30944,-0.0,0.0,1.0,6.12436,0.0,0.0,0.0,1.0,;
matrix_basis;1.0,-0.0,0.0,0.0,0.0,1.0,0.0,0.0,0.0,0.0,1.0,0.0,0.0,0.0,0.0,1.0,;
40.0;
matrix;-0.01428,0.70686,-0.70721,-4.19614,0.9998,0.0202,0.0,0.30944,0.01428,-0.70706,-0.70701,6.12436,0.0,0.0,0.0,1.0,;
matrix_basis;0.9993,0.03447,-0.01428,0.0,0.03447,-0.70631,0.70706,0.0,0.01428,-0.70706,-0.70701,0.0,0.0,0.0,0.0,1.0,;
19.0;
matrix;0.00972,-0.48095,-0.8767,-4.19614,0.9998,0.0202,0.0,0.30944,0.01771,-0.87652,0.48105,6.12436,0.0,0.0,0.0,1.0,;
matrix_basis;0.99979,0.01048,-0.01771,0.0,0.01048,0.48126,0.87652,0.0,0.01771,-0.87652,0.48105,0.0,0.0,0.0,0.0,1.0,;
}
}
anim{
MigiHandOyaBone;
keys{
3;
0.0;
matrix;-0.02899,-0.9995,0.01232,-3.85256,0.99958,-0.02899,-0.0,0.15293,0.00036,0.01232,0.99992,5.98384,0.0,0.0,0.0,1.0,;
matrix_basis;1.0,0.0,0.0,0.0,-0.0,1.0,0.0,0.0,0.0,0.0,1.0,0.0,0.0,0.0,0.0,1.0,;
40.0;
matrix;-0.02899,-0.9995,0.01298,-3.81827,0.99958,-0.029,-0.0,0.15293,0.00038,0.01297,0.99992,5.95248,0.0,0.0,0.0,1.0,;
matrix_basis;0.99998,-0.00069,-0.00631,0.0,-0.00069,0.97607,-0.21748,0.0,0.00631,0.21748,0.97605,0.0,0.0,0.0,0.0,1.0,;
19.0;
matrix;-0.02148,-0.74052,-0.67169,-3.81827,0.99958,-0.029,-0.0,0.15293,-0.01948,-0.67141,0.74083,5.95248,0.0,0.0,0.0,1.0,;
matrix_basis;0.99988,-0.00398,0.01466,0.0,-0.00398,0.86285,0.50544,0.0,-0.01466,-0.50544,0.86273,0.0,0.0,0.0,0.0,1.0,;
}
}
anim{
MigiHandHitoBone;
keys{
3;
0.0;
matrix;0.0196,-0.99981,0.0,-4.18899,0.99981,0.0196,0.0,0.21658,-0.0,0.0,1.0,6.12436,0.0,0.0,0.0,1.0,;
matrix_basis;1.0,0.0,0.0,0.0,-0.0,1.0,0.0,0.0,0.0,0.0,1.0,0.0,0.0,0.0,0.0,1.0,;
40.0;
matrix;-0.01732,0.88344,-0.46822,-4.18899,0.99981,0.0196,0.0,0.21658,0.00918,-0.46813,-0.88361,6.12436,0.0,0.0,0.0,1.0,;
matrix_basis;0.99928,0.03692,-0.00918,0.0,0.03692,-0.88289,0.46813,0.0,0.00918,-0.46813,-0.88361,0.0,0.0,0.0,0.0,1.0,;
19.0;
matrix;0.0062,-0.31617,-0.94868,-4.18899,0.99981,0.0196,0.0,0.21658,0.0186,-0.9485,0.31623,6.12436,0.0,0.0,0.0,1.0,;
matrix_basis;0.99974,0.0134,-0.0186,0.0,0.0134,0.31649,0.9485,0.0,0.0186,-0.9485,0.31623,0.0,0.0,0.0,0.0,1.0,;
}
}
anim{
MigiHandHitoTBone;
keys{
3;
0.0;
matrix;-0.07889,-0.99688,0.0,-3.69256,0.99688,-0.07889,0.0,0.25587,-0.0,0.0,1.0,6.12436,0.0,0.0,0.0,1.0,;
matrix_basis;1.0,0.0,0.0,0.0,0.0,1.0,0.0,0.0,0.0,0.0,1.0,0.0,0.0,0.0,0.0,1.0,;
40.0;
matrix;-0.07889,-0.99688,-0.0,-3.69256,0.99688,-0.07889,0.0,0.25587,-0.0,-0.0,1.0,6.12436,0.0,0.0,0.0,1.0,;
matrix_basis;1.0,0.0,0.0,0.0,-0.0,1.0,0.0,0.0,0.0,0.0,1.0,0.0,0.0,0.0,0.0,1.0,;
19.0;
matrix;-0.07889,-0.99688,0.0,-3.69256,0.99688,-0.07889,0.0,0.25587,-0.0,0.0,1.0,6.12436,0.0,0.0,0.0,1.0,;
matrix_basis;1.0,0.0,0.0,0.0,-0.0,1.0,0.0,0.0,0.0,0.0,1.0,0.0,0.0,0.0,0.0,1.0,;
}
}
anim{
MigiHandNakaTBone;
keys{
3;
0.0;
matrix;0.10579,-0.99439,0.0,-3.69256,0.99439,0.10579,-0.0,0.25587,0.0,0.0,1.0,6.12436,0.0,0.0,0.0,1.0,;
matrix_basis;1.0,-0.0,0.0,0.0,0.0,1.0,0.0,0.0,0.0,0.0,1.0,0.0,0.0,0.0,0.0,1.0,;
40.0;
matrix;0.10579,-0.99439,-0.0,-3.69256,0.99439,0.10579,0.0,0.25587,0.0,-0.0,1.0,6.12436,0.0,0.0,0.0,1.0,;
matrix_basis;1.0,0.0,0.0,0.0,-0.0,1.0,0.0,0.0,0.0,0.0,1.0,0.0,0.0,0.0,0.0,1.0,;
19.0;
matrix;0.10579,-0.99439,0.0,-3.69256,0.99439,0.10579,-0.0,0.25587,0.0,0.0,1.0,6.12436,0.0,0.0,0.0,1.0,;
matrix_basis;1.0,0.0,0.0,0.0,-0.0,1.0,0.0,0.0,0.0,0.0,1.0,0.0,0.0,0.0,0.0,1.0,;
}
}
anim{
MigiHandKusuBone;
keys{
3;
0.0;
matrix;0.04756,-0.99887,0.0,-4.18185,0.99887,0.04756,0.0,0.4023,0.0,0.0,1.0,6.12436,0.0,0.0,0.0,1.0,;
matrix_basis;1.0,-0.0,0.0,0.0,0.0,1.0,0.0,0.0,0.0,0.0,1.0,0.0,0.0,0.0,0.0,1.0,;
40.0;
matrix;-0.02294,0.48171,-0.87603,-4.18185,0.99887,0.04757,0.0,0.4023,0.04167,-0.87504,-0.48226,6.12436,0.0,0.0,0.0,1.0,;
matrix_basis;0.99665,0.07042,-0.04167,0.0,0.07042,-0.47891,0.87504,0.0,0.04167,-0.87504,-0.48226,0.0,0.0,0.0,0.0,1.0,;
19.0;
matrix;0.03552,-0.74602,-0.66497,-4.18185,0.99887,0.04756,-0.0,0.4023,0.03163,-0.66422,0.74687,6.12436,0.0,0.0,0.0,1.0,;
matrix_basis;0.99943,0.01203,-0.03163,0.0,0.01203,0.74744,0.66422,0.0,0.03163,-0.66422,0.74687,0.0,0.0,0.0,0.0,1.0,;
}
}
anim{
MigiHandKoBone;
keys{
3;
0.0;
matrix;0.0461,-0.99894,0.0,-4.18899,0.99894,0.0461,0.0,0.4773,0.0,0.0,1.0,6.12436,0.0,0.0,0.0,1.0,;
matrix_basis;1.0,-0.0,0.0,0.0,0.0,1.0,0.0,0.0,0.0,0.0,1.0,0.0,0.0,0.0,0.0,1.0,;
40.0;
matrix;-0.02975,0.64454,-0.76399,-4.18899,0.99894,0.0461,0.0,0.4773,0.03522,-0.76318,-0.64522,6.12436,0.0,0.0,0.0,1.0,;
matrix_basis;0.9965,0.07577,-0.03522,0.0,0.07577,-0.64173,0.76318,0.0,0.03522,-0.76318,-0.64522,0.0,0.0,0.0,0.0,1.0,;
19.0;
matrix;0.0312,-0.67591,-0.73633,-4.18899,0.99894,0.04611,0.0,0.4773,0.03395,-0.73554,0.67663,6.12436,0.0,0.0,0.0,1.0,;
matrix_basis;0.99931,0.01489,-0.03395,0.0,0.01489,0.67731,0.73554,0.0,0.03395,-0.73554,0.67663,0.0,0.0,0.0,0.0,1.0,;
}
}
anim{
MigiHandOyaTBone;
keys{
3;
0.0;
matrix;-0.66318,-0.67648,-0.32025,-3.69256,0.7108,-0.43523,-0.55258,0.25587,0.23443,-0.5941,0.76947,6.12436,0.0,0.0,0.0,1.0,;
matrix_basis;0.99996,0.00679,-0.00539,0.0,-0.00684,0.99994,-0.00874,0.0,0.00533,0.00877,0.99995,0.0,0.0,0.0,0.0,1.0,;
40.0;
matrix;-0.69825,-0.53149,-0.47955,-3.69256,0.71079,-0.43523,-0.55258,0.25587,0.08498,-0.7267,0.68168,6.12436,0.0,0.0,0.0,1.0,;
matrix_basis;0.9895,-0.11978,0.08084,0.0,0.10665,0.9828,0.15073,0.0,-0.09751,-0.14053,0.98526,0.0,0.0,0.0,0.0,1.0,;
19.0;
matrix;-0.69825,-0.53149,-0.47955,-3.69256,0.71079,-0.43523,-0.55258,0.25587,0.08498,-0.7267,0.68168,6.12436,0.0,0.0,0.0,1.0,;
matrix_basis;0.9895,-0.11978,0.08084,0.0,0.10665,0.9828,0.15073,0.0,-0.09751,-0.14053,0.98526,0.0,0.0,0.0,0.0,1.0,;
}
}
anim{
MigiHandMotiBone;
keys{
3;
0.0;
matrix;0.99992,0.01232,-1e-05,-3.96733,-1e-05,-0.0,-1.0,0.31133,-0.01232,0.99992,-0.0,5.99038,0.0,0.0,0.0,1.0,;
matrix_basis;1.0,0.0,0.0,0.0,-0.0,1.0,0.0,0.0,0.0,0.0,1.0,0.0,0.0,0.0,0.0,1.0,;
40.0;
matrix;0.97879,-0.20488,-0.0,-3.93172,-0.0,-0.0,-1.0,0.31133,0.20488,0.97879,-0.0,5.93396,0.0,0.0,0.0,1.0,;
matrix_basis;1.0,0.0,0.0,0.0,-0.0,1.0,0.0,0.0,0.0,0.0,1.0,0.0,0.0,0.0,0.0,1.0,;
19.0;
matrix;0.97879,-0.20488,-0.0,-3.93172,-0.0,-0.0,-1.0,0.31133,0.20488,0.97879,-0.0,5.93396,0.0,0.0,0.0,1.0,;
matrix_basis;1.0,0.0,0.0,0.0,-0.0,1.0,0.0,0.0,0.0,0.0,1.0,0.0,0.0,0.0,0.0,1.0,;
}
}
anim{
MigiHandKaesiBone;
keys{
3;
0.0;
matrix;0.97704,-0.04303,0.20865,-3.65564,-0.20796,0.01982,0.97794,0.23886,-0.04622,-0.99888,0.01042,6.98137,0.0,0.0,0.0,1.0,;
matrix_basis;1.0,0.0,0.0,0.0,-0.0,1.0,0.0,0.0,0.0,0.0,1.0,0.0,0.0,0.0,0.0,1.0,;
40.0;
matrix;0.97704,-0.04303,0.20865,-3.65564,-0.20796,0.01982,0.97794,0.23886,-0.04622,-0.99888,0.01042,6.98137,0.0,0.0,0.0,1.0,;
matrix_basis;1.0,0.0,0.0,0.0,-0.0,1.0,0.0,0.0,0.0,0.0,1.0,0.0,0.0,0.0,0.0,1.0,;
19.0;
matrix;0.97704,-0.04303,0.20865,-3.65564,-0.20796,0.01982,0.97794,0.23886,-0.04622,-0.99888,0.01042,6.98137,0.0,0.0,0.0,1.0,;
matrix_basis;1.0,0.0,0.0,0.0,-0.0,1.0,0.0,0.0,0.0,0.0,1.0,0.0,0.0,0.0,0.0,1.0,;
}
}
anim{
MigiHandDoBone;
keys{
3;
0.0;
matrix;1.0,0.0,0.0,-3.65564,0.0,0.0,-1.0,0.23886,0.0,1.0,0.0,6.14329,0.0,0.0,0.0,1.0,;
matrix_basis;1.0,0.0,0.0,0.0,0.0,1.0,0.0,0.0,0.0,0.0,1.0,0.0,0.0,0.0,0.0,1.0,;
40.0;
matrix;1.0,0.0,0.0,-3.65564,0.0,0.0,-1.0,0.23886,0.0,1.0,0.0,6.14329,0.0,0.0,0.0,1.0,;
matrix_basis;1.0,0.0,0.0,0.0,0.0,1.0,0.0,0.0,0.0,0.0,1.0,0.0,0.0,0.0,0.0,1.0,;
19.0;
matrix;1.0,0.0,0.0,-3.65564,0.0,0.0,-1.0,0.23886,0.0,1.0,0.0,6.14329,0.0,0.0,0.0,1.0,;
matrix_basis;1.0,0.0,0.0,0.0,0.0,1.0,0.0,0.0,0.0,0.0,1.0,0.0,0.0,0.0,0.0,1.0,;
}
}
anim{
MigiHandOyaMotiTBone;
keys{
3;
0.0;
matrix;0.35333,-0.58639,0.72891,-3.85256,0.29265,0.80934,0.50924,0.15293,-0.88855,0.03338,0.45756,5.98384,0.0,0.0,0.0,1.0,;
matrix_basis;1.0,-0.0,0.0,0.0,0.0,1.0,0.0,0.0,0.0,0.0,1.0,0.0,0.0,0.0,0.0,1.0,;
40.0;
matrix;0.53766,-0.57967,0.61229,-3.81827,0.29265,0.80934,0.50924,0.15293,-0.79074,-0.09462,0.60479,5.95248,0.0,0.0,0.0,1.0,;
matrix_basis;1.0,-0.0,0.0,0.0,0.0,1.0,0.0,0.0,0.0,0.0,1.0,0.0,0.0,0.0,0.0,1.0,;
19.0;
matrix;0.53766,-0.57967,0.61229,-3.81827,0.29265,0.80934,0.50924,0.15293,-0.79074,-0.09462,0.60479,5.95248,0.0,0.0,0.0,1.0,;
matrix_basis;1.0,-0.0,0.0,0.0,0.0,1.0,0.0,0.0,0.0,0.0,1.0,0.0,0.0,0.0,0.0,1.0,;
}
}
anim{
MigiHandKusuTBone;
keys{
3;
0.0;
matrix;0.28671,-0.95802,0.0,-3.69256,0.95802,0.28671,0.0,0.25587,-0.0,0.0,1.0,6.12436,0.0,0.0,0.0,1.0,;
matrix_basis;1.0,-0.0,0.0,0.0,0.0,1.0,0.0,0.0,0.0,0.0,1.0,0.0,0.0,0.0,0.0,1.0,;
40.0;
matrix;0.28671,-0.95802,-0.0,-3.69256,0.95802,0.28671,0.0,0.25587,-0.0,-0.0,1.0,6.12436,0.0,0.0,0.0,1.0,;
matrix_basis;1.0,0.0,0.0,0.0,-0.0,1.0,0.0,0.0,0.0,0.0,1.0,0.0,0.0,0.0,0.0,1.0,;
19.0;
matrix;0.28671,-0.95802,0.0,-3.69256,0.95802,0.28671,0.0,0.25587,-0.0,0.0,1.0,6.12436,0.0,0.0,0.0,1.0,;
matrix_basis;1.0,-0.0,0.0,0.0,0.0,1.0,0.0,0.0,0.0,0.0,1.0,0.0,0.0,0.0,0.0,1.0,;
}
}
}
