verts{
286;
0,0.01201,0.31968,7.64473,0.00156,0.04178,0.99911,-1,-1,;
1,0.01201,0.26963,7.45175,0.00159,0.03613,0.99933,-1,-1,;
2,0.01201,0.25888,7.30873,-0.08573,0.99429,-0.06336,1.0,1.0,;
3,0.01201,0.25171,7.18355,-0.07843,0.99466,-0.06677,1.0,1.0,;
4,0.01202,0.24095,7.03688,-0.0972,0.95273,0.28779,0.0,0.0,;
5,0.21143,-0.0862,7.4525,0.79742,-0.53764,-0.27387,1.0,1.0,;
6,0.20451,-0.0862,7.38224,0.67089,-0.73223,-0.11713,1.0,1.0,;
7,0.1976,-0.0862,7.31195,0.58336,-0.81011,-0.05774,1.0,1.0,;
8,0.19418,-0.0862,7.23462,0.49434,-0.86865,0.03189,1.0,1.0,;
9,0.19776,-0.08757,7.15747,0.46184,-0.88623,0.03549,1.0,0.0,;
10,0.20136,-0.08922,7.0663,0.3556,-0.92984,0.0943,0.0,0.0,;
11,0.21542,-0.08942,7.02072,0.52474,-0.78509,0.32899,1.0,1.0,;
12,-0.13918,-0.0862,7.45091,-0.74972,-0.53499,-0.38942,1.0,0.0,;
13,-0.13214,-0.0862,7.40168,-0.6563,-0.74712,-0.10501,1.0,1.0,;
14,-0.12508,-0.0862,7.31726,-0.61919,-0.78484,-0.02429,1.0,1.0,;
15,-0.12504,-0.0862,7.22572,-0.58925,-0.80709,0.03665,1.0,1.0,;
16,-0.1355,-0.08806,7.15897,-0.50154,-0.85723,0.11637,0.0,0.0,;
17,-0.13543,-0.08954,7.0852,-0.3632,-0.9259,0.10361,1.0,1.0,;
18,-0.15643,-0.09157,7.03602,-0.5251,-0.82882,0.19312,1.0,1.0,;
19,0.21143,0.11278,7.4525,0.86938,0.45054,-0.20283,1.0,1.0,;
20,0.20451,0.11279,7.38224,0.816,0.57143,-0.08707,1.0,0.0,;
21,0.1976,0.11278,7.31195,0.81286,0.58104,-0.03977,0.0,0.0,;
22,0.19418,0.11279,7.23462,0.76171,0.64785,0.00797,1.0,1.0,;
23,0.19776,0.11415,7.15747,0.69854,0.71331,0.05679,0.0,0.0,;
24,0.20136,0.1158,7.0663,0.65874,0.7448,0.1062,1.0,0.0,;
25,0.21542,0.116,7.02072,0.686,0.42341,0.59166,0.0,0.0,;
26,-0.13918,0.11278,7.45091,-0.91229,0.34416,-0.22193,1.0,0.0,;
27,-0.13214,0.11278,7.40168,-0.88153,0.46046,-0.10416,1.0,1.0,;
28,-0.12508,0.11279,7.31726,-0.88058,0.47172,-0.04486,0.0,0.0,;
29,-0.12504,0.11278,7.22572,-0.83654,0.5414,0.08402,1.0,1.0,;
30,-0.1355,0.11464,7.15897,-0.76739,0.63253,0.10483,1.0,1.0,;
31,-0.13543,0.11612,7.0852,-0.72961,0.66875,0.14286,1.0,1.0,;
32,-0.15643,0.11815,7.03602,-0.69161,0.53377,0.48653,1.0,1.0,;
33,0.04533,-0.1436,7.31469,-0.54518,-0.71532,-0.43706,1.0,1.0,;
34,0.04533,-0.18282,7.37887,-0.54518,-0.71532,-0.43706,0.0,0.0,;
35,0.04533,-0.18282,7.37887,-0.5212,-0.45885,-0.71957,1.0,0.0,;
36,0.04532,-0.222,7.40386,-0.5212,-0.45885,-0.71957,1.0,1.0,;
37,-0.11934,-0.13153,7.46174,-0.49165,-0.40013,-0.7734,1.0,1.0,;
38,0.04532,-0.222,7.40386,-0.49165,-0.40013,-0.7734,1.0,0.0,;
39,0.04532,-0.222,7.40386,-0.22831,0.16169,-0.96005,0.0,0.0,;
40,-0.06596,-0.20888,7.43254,-0.22831,0.16169,-0.96005,1.0,1.0,;
41,-0.0084,-0.25473,7.41113,-0.22831,0.16169,-0.96005,1.0,0.0,;
42,-0.06596,-0.20888,7.43254,-0.09912,0.29081,-0.95163,1.0,0.0,;
43,-0.11934,-0.13153,7.46174,-0.09912,0.29081,-0.95163,1.0,1.0,;
44,0.04075,-0.21972,7.41811,-0.09912,0.29081,-0.9516,0.0,0.0,;
45,0.04533,-0.1436,7.31469,-0.32817,-0.94342,-0.04697,0.0,0.0,;
46,0.04533,-0.1436,7.31469,-0.41563,-0.8666,-0.27607,1.0,0.0,;
47,0.04533,-0.11862,7.23628,-0.41563,-0.8666,-0.27607,0.0,0.0,;
48,0.04533,-0.11862,7.23628,-0.19431,-0.9808,-0.01621,0.0,0.0,;
49,0.04533,-0.11862,7.23628,-0.18693,-0.98236,-9e-05,0.0,0.0,;
50,0.04533,-0.11862,7.23628,-0.16095,-0.94189,-0.29472,0.0,0.0,;
51,0.04533,-0.10078,7.17926,-0.16095,-0.94189,-0.29472,1.0,1.0,;
52,0.04533,-0.10078,7.17926,-0.0745,-0.99643,0.03943,1.0,0.0,;
53,0.04533,-0.10078,7.17926,-0.07007,-0.99753,-0.00061,0.0,0.0,;
54,0.04533,-0.10072,7.08309,-0.07007,-0.99753,-0.00061,1.0,1.0,;
55,0.04533,-0.10072,7.08309,-0.06149,-0.99789,0.01987,0.0,0.0,;
56,0.04533,-0.18282,7.37887,0.56594,-0.44328,-0.69512,1.0,0.0,;
57,0.04532,-0.222,7.40386,0.56594,-0.44328,-0.69512,0.0,0.0,;
58,0.11755,-0.25473,7.41635,0.20991,0.09183,-0.97339,1.0,1.0,;
59,0.04532,-0.222,7.40386,0.20991,0.09183,-0.97339,0.0,0.0,;
60,0.04532,-0.222,7.40386,-0.41444,-0.90997,0.01227,0.0,0.0,;
61,0.04075,-0.21972,7.41811,-0.41444,-0.90997,0.01227,1.0,1.0,;
62,0.11755,-0.25473,7.41635,-0.41444,-0.90997,0.01227,1.0,0.0,;
63,0.04532,-0.222,7.40386,-0.48589,-0.87384,-0.01645,1.0,0.0,;
64,0.04075,-0.21972,7.41811,-0.48589,-0.87384,-0.01645,1.0,1.0,;
65,-0.11934,-0.13153,7.46174,-0.48589,-0.87384,-0.01645,0.0,0.0,;
66,0.04533,-0.18282,7.37887,0.51894,-0.85327,-0.05106,1.0,0.0,;
67,0.04533,-0.18282,7.37887,0.46751,-0.7543,-0.46086,1.0,0.0,;
68,0.04533,-0.1436,7.31469,0.46751,-0.7543,-0.46086,1.0,1.0,;
69,0.04533,-0.1436,7.31469,0.42708,-0.86154,-0.27445,1.0,1.0,;
70,0.04533,-0.11862,7.23628,0.42708,-0.86154,-0.27445,0.0,0.0,;
71,0.04533,-0.11862,7.23628,0.21842,-0.97562,-0.02152,1.0,0.0,;
72,0.04533,-0.11862,7.23628,0.33168,-0.90033,-0.28169,1.0,1.0,;
73,0.04533,-0.10078,7.17926,0.33168,-0.90033,-0.28169,0.0,0.0,;
74,0.04533,-0.10078,7.17926,0.09903,-0.99506,-0.0043,1.0,0.0,;
75,0.04533,-0.10078,7.17926,0.09766,-0.99521,-0.00061,1.0,1.0,;
76,0.04533,-0.10072,7.08309,0.09766,-0.99521,-0.00061,0.0,0.0,;
77,0.04533,-0.10072,7.08309,0.07569,-0.99689,0.02109,0.0,0.0,;
78,0.04533,-0.10072,7.08309,0.07575,-0.99689,0.021,1.0,1.0,;
79,0.25963,-0.04232,7.52195,0.85141,-0.40199,-0.33683,1.0,1.0,;
80,0.11755,-0.25473,7.41635,0.85141,-0.40199,-0.33683,0.0,0.0,;
81,-0.25021,-0.0275,7.57089,-0.75518,-0.44554,-0.48076,1.0,0.0,;
82,-0.11934,-0.13153,7.46174,-0.75518,-0.44554,-0.48076,0.0,0.0,;
83,-0.18285,-0.01678,7.49305,-0.74932,-0.07169,-0.65828,0.0,0.0,;
84,-0.25021,-0.0275,7.57089,-0.74932,-0.07169,-0.65828,1.0,1.0,;
85,-0.18285,-0.01678,7.49305,-0.87222,-0.47285,-0.12485,1.0,1.0,;
86,-0.18285,-0.01678,7.49305,-0.89276,-0.41179,-0.18265,1.0,1.0,;
87,-0.15771,-0.01679,7.37016,-0.89276,-0.41179,-0.18265,0.0,0.0,;
88,-0.15771,-0.01679,7.37016,-0.92367,-0.37529,-0.07724,1.0,1.0,;
89,-0.15771,-0.01679,7.37016,-0.91073,-0.41246,-0.02045,1.0,0.0,;
90,-0.15461,-0.01679,7.23236,-0.91073,-0.41246,-0.02045,1.0,1.0,;
91,-0.15461,-0.01679,7.23236,-0.92001,-0.39186,-0.00037,1.0,1.0,;
92,-0.15461,-0.01679,7.23236,-0.90384,-0.39961,0.15278,1.0,1.0,;
93,-0.15461,-0.01679,7.23236,-0.79147,-0.5284,0.30714,1.0,1.0,;
94,-0.2074,-0.01679,7.09632,-0.79147,-0.5284,0.30714,0.0,0.0,;
95,-0.2074,-0.01679,7.09632,-0.70977,-0.70428,0.01334,1.0,0.0,;
96,-0.2074,-0.01679,7.09632,-0.65252,-0.69259,0.30738,1.0,0.0,;
97,-0.2074,-0.01679,7.09632,-0.73913,-0.64901,0.18009,1.0,0.0,;
98,-0.22843,-0.01833,7.00445,-0.73913,-0.64901,0.18009,1.0,1.0,;
99,0.26109,-0.01678,7.48769,0.84127,-0.45,-0.29954,1.0,0.0,;
100,0.25963,-0.04232,7.52195,0.84127,-0.45,-0.29954,1.0,1.0,;
101,0.26109,-0.01678,7.48769,0.82971,-0.55214,-0.08164,0.0,0.0,;
102,0.26109,-0.01678,7.48769,0.84704,-0.51946,-0.11246,0.0,0.0,;
103,0.23494,-0.01679,7.29074,0.84704,-0.51946,-0.11246,1.0,1.0,;
104,0.23494,-0.01679,7.29074,0.86633,-0.49208,-0.08527,0.0,0.0,;
105,0.23494,-0.01679,7.29074,0.87503,-0.48247,-0.03858,1.0,0.0,;
106,0.25484,-0.01679,7.17497,0.77187,-0.63399,0.047,0.0,0.0,;
107,0.25484,-0.01679,7.17497,0.80148,-0.5819,0.13776,0.0,0.0,;
108,0.23494,-0.01679,7.29074,0.80148,-0.5819,0.13776,1.0,0.0,;
109,0.25484,-0.01679,7.17497,0.77267,-0.63338,0.0419,0.0,0.0,;
110,-0.15771,-0.01679,7.37016,-0.94702,0.25611,-0.19376,1.0,1.0,;
111,-0.18285,-0.01678,7.49305,-0.94702,0.25611,-0.19376,0.0,0.0,;
112,-0.15771,-0.01679,7.37016,-0.96475,0.22394,-0.1381,0.0,0.0,;
113,-0.15771,-0.01679,7.37016,-0.97385,0.21198,-0.08145,1.0,0.0,;
114,-0.15461,-0.01679,7.23236,-0.97156,0.23572,-0.02182,1.0,1.0,;
115,-0.15771,-0.01679,7.37016,-0.97156,0.23572,-0.02182,0.0,0.0,;
116,-0.15461,-0.01679,7.23236,-0.97491,0.22245,-0.0004,0.0,0.0,;
117,-0.2074,-0.01679,7.09632,-0.90826,0.22532,0.35249,0.0,0.0,;
118,-0.15461,-0.01679,7.23236,-0.90826,0.22532,0.35249,1.0,0.0,;
119,-0.2074,-0.01679,7.09632,-0.89581,0.41758,0.15201,0.0,0.0,;
120,-0.22843,-0.01833,7.00445,-0.89657,0.39583,0.19855,1.0,1.0,;
121,-0.2074,-0.01679,7.09632,-0.89657,0.39583,0.19855,0.0,0.0,;
122,-0.22843,-0.01833,7.00445,-0.82525,0.56462,0.01044,0.0,0.0,;
123,-0.22843,-0.01833,7.00445,-0.76785,0.15836,0.62072,0.0,0.0,;
124,-0.26001,-0.01998,6.96581,-0.76785,0.15836,0.62072,1.0,1.0,;
125,-0.26001,-0.01998,6.96581,-0.82379,0.42979,0.36964,0.0,0.0,;
126,0.04533,-0.10072,7.08309,-0.06082,-0.99588,0.0672,1.0,0.0,;
127,0.04533,-0.10072,7.08309,0.07648,-0.99667,0.02808,1.0,0.0,;
128,0.28688,-0.01679,7.09433,0.58327,-0.77847,0.23182,1.0,1.0,;
129,0.25484,-0.01679,7.17497,0.58327,-0.77847,0.23182,0.0,0.0,;
130,0.26109,-0.01678,7.48769,0.76583,-0.53075,-0.36296,0.0,0.0,;
131,0.25963,-0.04232,7.52195,0.76583,-0.53075,-0.36296,1.0,1.0,;
132,0.31806,0.02359,7.54886,0.76583,-0.53075,-0.36296,1.0,0.0,;
133,0.26109,-0.01678,7.48769,0.93789,0.33439,-0.09229,0.0,0.0,;
134,0.23494,-0.01679,7.29074,0.94256,0.30967,-0.12516,1.0,1.0,;
135,0.26109,-0.01678,7.48769,0.94256,0.30967,-0.12516,1.0,0.0,;
136,0.23494,-0.01679,7.29074,0.95468,0.24824,0.1641,1.0,0.0,;
137,0.25484,-0.01679,7.17497,0.95468,0.24824,0.1641,1.0,1.0,;
138,0.23494,-0.01679,7.29074,0.95245,0.2898,-0.09375,1.0,0.0,;
139,0.25484,-0.01679,7.17497,0.89782,0.43849,-0.03958,1.0,0.0,;
140,0.28688,-0.01679,7.09433,0.83639,0.54592,0.04843,1.0,1.0,;
141,0.28688,-0.01679,7.09433,0.89828,0.25611,0.35701,1.0,1.0,;
142,0.25484,-0.01679,7.17497,0.89828,0.25611,0.35701,1.0,0.0,;
143,0.31844,-0.01664,6.9822,0.85241,0.46422,0.24049,1.0,1.0,;
144,0.28688,-0.01679,7.09433,0.85241,0.46422,0.24049,1.0,0.0,;
145,0.31844,-0.01664,6.9822,0.79858,0.54805,0.24873,1.0,1.0,;
146,0.31844,-0.01664,6.9822,0.76153,0.64675,0.04172,0.0,0.0,;
147,0.31844,-0.01664,6.9822,0.67367,0.63366,-0.38032,1.0,0.0,;
148,0.31267,-0.01527,6.97426,0.94412,0.1774,-0.27766,1.0,1.0,;
149,-0.18285,-0.01678,7.49305,-0.75845,0.0441,-0.6502,0.0,0.0,;
150,-0.25021,-0.0275,7.57089,-0.75845,0.0441,-0.6502,1.0,0.0,;
151,0.31806,0.02359,7.54886,0.70345,0.07773,-0.70644,1.0,1.0,;
152,0.26109,-0.01678,7.48769,0.70345,0.07773,-0.70644,0.0,0.0,;
153,0.04533,-0.10072,7.08309,-0.12055,-0.97552,0.18375,1.0,0.0,;
154,0.01339,-0.12404,6.93836,0.0466,-0.98773,0.14884,1.0,1.0,;
155,0.16396,-0.13995,6.95266,0.21146,-0.92447,0.31718,0.0,0.0,;
156,0.04533,-0.10072,7.08309,0.22703,-0.85623,0.464,0.0,0.0,;
157,0.27456,-0.003,6.98139,0.63039,-0.03848,0.77529,0.0,0.0,;
158,0.27774,-0.05552,6.96282,0.73019,-0.41292,0.5443,1.0,1.0,;
159,-0.10182,-0.14264,6.95266,-0.21482,-0.94287,0.25455,1.0,1.0,;
160,0.04533,-0.10072,7.08309,-0.1442,-0.88305,0.44652,0.0,0.0,;
161,0.04533,-0.10072,7.08309,0.1727,-0.97769,0.11942,1.0,0.0,;
162,-0.20317,-0.04508,6.96282,-0.62093,-0.78195,0.0546,0.0,0.0,;
163,-0.22843,-0.01833,7.00445,-0.71603,-0.6979,0.01392,1.0,0.0,;
164,-0.22843,-0.01833,7.00445,-0.36564,-0.86801,0.33589,1.0,0.0,;
165,-0.26001,-0.01998,6.96581,-0.36564,-0.86801,0.33589,1.0,1.0,;
166,-0.26001,-0.01998,6.96581,-0.37971,-0.80572,-0.45454,1.0,0.0,;
167,-0.27456,-0.003,6.94788,-0.84692,-0.00613,0.53163,1.0,1.0,;
168,-0.26001,-0.01998,6.96581,-0.68896,0.15696,0.70757,0.0,0.0,;
169,-0.21639,0.13755,6.93569,-0.80792,0.25364,0.53188,1.0,1.0,;
170,-0.19441,0.26917,6.93344,0.02277,0.56563,0.8243,1.0,1.0,;
171,-0.1119,0.26753,6.89134,-0.04834,0.82452,0.56374,0.0,0.0,;
172,0.1119,0.26753,6.89134,-0.05478,0.98822,0.14286,1.0,1.0,;
173,0.23896,0.26917,6.9706,0.24625,0.6046,0.75747,1.0,0.0,;
174,0.28688,-0.01679,7.09433,0.5981,-0.77902,0.18796,0.0,0.0,;
175,0.28688,-0.01679,7.09433,0.63918,-0.75835,0.12769,0.0,0.0,;
176,-0.13918,-0.0862,7.45091,-0.74972,-0.53499,-0.38942,0.0,0.0,;
177,-0.13918,-0.0862,7.45091,-0.74972,-0.53499,-0.38942,0.0,0.0,;
178,-0.13214,-0.0862,7.40168,-0.6563,-0.74712,-0.10501,1.0,0.0,;
179,-0.12508,-0.0862,7.31726,-0.61919,-0.78484,-0.02429,1.0,0.0,;
180,-0.12504,-0.0862,7.22572,-0.58925,-0.80709,0.03665,1.0,0.0,;
181,-0.1355,-0.08806,7.15897,-0.50154,-0.85723,0.11637,1.0,0.0,;
182,-0.1355,-0.08806,7.15897,-0.50154,-0.85723,0.11637,1.0,0.0,;
183,0.21143,-0.0862,7.4525,0.79742,-0.53764,-0.27387,1.0,0.0,;
184,0.21143,-0.0862,7.4525,0.79742,-0.53764,-0.27387,0.0,0.0,;
185,0.20451,-0.0862,7.38224,0.67089,-0.73223,-0.11713,0.0,0.0,;
186,0.20451,-0.0862,7.38224,0.67089,-0.73223,-0.11713,1.0,0.0,;
187,0.20451,-0.0862,7.38224,0.67089,-0.73223,-0.11713,0.0,0.0,;
188,0.1976,-0.0862,7.31195,0.58336,-0.81011,-0.05774,1.0,0.0,;
189,0.1976,-0.0862,7.31195,0.58336,-0.81011,-0.05774,0.0,0.0,;
190,0.19418,-0.0862,7.23462,0.49434,-0.86865,0.03189,1.0,0.0,;
191,0.21143,-0.0862,7.4525,0.79742,-0.53764,-0.27387,1.0,0.0,;
192,-0.13918,-0.0862,7.45091,-0.74972,-0.53499,-0.38942,1.0,1.0,;
193,-0.13214,-0.0862,7.40168,-0.6563,-0.74712,-0.10501,0.0,0.0,;
194,-0.13214,-0.0862,7.40168,-0.6563,-0.74712,-0.10501,1.0,0.0,;
195,-0.12508,-0.0862,7.31726,-0.61919,-0.78484,-0.02429,0.0,0.0,;
196,-0.13214,-0.0862,7.40168,-0.6563,-0.74712,-0.10501,1.0,0.0,;
197,-0.12508,-0.0862,7.31726,-0.61919,-0.78484,-0.02429,0.0,0.0,;
198,-0.12504,-0.0862,7.22572,-0.58925,-0.80709,0.03665,0.0,0.0,;
199,-0.12508,-0.0862,7.31726,-0.61919,-0.78484,-0.02429,1.0,0.0,;
200,-0.12504,-0.0862,7.22572,-0.58925,-0.80709,0.03665,1.0,0.0,;
201,-0.1355,-0.08806,7.15897,-0.50154,-0.85723,0.11637,1.0,0.0,;
202,-0.13543,-0.08954,7.0852,-0.3632,-0.9259,0.10361,0.0,0.0,;
203,-0.15643,-0.09157,7.03602,-0.5251,-0.82882,0.19312,0.0,0.0,;
204,0.21143,-0.0862,7.4525,0.79742,-0.53764,-0.27387,0.0,0.0,;
205,0.21143,-0.0862,7.4525,0.79742,-0.53764,-0.27387,1.0,0.0,;
206,0.20451,-0.0862,7.38224,0.67089,-0.73223,-0.11713,1.0,0.0,;
207,0.20451,-0.0862,7.38224,0.67089,-0.73223,-0.11713,1.0,0.0,;
208,0.19418,-0.0862,7.23462,0.49434,-0.86865,0.03189,0.0,0.0,;
209,0.19418,-0.0862,7.23462,0.49434,-0.86865,0.03189,1.0,0.0,;
210,0.19776,-0.08757,7.15747,0.46184,-0.88623,0.03549,1.0,1.0,;
211,0.20136,-0.08922,7.0663,0.3556,-0.92984,0.0943,1.0,1.0,;
212,-0.12508,0.11279,7.31726,-0.88058,0.47172,-0.04486,1.0,0.0,;
213,-0.12508,0.11279,7.31726,-0.88058,0.47172,-0.04486,1.0,0.0,;
214,-0.12504,0.11278,7.22572,-0.83654,0.5414,0.08402,1.0,0.0,;
215,-0.1355,0.11464,7.15897,-0.76739,0.63253,0.10483,1.0,0.0,;
216,-0.1355,0.11464,7.15897,-0.76739,0.63253,0.10483,1.0,0.0,;
217,-0.13543,0.11612,7.0852,-0.72961,0.66875,0.14286,1.0,0.0,;
218,-0.13543,0.11612,7.0852,-0.72961,0.66875,0.14286,1.0,0.0,;
219,-0.15643,-0.09157,7.03602,-0.5251,-0.82882,0.19312,0.0,0.0,;
220,0.20136,-0.08922,7.0663,0.3556,-0.92984,0.0943,1.0,0.0,;
221,0.20451,0.11279,7.38224,0.816,0.57143,-0.08707,0.0,0.0,;
222,0.20451,0.11279,7.38224,0.816,0.57143,-0.08707,0.0,0.0,;
223,0.1976,0.11278,7.31195,0.81286,0.58104,-0.03977,1.0,1.0,;
224,0.19418,0.11279,7.23462,0.76171,0.64785,0.00797,1.0,0.0,;
225,0.19418,0.11279,7.23462,0.76171,0.64785,0.00797,0.0,0.0,;
226,0.19776,0.11415,7.15747,0.69854,0.71331,0.05679,1.0,1.0,;
227,-0.13918,0.11278,7.45091,-0.91229,0.34416,-0.22193,1.0,1.0,;
228,0.21143,0.11278,7.4525,0.86938,0.45054,-0.20283,1.0,0.0,;
229,0.21542,0.116,7.02072,0.686,0.42341,0.59166,1.0,1.0,;
230,0.20136,0.1158,7.0663,0.65874,0.7448,0.1062,0.0,0.0,;
231,0.01202,0.24095,7.03688,-0.0972,0.95273,0.28779,1.0,0.0,;
232,0.19776,0.11415,7.15747,0.69854,0.71331,0.05679,1.0,1.0,;
233,0.19418,0.11279,7.23462,0.76171,0.64785,0.00797,0.0,0.0,;
234,0.01202,0.24095,7.03688,-0.0972,0.95273,0.28779,1.0,0.0,;
235,0.19418,0.11279,7.23462,0.76171,0.64785,0.00797,1.0,0.0,;
236,0.19776,0.11415,7.15747,0.69854,0.71331,0.05679,1.0,1.0,;
237,0.01201,0.25171,7.18355,-0.07843,0.99466,-0.06677,1.0,0.0,;
238,0.01201,0.25171,7.18355,-0.07843,0.99466,-0.06677,0.0,0.0,;
239,0.1976,0.11278,7.31195,0.81286,0.58104,-0.03977,1.0,0.0,;
240,0.01201,0.25888,7.30873,-0.08573,0.99429,-0.06336,1.0,0.0,;
241,0.20451,0.11279,7.38224,0.816,0.57143,-0.08707,1.0,1.0,;
242,0.20451,0.11279,7.38224,0.816,0.57143,-0.08707,0.0,0.0,;
243,0.01201,0.25888,7.30873,-0.08573,0.99429,-0.06336,1.0,0.0,;
244,0.01201,0.25888,7.30873,-0.08573,0.99429,-0.06336,0.0,0.0,;
245,-0.13214,0.11278,7.40168,-0.88153,0.46046,-0.10416,1.0,0.0,;
246,-0.13918,0.11278,7.45091,-0.91229,0.34416,-0.22193,1.0,1.0,;
247,0.01201,0.25171,7.18355,-0.07843,0.99466,-0.06677,0.0,0.0,;
248,-0.13214,0.11278,7.40168,-0.88153,0.46046,-0.10416,1.0,0.0,;
249,0.01201,0.25171,7.18355,-0.07843,0.99466,-0.06677,0.0,0.0,;
250,-0.12508,0.11279,7.31726,-0.88058,0.47172,-0.04486,1.0,0.0,;
251,-0.12508,0.11279,7.31726,-0.88058,0.47172,-0.04486,1.0,0.0,;
252,0.01202,0.24095,7.03688,-0.0972,0.95273,0.28779,1.0,0.0,;
253,-0.1355,0.11464,7.15897,-0.76739,0.63253,0.10483,1.0,0.0,;
254,-0.13543,0.11612,7.0852,-0.72961,0.66875,0.14286,1.0,0.0,;
255,-0.13543,0.11612,7.0852,-0.72961,0.66875,0.14286,0.0,0.0,;
256,0.01202,0.24095,7.03688,-0.0972,0.95273,0.28779,1.0,0.0,;
257,0.16396,-0.13995,6.95266,0.21146,-0.92447,0.31718,1.0,0.0,;
258,0.21542,-0.08942,7.02072,0.52474,-0.78509,0.32899,1.0,0.0,;
259,0.27774,-0.05552,6.96282,0.73019,-0.41292,0.5443,0.0,0.0,;
260,0.21542,-0.08942,7.02072,0.52474,-0.78509,0.32899,1.0,0.0,;
261,0.16396,-0.13995,6.95266,0.21146,-0.92447,0.31718,1.0,1.0,;
262,-0.15643,-0.09157,7.03602,-0.5251,-0.82882,0.19312,1.0,0.0,;
263,0.01339,-0.12404,6.93836,0.0466,-0.98773,0.14884,0.0,0.0,;
264,-0.10182,-0.14264,6.95266,-0.21482,-0.94287,0.25455,1.0,0.0,;
265,-0.15643,-0.09157,7.03602,-0.5251,-0.82882,0.19312,0.0,0.0,;
266,-0.20317,-0.04508,6.96282,-0.62093,-0.78195,0.0546,1.0,1.0,;
267,-0.15643,0.11815,7.03602,-0.69161,0.53377,0.48653,1.0,0.0,;
268,-0.27456,-0.003,6.94788,-0.84692,-0.00613,0.53163,0.0,0.0,;
269,-0.15643,0.11815,7.03602,-0.69161,0.53377,0.48653,1.0,0.0,;
270,-0.21639,0.13755,6.93569,-0.80792,0.25364,0.53188,0.0,0.0,;
271,-0.15643,0.11815,7.03602,-0.69161,0.53377,0.48653,1.0,0.0,;
272,-0.15643,0.11815,7.03602,-0.69161,0.53377,0.48653,1.0,0.0,;
273,0.01202,0.24095,7.03688,-0.0972,0.95273,0.28779,1.0,1.0,;
274,-0.19441,0.26917,6.93344,0.02277,0.56563,0.8243,0.0,0.0,;
275,-0.15643,0.11815,7.03602,-0.69161,0.53377,0.48653,1.0,0.0,;
276,-0.1119,0.26753,6.89134,-0.04834,0.82452,0.56374,1.0,1.0,;
277,0.01202,0.24095,7.03688,-0.0972,0.95273,0.28779,1.0,0.0,;
278,0.23896,0.26917,6.9706,0.24625,0.6046,0.75747,0.0,0.0,;
279,0.01202,0.24095,7.03688,-0.0972,0.95273,0.28779,1.0,0.0,;
280,0.21542,0.116,7.02072,0.686,0.42341,0.59166,1.0,1.0,;
281,0.21542,0.116,7.02072,0.686,0.42341,0.59166,1.0,1.0,;
282,0.20136,-0.08922,7.0663,0.3556,-0.92984,0.0943,1.0,0.0,;
283,0.21542,-0.08942,7.02072,0.52474,-0.78509,0.32899,1.0,0.0,;
284,0.27456,-0.003,6.98139,0.63039,-0.03848,0.77529,1.0,1.0,;
285,0.21542,-0.08942,7.02072,0.52474,-0.78509,0.32899,1.0,0.0,;
}
polygons{
113;
0,-0.5452,-0.71535,-0.43706,1,34,12,33,;
1,-0.52119,-0.45886,-0.71959,1,176,35,36,;
2,-0.49169,-0.40013,-0.7734,1,177,38,37,;
3,-0.22834,0.1617,-0.96006,1,39,41,40,;
4,-0.09915,0.29082,-0.95163,1,44,42,43,;
5,-0.32819,-0.94344,-0.04698,1,45,12,13,;
6,-0.41564,-0.86662,-0.27608,1,47,46,13,;
7,-0.19431,-0.98081,-0.01623,1,48,178,14,;
8,-0.18694,-0.98237,-0.0001,1,49,179,15,;
9,-0.16099,-0.94192,-0.29473,1,50,180,51,;
10,-0.07451,-0.99644,0.03945,1,16,52,15,;
11,-0.07009,-0.99754,-0.00064,1,53,181,54,;
12,-0.0615,-0.99791,0.01987,1,55,182,17,;
13,0.56595,-0.44328,-0.69513,1,57,56,5,;
14,0.20994,0.09184,-0.97339,1,59,183,58,;
15,-0.41445,-0.90999,0.01227,1,60,62,61,;
16,-0.48591,-0.87385,-0.01647,1,65,63,64,;
17,0.51895,-0.85328,-0.05106,1,184,66,6,;
18,0.46754,-0.75432,-0.46088,1,185,67,68,;
19,0.4271,-0.86154,-0.27446,1,70,186,69,;
20,0.21843,-0.97562,-0.02153,1,187,71,7,;
21,0.33169,-0.90035,-0.28171,1,73,188,72,;
22,0.09905,-0.99507,-0.00433,1,189,74,8,;
23,0.09769,-0.99522,-0.00063,1,76,190,75,;
24,0.07571,-0.99691,0.02112,1,77,9,8,;
25,0.07576,-0.9969,0.02102,1,10,9,78,;
26,0.85141,-0.40203,-0.33686,1,80,191,79,;
27,-0.7552,-0.44556,-0.48078,1,82,81,192,;
28,-0.74935,-0.0717,-0.65828,1,83,12,84,;
29,-0.87224,-0.47286,-0.12486,1,193,12,85,;
30,-0.89278,-0.41179,-0.18266,1,87,194,86,;
31,-0.92368,-0.3753,-0.07726,1,195,196,88,;
32,-0.91073,-0.41249,-0.02048,1,197,89,90,;
33,-0.92002,-0.39187,-0.00039,1,198,199,91,;
34,-0.90385,-0.39963,0.1528,1,16,200,92,;
35,-0.79146,-0.52843,0.30716,1,94,201,93,;
36,-0.70978,-0.7043,0.01336,1,16,95,17,;
37,-0.65254,-0.6926,0.30739,1,202,96,18,;
38,-0.73916,-0.64901,0.18011,1,203,97,98,;
39,0.8413,-0.44999,-0.29954,1,204,99,100,;
40,0.82973,-0.55217,-0.08165,1,101,205,6,;
41,0.84706,-0.51947,-0.11248,1,102,206,103,;
42,0.86636,-0.49209,-0.08529,1,104,207,7,;
43,0.87505,-0.48249,-0.03859,1,208,105,7,;
44,0.77189,-0.63402,0.04702,1,106,209,210,;
45,0.8015,-0.5819,0.13778,1,107,108,8,;
46,0.77268,-0.63341,0.04192,1,109,9,211,;
47,-0.94702,0.25613,-0.19377,1,111,26,110,;
48,-0.96476,0.22397,-0.1381,1,112,26,27,;
49,-0.97387,0.21199,-0.08146,1,28,113,27,;
50,-0.97157,0.23575,-0.02184,1,115,212,114,;
51,-0.97494,0.22247,-0.00041,1,116,213,29,;
52,-0.90828,0.22533,0.3525,1,117,118,29,;
53,-0.89581,0.41762,0.15204,1,119,214,30,;
54,-0.89659,0.39586,0.19858,1,121,215,120,;
55,-0.82528,0.56463,0.01045,1,122,216,31,;
56,-0.76787,0.15839,0.62072,1,123,217,124,;
57,-0.82379,0.42981,0.36965,1,125,218,32,;
58,-0.06083,-0.99588,0.06721,1,219,126,17,;
59,0.0765,-0.99667,0.02809,1,10,127,11,;
60,0.58329,-0.77848,0.23183,1,129,220,128,;
61,0.76586,-0.53077,-0.36296,1,130,132,131,;
62,0.9379,0.33439,-0.09231,1,133,20,19,;
63,0.94256,0.30968,-0.12517,1,221,135,134,;
64,0.95469,0.24826,0.16412,1,21,136,137,;
65,0.95248,0.28983,-0.09376,1,222,138,223,;
66,0.89785,0.43851,-0.03959,1,21,139,22,;
67,0.83642,0.54594,0.04846,1,23,224,140,;
68,0.89829,0.25613,0.35702,1,225,142,141,;
69,0.85244,0.46423,0.24051,1,23,144,143,;
70,0.7986,0.54806,0.24874,1,25,24,145,;
71,0.76155,0.64676,0.04172,1,146,24,226,;
72,0.67366,0.63367,-0.38034,1,25,147,148,;
73,-0.75846,0.0441,-0.65023,1,149,150,227,;
74,0.70346,0.07774,-0.70647,1,152,228,151,;
75,0.52571,0.83434,0.16588,1,4,24,229,;
76,0.54707,0.83628,0.0367,1,230,231,232,;
77,0.61554,0.786,-0.05763,1,233,234,3,;
78,0.54547,0.83717,0.0401,1,4,235,236,;
79,0.61842,0.78456,-0.04497,1,21,237,2,;
80,0.61092,0.79123,-0.02692,1,238,239,22,;
81,0.61807,0.78377,-0.06086,1,21,240,241,;
82,0.61806,0.78377,-0.06082,1,242,243,19,;
83,-0.74072,0.6634,-0.10603,1,244,245,246,;
84,-0.72372,0.68896,-0.03949,1,247,248,2,;
85,-0.73954,0.67027,-0.06185,1,249,250,27,;
86,-0.73438,0.67692,-0.04966,1,4,251,3,;
87,-0.68325,0.73019,-0.0003,1,28,252,29,;
88,-0.58962,0.7995,0.11469,1,4,253,29,;
89,-0.64329,0.76548,0.01465,1,4,254,30,;
90,-0.56737,0.77637,0.27448,1,255,256,32,;
91,-0.12055,-0.97555,0.18378,1,155,153,154,;
92,0.22703,-0.85623,0.46403,1,156,257,11,;
93,0.72186,-0.19137,0.66505,1,157,258,158,;
94,0.57961,-0.7999,0.15562,1,259,260,261,;
95,-0.14421,-0.88307,0.44653,1,160,262,159,;
96,0.1727,-0.97771,0.11942,1,263,161,159,;
97,-0.69415,-0.71969,-0.01389,1,162,264,18,;
98,-0.71605,-0.69792,0.01392,1,265,163,266,;
99,-0.36566,-0.86803,0.33589,1,162,164,165,;
100,-0.37975,-0.80571,-0.45455,1,162,166,167,;
101,-0.68896,0.15697,0.7076,1,168,267,167,;
102,-0.76712,0.36331,0.5287,1,268,269,169,;
103,-0.83593,0.14864,0.52832,1,270,271,170,;
104,-0.49558,0.67598,0.54539,1,171,272,273,;
105,0.37835,0.58333,0.71873,1,274,275,276,;
106,0.0,0.98373,0.17965,1,171,277,172,;
107,-0.08781,0.98884,0.12032,1,4,173,172,;
108,0.23913,0.26856,0.93311,1,278,279,280,;
109,0.70573,0.11998,0.69825,1,157,173,281,;
110,0.59814,-0.77904,0.18797,1,174,282,11,;
111,0.5537,-0.0,0.83271,1,25,283,284,;
112,0.6392,-0.75836,0.1277,1,175,285,148,;
}
materials{
2;
0,0.298,0.318,1.0,none.png,;
1,1.0,0.863,0.741,none.png,;
}
boneinfo{
22;
0,doBone,;
matrix;1.0,0.0,0.0,0.0,0.0,0.18471,-0.98279,0.0,-0.0,0.98279,0.18471,0.0,0.0,0.0,0.0,1.0,;
matrix_local;1.0,0.0,0.0,0.0,0.0,0.18471,-0.98279,0.0,-0.0,0.98279,0.18471,4.3594,0.0,0.0,0.0,1.0,;
1,muneBone,;
matrix;-1.0,-0.0,0.0,0.0,0.0,0.98279,0.18471,0.0,-0.0,0.18471,-0.98279,0.0,0.0,0.0,0.0,1.0,;
matrix_local;-1.0,-0.0,0.0,0.0,0.0,-0.0,1.0,0.18795,-0.0,1.0,0.0,5.3594,0.0,0.0,0.0,1.0,;
2,migiSakotuBone,;
matrix;0.32681,0.93545,-0.13463,0.0,-0.13463,0.18708,0.97307,0.0,0.93545,-0.29989,0.18708,0.0,0.0,0.0,0.0,1.0,;
matrix_local;-0.32681,-0.93545,0.13463,0.0,0.93545,-0.29989,0.18708,0.18795,-0.13463,0.18708,0.97307,6.43428,0.0,0.0,0.0,1.0,;
3,migiArmBone,;
matrix;0.82932,0.5118,-0.22426,0.0,-0.37934,0.81036,0.44657,0.0,0.41028,-0.28528,0.86619,0.0,0.0,0.0,0.0,1.0,;
matrix_local;0.13905,-0.96372,-0.22783,-0.58624,0.9663,0.18237,-0.18165,1e-05,0.21661,-0.1949,0.95661,6.55152,0.0,0.0,0.0,1.0,;
4,migiArmSitaBone,;
matrix;0.98014,-0.18034,0.08247,0.0,0.18942,0.97451,-0.12019,0.0,-0.05869,0.13342,0.98932,0.0,0.0,0.0,0.0,1.0,;
matrix_local;-0.03288,-0.99463,-0.09811,-2.0323,0.99232,-0.02078,-0.12194,0.27366,0.11925,-0.10136,0.98768,6.25908,0.0,0.0,0.0,1.0,;
5,hidariSakotuBone,;
matrix;0.24992,-0.96348,0.09616,0.0,0.09616,0.12352,0.98767,0.0,-0.96348,-0.2376,0.12352,0.0,0.0,0.0,0.0,1.0,;
matrix_local;-0.24992,0.96348,-0.09616,0.0,-0.96348,-0.2376,0.12352,0.18795,0.09616,0.12352,0.98767,6.43428,0.0,0.0,0.0,1.0,;
6,hidariArmBone,;
matrix;0.87239,-0.43331,0.22622,0.0,0.32536,0.86014,0.39282,0.0,-0.36479,-0.26909,0.89136,0.0,0.0,0.0,0.0,1.0,;
matrix_local;0.13052,0.96289,0.23622,0.76211,-0.96289,0.17988,-0.2012,1e-05,-0.23622,-0.2012,0.95064,6.53198,0.0,0.0,0.0,1.0,;
7,hidariArmSitaBone,;
matrix;0.98003,0.1545,-0.12517,0.0,-0.16973,0.97792,-0.12188,0.0,0.10358,0.14069,0.98462,0.0,0.0,0.0,0.0,1.0,;
matrix_local;-0.01105,0.99504,0.09889,2.07139,-0.99504,-0.00116,-0.0995,0.24459,-0.09889,-0.0995,0.99011,6.25841,0.0,0.0,0.0,1.0,;
8,kubiBone,;
matrix;-0.99968,-0.02084,-0.01452,0.0,-0.01452,0.9379,-0.34661,0.0,0.02084,-0.34628,-0.9379,0.0,0.0,0.0,0.0,1.0,;
matrix_local;0.99968,0.02084,0.01452,0.0,0.02084,-0.34628,-0.9379,0.18795,-0.01452,0.9379,-0.34661,6.43428,0.0,0.0,0.0,1.0,;
9,kubiUeBone,;
matrix;0.99942,0.02711,0.02078,0.0,-0.03262,0.93795,0.34523,0.0,-0.01013,-0.3457,0.93829,0.0,0.0,0.0,0.0,1.0,;
matrix_local;0.99827,0.04163,0.04159,0.01131,0.04163,0.0,-0.99913,0.0,-0.04159,0.99913,-0.00173,6.94332,0.0,0.0,0.0,1.0,;
10,atamaBone,;
matrix;0.99827,-0.04159,-0.04163,0.0,0.04163,0.99913,0.0,0.0,0.04159,-0.00173,0.99913,0.0,0.0,0.0,0.0,1.0,;
matrix_local;1.0,-0.0,0.0,0.03394,0.0,0.0,-1.0,0.0,0.0,1.0,0.0,7.4863,0.0,0.0,0.0,1.0,;
11,kosiBone,;
matrix;0.99962,0.02031,-0.01841,0.0,0.02184,-0.99594,0.08738,0.0,-0.01656,-0.08775,-0.996,0.0,0.0,0.0,0.0,1.0,;
matrix_local;0.99962,0.02031,-0.01841,0.0,0.02031,-0.09772,0.99501,0.18795,0.01841,-0.99501,-0.0981,5.3594,0.0,0.0,0.0,1.0,;
12,migiKosiBone,;
matrix;-0.10012,-0.94145,-0.32193,0.0,-0.42326,0.33312,-0.84254,0.0,0.90046,0.05191,-0.43184,0.0,0.0,0.0,0.0,1.0,;
matrix_local;-0.12525,-0.93529,-0.33097,0.03908,0.93529,-2e-05,-0.35388,-0.00013,0.33097,-0.35388,0.87477,3.44441,0.0,0.0,0.0,1.0,;
13,migiLegBone,;
matrix;-0.22615,-0.3199,0.92007,0.0,-0.90089,0.42792,-0.07265,0.0,-0.37048,-0.84531,-0.38497,0.0,0.0,0.0,0.0,1.0,;
matrix_local;0.99354,-0.08039,0.08012,-0.68394,-0.08039,-7e-05,0.99676,-0.00015,-0.08012,-0.99676,-0.00653,3.17084,0.0,0.0,0.0,1.0,;
14,migiLegSitaBone,;
matrix;0.99983,-0.01297,0.01299,0.0,0.01295,0.99992,0.00115,0.0,-0.01301,-0.00098,0.99991,0.0,0.0,0.0,0.0,1.0,;
matrix_local;0.99129,-0.09334,0.09293,-0.87935,-0.09334,0.0,0.99563,-0.00031,-0.09293,-0.99563,-0.00871,0.74783,0.0,0.0,0.0,1.0,;
15,migiFootBone,;
matrix;0.99494,0.07089,-0.07125,0.0,-0.07118,0.99746,-0.00158,0.0,0.07096,0.00665,0.99746,0.0,0.0,0.0,0.0,1.0,;
matrix_local;0.99951,-0.02222,0.02221,-1.11385,-0.02222,0.0,0.99975,-0.00031,-0.02221,-0.99975,-0.00049,-1.75352,0.0,0.0,0.0,1.0,;
16,migiFootSitaBone,;
matrix;0.87241,-0.35789,0.33289,0.0,0.33132,0.93373,0.13554,0.0,-0.35934,-0.00795,0.93317,0.0,0.0,0.0,0.0,1.0,;
matrix_local;0.85664,-0.37863,0.35044,-1.13339,-0.37863,0.0,0.92555,-0.00031,-0.35044,-0.92555,-0.14336,-2.63289,0.0,0.0,0.0,1.0,;
17,hidariKosiBone,;
matrix;-0.33297,0.82153,0.46284,0.0,0.5343,0.56883,-0.62527,0.0,-0.77696,0.0391,-0.62834,0.0,0.0,0.0,0.0,1.0,;
matrix_local;-0.30769,0.83205,0.46154,0.03908,-0.83205,0.0,-0.5547,-0.00013,-0.46154,-0.5547,0.69231,3.44441,0.0,0.0,0.0,1.0,;
18,hidariLegBone,;
matrix;-0.43874,0.42701,-0.79068,0.0,0.76562,0.63829,-0.08012,0.0,0.47047,-0.64051,-0.60696,0.0,0.0,0.0,0.0,1.0,;
matrix_local;0.98917,0.10408,-0.10352,0.71435,0.10408,0.0,0.99457,-0.00013,0.10352,-0.99457,-0.01083,2.99423,0.0,0.0,0.0,1.0,;
19,hidariLegSitaBone,;
matrix;0.99964,-0.01901,0.01913,0.0,0.01904,0.99982,-0.00163,0.0,-0.01909,0.00199,0.99982,0.0,0.0,0.0,0.0,1.0,;
matrix_local;0.99277,0.08506,-0.08475,0.96757,0.08506,0.0,0.99638,-0.00013,0.08475,-0.99638,-0.00723,0.57452,0.0,0.0,0.0,1.0,;
20,hidariFootBone,;
matrix;0.98601,-0.11778,0.11797,0.0,0.11814,0.99299,0.00394,0.0,-0.11761,0.01005,0.99301,0.0,0.0,0.0,0.0,1.0,;
matrix_local;0.99889,-0.03331,0.0333,1.16453,-0.03331,0.0,0.99945,-0.00013,-0.0333,-0.99944,-0.00111,-1.73264,0.0,0.0,0.0,1.0,;
21,hidariFootSitaBone,;
matrix;0.80824,0.43611,-0.39567,0.0,-0.39875,0.89977,0.17722,0.0,0.43331,0.01454,0.90113,0.0,0.0,0.0,0.0,1.0,;
matrix_local;0.83505,0.40614,-0.37113,1.13639,0.40614,0.0,0.91381,-0.00013,0.37113,-0.91381,-0.16495,-2.57672,0.0,0.0,0.0,1.0,;
}
bone_layer{
doBone;
2;
  bone_layer{
  muneBone;
  3;
    bone_layer{
    migiSakotuBone;
    1;
      bone_layer{
      migiArmBone;
      1;
        bone_layer{
        migiArmSitaBone;
        0;
        }
      }
    }
    bone_layer{
    hidariSakotuBone;
    1;
      bone_layer{
      hidariArmBone;
      1;
        bone_layer{
        hidariArmSitaBone;
        0;
        }
      }
    }
    bone_layer{
    kubiBone;
    1;
      bone_layer{
      kubiUeBone;
      1;
        bone_layer{
        atamaBone;
        0;
        }
      }
    }
  }
  bone_layer{
  kosiBone;
  2;
    bone_layer{
    migiKosiBone;
    1;
      bone_layer{
      migiLegBone;
      1;
        bone_layer{
        migiLegSitaBone;
        1;
          bone_layer{
          migiFootBone;
          1;
            bone_layer{
            migiFootSitaBone;
            0;
            }
          }
        }
      }
    }
    bone_layer{
    hidariKosiBone;
    1;
      bone_layer{
      hidariLegBone;
      1;
        bone_layer{
        hidariLegSitaBone;
        1;
          bone_layer{
          hidariFootBone;
          1;
            bone_layer{
            hidariFootSitaBone;
            0;
            }
          }
        }
      }
    }
  }
}
boneweights{
286;
0,1,10,1.0,;
1,1,9,1.0,;
2,2,8,0.04657,9,0.98364,;
3,2,8,0.08232,9,0.93066,;
4,2,8,0.2074,9,0.80293,;
5,2,9,0.40704,10,0.59181,;
6,2,9,0.76742,10,0.23032,;
7,2,9,0.90722,10,0.08604,;
8,2,9,0.95246,10,0.01185,;
9,2,8,0.03284,9,0.9435,;
10,2,8,0.12234,9,0.86882,;
11,2,8,0.22265,9,0.76803,;
12,2,9,0.40276,10,0.59644,;
13,2,9,0.74783,10,0.25055,;
14,2,9,0.91393,10,0.0816,;
15,1,9,0.96095,;
16,2,8,0.02625,9,0.95255,;
17,2,8,0.09626,9,0.8999,;
18,2,8,0.19905,9,0.79884,;
19,2,9,0.54996,10,0.44605,;
20,2,9,0.76318,10,0.22583,;
21,2,9,0.88606,10,0.09244,;
22,3,8,0.04514,9,0.91707,10,0.02038,;
23,2,8,0.1105,9,0.87307,;
24,2,8,0.2822,9,0.71217,;
25,2,8,0.45573,9,0.5408,;
26,2,9,0.62473,10,0.37805,;
27,2,9,0.79487,10,0.20152,;
28,2,9,0.9057,10,0.07834,;
29,3,8,0.05923,9,0.90608,10,0.0198,;
30,2,8,0.12227,9,0.86195,;
31,2,8,0.26654,9,0.72843,;
32,2,8,0.53444,9,0.46441,;
33,2,9,0.80399,10,0.19578,;
34,2,9,0.7797,10,0.22003,;
35,2,9,0.19195,10,0.80777,;
36,2,9,0.18104,10,0.8187,;
37,2,9,0.37162,10,0.62765,;
38,2,9,0.2582,10,0.7413,;
39,1,10,0.98783,;
40,1,10,0.9876,;
41,1,10,0.98769,;
42,1,10,1.00639,;
43,1,10,1.00622,;
44,1,10,1.00654,;
45,1,9,1.31667,;
46,2,9,0.92635,10,0.07318,;
47,2,9,0.95631,10,0.03683,;
48,1,9,1.05303,;
49,1,9,0.97771,;
50,1,9,0.99031,;
51,1,9,0.99091,;
52,1,9,0.98282,;
53,1,9,0.99041,;
54,1,9,0.99198,;
55,2,8,0.03125,9,0.95786,;
56,2,9,0.2041,10,0.79538,;
57,2,9,0.19226,10,0.80726,;
58,2,9,0.35746,10,0.64166,;
59,2,9,0.34739,10,0.65176,;
60,1,9,0.97901,;
61,1,9,0.97901,;
62,1,9,0.97863,;
63,1,9,1.20089,;
64,1,9,1.19905,;
65,1,9,1.15328,;
66,2,9,0.90679,10,0.09145,;
67,2,9,0.90812,10,0.09098,;
68,2,9,0.90879,10,0.09032,;
69,2,9,0.92689,10,0.0724,;
70,2,9,0.95461,10,0.03991,;
71,1,9,1.04901,;
72,1,9,0.97566,;
73,1,9,0.98611,;
74,1,9,0.9943,;
75,1,9,0.9874,;
76,1,9,0.99613,;
77,2,8,0.01089,9,0.96927,;
78,2,8,0.04473,9,0.94777,;
79,2,9,0.37737,10,0.62156,;
80,2,9,0.45424,10,0.5445,;
81,2,9,0.36415,10,0.63514,;
82,2,9,0.39787,10,0.60135,;
83,2,9,0.33731,10,0.66204,;
84,2,9,0.28546,10,0.714,;
85,2,9,0.06634,10,0.93367,;
86,2,9,0.65116,10,0.34753,;
87,2,9,0.75486,10,0.24374,;
88,2,9,0.82261,10,0.17501,;
89,2,9,0.92529,10,0.07083,;
90,2,9,0.92995,10,0.06641,;
91,2,9,0.96116,10,0.00275,;
92,1,9,0.96444,;
93,2,8,0.01435,9,0.95996,;
94,2,8,0.01577,9,0.95907,;
95,2,8,0.07951,9,0.91609,;
96,2,8,0.11637,9,0.88053,;
97,2,8,0.1662,9,0.83204,;
98,2,8,0.16759,9,0.83064,;
99,2,9,0.33723,10,0.66183,;
100,2,9,0.33558,10,0.66349,;
101,2,9,0.19224,10,0.80728,;
102,2,9,0.65436,10,0.34364,;
103,2,9,0.81183,10,0.18615,;
104,2,9,0.94535,10,0.04458,;
105,2,9,0.92446,10,0.06697,;
106,2,8,0.01748,9,0.94892,;
107,2,9,0.95913,10,0.00316,;
108,2,9,0.95898,10,0.00336,;
109,2,8,0.00041,9,0.95953,;
110,2,9,0.65299,10,0.34872,;
111,2,9,0.54715,10,0.45468,;
112,2,9,0.91037,10,0.08384,;
113,2,9,0.86752,10,0.12622,;
114,2,9,0.94621,10,0.03938,;
115,2,9,0.94259,10,0.04538,;
116,3,8,0.03823,9,0.92612,10,0.00985,;
117,2,8,0.00951,9,0.95283,;
118,2,8,0.02249,9,0.94253,;
119,2,8,0.1578,9,0.84528,;
120,2,8,0.05755,9,0.93504,;
121,2,8,0.0741,9,0.91635,;
122,2,8,0.35421,9,0.65114,;
123,2,8,0.56006,9,0.43714,;
124,2,8,0.61821,9,0.37943,;
125,1,8,1.0304,;
126,1,9,1.01329,;
127,1,9,0.99987,;
128,2,8,0.10239,9,0.88994,;
129,2,8,0.09836,9,0.89424,;
130,1,10,0.99977,;
131,1,10,0.99977,;
132,1,10,0.99977,;
133,2,9,0.36822,10,0.63176,;
134,2,9,0.78252,10,0.20986,;
135,2,9,0.59167,10,0.40076,;
136,2,9,0.92618,10,0.05989,;
137,2,9,0.93981,10,0.04766,;
138,2,9,0.93001,10,0.04963,;
139,2,8,0.05735,9,0.94838,;
140,2,8,0.14349,9,0.85603,;
141,2,8,0.00111,9,0.95542,;
142,2,8,0.01212,9,0.94584,;
143,2,8,0.07389,9,0.91506,;
144,2,8,0.08317,9,0.90442,;
145,2,8,0.69795,9,0.30155,;
146,2,8,0.44444,9,0.56005,;
147,2,8,0.19578,9,0.79364,;
148,2,8,0.19909,9,0.79042,;
149,2,9,0.43398,10,0.56796,;
150,2,9,0.35008,10,0.65149,;
151,2,9,0.38813,10,0.60906,;
152,2,9,0.40177,10,0.59532,;
153,2,8,0.28519,9,0.7137,;
154,2,8,0.63448,9,0.36436,;
155,2,8,0.46003,9,0.53508,;
156,2,8,0.1484,9,0.84848,;
157,2,8,0.36152,9,0.62828,;
158,2,8,0.3342,9,0.65599,;
159,2,8,0.53674,9,0.46209,;
160,2,8,0.15807,9,0.84132,;
161,2,8,0.32403,9,0.67538,;
162,2,8,0.26102,9,0.7378,;
163,2,8,0.25101,9,0.74778,;
164,2,8,0.28369,9,0.71518,;
165,2,8,0.28472,9,0.71415,;
166,2,8,0.51246,9,0.48744,;
167,2,8,0.61391,9,0.38641,;
168,2,8,0.61423,9,0.38605,;
169,2,8,0.6271,9,0.37354,;
170,2,8,0.60341,9,0.39919,;
171,2,8,0.57359,9,0.43041,;
172,2,8,0.54707,9,0.45946,;
173,2,8,0.58505,9,0.42133,;
174,2,8,0.11148,9,0.88017,;
175,2,8,0.19554,9,0.79438,;
176,2,9,0.40276,10,0.59644,;
177,2,9,0.40276,10,0.59644,;
178,2,9,0.74783,10,0.25055,;
179,2,9,0.91393,10,0.0816,;
180,1,9,0.96095,;
181,2,8,0.02625,9,0.95255,;
182,2,8,0.02625,9,0.95255,;
183,2,9,0.40704,10,0.59181,;
184,2,9,0.40704,10,0.59181,;
185,2,9,0.76742,10,0.23032,;
186,2,9,0.76742,10,0.23032,;
187,2,9,0.76742,10,0.23032,;
188,2,9,0.90722,10,0.08604,;
189,2,9,0.90722,10,0.08604,;
190,2,9,0.95246,10,0.01185,;
191,2,9,0.40704,10,0.59181,;
192,2,9,0.40276,10,0.59644,;
193,2,9,0.74783,10,0.25055,;
194,2,9,0.74783,10,0.25055,;
195,2,9,0.91393,10,0.0816,;
196,2,9,0.74783,10,0.25055,;
197,2,9,0.91393,10,0.0816,;
198,1,9,0.96095,;
199,2,9,0.91393,10,0.0816,;
200,1,9,0.96095,;
201,2,8,0.02625,9,0.95255,;
202,2,8,0.09626,9,0.8999,;
203,2,8,0.19905,9,0.79884,;
204,2,9,0.40704,10,0.59181,;
205,2,9,0.40704,10,0.59181,;
206,2,9,0.76742,10,0.23032,;
207,2,9,0.76742,10,0.23032,;
208,2,9,0.95246,10,0.01185,;
209,2,9,0.95246,10,0.01185,;
210,2,8,0.03284,9,0.9435,;
211,2,8,0.12234,9,0.86882,;
212,2,9,0.9057,10,0.07834,;
213,2,9,0.9057,10,0.07834,;
214,3,8,0.05923,9,0.90608,10,0.0198,;
215,2,8,0.12227,9,0.86195,;
216,2,8,0.12227,9,0.86195,;
217,2,8,0.26654,9,0.72843,;
218,2,8,0.26654,9,0.72843,;
219,2,8,0.19905,9,0.79884,;
220,2,8,0.12234,9,0.86882,;
221,2,9,0.76318,10,0.22583,;
222,2,9,0.76318,10,0.22583,;
223,2,9,0.88606,10,0.09244,;
224,3,8,0.04514,9,0.91707,10,0.02038,;
225,3,8,0.04514,9,0.91707,10,0.02038,;
226,2,8,0.1105,9,0.87307,;
227,2,9,0.62473,10,0.37805,;
228,2,9,0.54996,10,0.44605,;
229,2,8,0.45573,9,0.5408,;
230,2,8,0.2822,9,0.71217,;
231,2,8,0.2074,9,0.80293,;
232,2,8,0.1105,9,0.87307,;
233,3,8,0.04514,9,0.91707,10,0.02038,;
234,2,8,0.2074,9,0.80293,;
235,3,8,0.04514,9,0.91707,10,0.02038,;
236,2,8,0.1105,9,0.87307,;
237,2,8,0.08232,9,0.93066,;
238,2,8,0.08232,9,0.93066,;
239,2,9,0.88606,10,0.09244,;
240,2,8,0.04657,9,0.98364,;
241,2,9,0.76318,10,0.22583,;
242,2,9,0.76318,10,0.22583,;
243,2,8,0.04657,9,0.98364,;
244,2,8,0.04657,9,0.98364,;
245,2,9,0.79487,10,0.20152,;
246,2,9,0.62473,10,0.37805,;
247,2,8,0.08232,9,0.93066,;
248,2,9,0.79487,10,0.20152,;
249,2,8,0.08232,9,0.93066,;
250,2,9,0.9057,10,0.07834,;
251,2,9,0.9057,10,0.07834,;
252,2,8,0.2074,9,0.80293,;
253,2,8,0.12227,9,0.86195,;
254,2,8,0.26654,9,0.72843,;
255,2,8,0.26654,9,0.72843,;
256,2,8,0.2074,9,0.80293,;
257,2,8,0.46003,9,0.53508,;
258,2,8,0.22265,9,0.76803,;
259,2,8,0.3342,9,0.65599,;
260,2,8,0.22265,9,0.76803,;
261,2,8,0.46003,9,0.53508,;
262,2,8,0.19905,9,0.79884,;
263,2,8,0.63448,9,0.36436,;
264,2,8,0.53674,9,0.46209,;
265,2,8,0.19905,9,0.79884,;
266,2,8,0.26102,9,0.7378,;
267,2,8,0.53444,9,0.46441,;
268,2,8,0.61391,9,0.38641,;
269,2,8,0.53444,9,0.46441,;
270,2,8,0.6271,9,0.37354,;
271,2,8,0.53444,9,0.46441,;
272,2,8,0.53444,9,0.46441,;
273,2,8,0.2074,9,0.80293,;
274,2,8,0.60341,9,0.39919,;
275,2,8,0.53444,9,0.46441,;
276,2,8,0.57359,9,0.43041,;
277,2,8,0.2074,9,0.80293,;
278,2,8,0.58505,9,0.42133,;
279,2,8,0.2074,9,0.80293,;
280,2,8,0.45573,9,0.5408,;
281,2,8,0.45573,9,0.5408,;
282,2,8,0.12234,9,0.86882,;
283,2,8,0.22265,9,0.76803,;
284,2,8,0.36152,9,0.62828,;
285,2,8,0.22265,9,0.76803,;
}
