verts{
35;
0,0.22167,-0.33228,8.32191,0.52712,-0.78317,-0.32978,1.0,0.0,;
1,0.29872,-0.29283,8.35138,0.52556,-0.78314,-0.33232,0.0,0.0,;
2,0.3942,-0.23135,8.3552,0.498,-0.78066,-0.37748,0.0,0.0,;
3,0.46769,-0.17912,8.32594,0.34767,-0.60869,-0.71316,1.0,0.0,;
4,0.57066,-0.07903,8.29669,0.3343,-0.41353,-0.84686,1.0,0.0,;
5,0.61113,0.0433,8.26368,0.3357,-0.34736,-0.87555,0.0,0.0,;
6,0.52652,-0.08451,8.28194,0.331,-0.49837,-0.80126,0.0,0.0,;
7,0.42059,-0.19583,8.31714,0.40333,-0.75817,-0.51231,0.0,0.0,;
8,0.34849,-0.24695,8.32197,0.52049,-0.78069,-0.34577,1.0,1.0,;
9,-0.15187,-0.33228,8.33968,0.03882,-0.68856,0.72411,0.0,0.0,;
10,-0.23228,-0.3177,8.35786,-0.62053,-0.61733,-0.4835,1.0,0.0,;
11,-0.33453,-0.24604,8.35038,-0.17396,-0.80212,-0.57121,1.0,0.0,;
12,-0.42572,-0.19726,8.31731,-0.55974,-0.82217,-0.10343,0.0,0.0,;
13,-0.50587,-0.05875,8.25869,-0.8703,-0.49165,0.02826,1.0,1.0,;
14,-0.43297,-0.18737,8.26609,-0.75195,-0.65886,-0.02072,1.0,1.0,;
15,-0.36611,-0.22004,8.30945,-0.33168,-0.90039,-0.2815,0.0,0.0,;
16,-0.30047,-0.24089,8.33525,-0.19199,-0.71252,-0.67483,1.0,1.0,;
17,-0.25848,-0.26465,8.3427,-0.24476,-0.41319,-0.8771,1.0,1.0,;
18,-0.21097,-0.33228,8.34285,-0.14194,-0.80303,0.57875,1.0,1.0,;
19,0.29872,-0.29283,8.35138,0.52556,-0.78314,-0.33232,1.0,0.0,;
20,0.3942,-0.23135,8.3552,0.498,-0.78066,-0.37748,1.0,0.0,;
21,0.3942,-0.23135,8.3552,0.498,-0.78066,-0.37748,1.0,1.0,;
22,0.42059,-0.19583,8.31714,0.40333,-0.75817,-0.51231,1.0,1.0,;
23,0.46769,-0.17912,8.32594,0.34767,-0.60869,-0.71316,1.0,1.0,;
24,0.52652,-0.08451,8.28194,0.331,-0.49837,-0.80126,1.0,1.0,;
25,-0.21097,-0.33228,8.34285,-0.14194,-0.80303,0.57875,0.0,0.0,;
26,-0.23228,-0.3177,8.35786,-0.62053,-0.61733,-0.4835,0.0,0.0,;
27,-0.25848,-0.26465,8.3427,-0.24476,-0.41319,-0.8771,0.0,0.0,;
28,-0.30047,-0.24089,8.33525,-0.19199,-0.71252,-0.67483,1.0,0.0,;
29,-0.33453,-0.24604,8.35038,-0.17396,-0.80212,-0.57121,1.0,1.0,;
30,-0.36611,-0.22004,8.30945,-0.33168,-0.90039,-0.2815,1.0,0.0,;
31,-0.33453,-0.24604,8.35038,-0.17396,-0.80212,-0.57121,1.0,1.0,;
32,-0.42572,-0.19726,8.31731,-0.55974,-0.82217,-0.10343,1.0,0.0,;
33,-0.43297,-0.18737,8.26609,-0.75195,-0.65886,-0.02072,0.0,0.0,;
34,-0.42572,-0.19726,8.31731,-0.55974,-0.82217,-0.10343,1.0,0.0,;
}
polygons{
15;
0,0.52712,-0.78318,-0.3298,0,1,0,8,;
1,0.51787,-0.78284,-0.34493,0,2,19,8,;
2,0.52397,-0.77285,-0.358,0,7,20,8,;
3,0.37154,-0.79312,-0.48261,0,7,3,21,;
4,0.34021,-0.5621,-0.75386,0,6,3,22,;
5,0.32456,-0.55723,-0.7643,0,6,4,23,;
6,0.33571,-0.34738,-0.87557,0,5,4,24,;
7,0.03883,-0.68856,0.72414,0,9,10,18,;
8,-0.70082,-0.4934,-0.51517,0,25,10,17,;
9,-0.17869,-0.35098,-0.91918,0,26,11,17,;
10,-0.23025,-0.63737,-0.73536,0,27,11,16,;
11,-0.08478,-0.86941,-0.48676,0,15,28,29,;
12,-0.37467,-0.88589,-0.27353,0,12,30,31,;
13,-0.3686,-0.92106,-0.12561,0,15,32,14,;
14,-0.87033,-0.49166,0.02827,0,33,34,13,;
}
materials{
1;
0,0.094,0.047,0.239,none.png,;
}
boneinfo{
24;
0,doBone,;
matrix;1.0,0.0,0.0,0.0,0.0,0.18471,-0.98279,0.0,-0.0,0.98279,0.18471,0.0,0.0,0.0,0.0,1.0,;
matrix_local;1.0,0.0,0.0,0.0,0.0,0.18471,-0.98279,0.0,-0.0,0.98279,0.18471,4.3594,0.0,0.0,0.0,1.0,;
1,muneBone,;
matrix;-1.0,-0.0,0.0,0.0,0.0,0.98279,0.18471,0.0,-0.0,0.18471,-0.98279,0.0,0.0,0.0,0.0,1.0,;
matrix_local;-1.0,-0.0,0.0,0.0,0.0,-0.0,1.0,0.18795,-0.0,1.0,0.0,5.3594,0.0,0.0,0.0,1.0,;
2,migiSakotuBone,;
matrix;0.32681,0.93545,-0.13463,0.0,-0.13463,0.18708,0.97307,0.0,0.93545,-0.29989,0.18708,0.0,0.0,0.0,0.0,1.0,;
matrix_local;-0.32681,-0.93545,0.13463,0.0,0.93545,-0.29989,0.18708,0.18795,-0.13463,0.18708,0.97307,6.43428,0.0,0.0,0.0,1.0,;
3,migiArmBone,;
matrix;0.82932,0.5118,-0.22426,0.0,-0.37934,0.81036,0.44657,0.0,0.41028,-0.28528,0.86619,0.0,0.0,0.0,0.0,1.0,;
matrix_local;0.13905,-0.96372,-0.22783,-0.58624,0.9663,0.18237,-0.18165,1e-05,0.21661,-0.1949,0.95661,6.55152,0.0,0.0,0.0,1.0,;
4,migiArmSitaBone,;
matrix;0.98014,-0.18034,0.08247,0.0,0.18942,0.97451,-0.12019,0.0,-0.05869,0.13342,0.98932,0.0,0.0,0.0,0.0,1.0,;
matrix_local;-0.03288,-0.99463,-0.09811,-2.0323,0.99232,-0.02078,-0.12194,0.27366,0.11925,-0.10136,0.98768,6.25908,0.0,0.0,0.0,1.0,;
5,migiArmTekubiBone,;
matrix;-0.06515,0.1204,-0.99059,0.0,-0.99625,-0.06448,0.05769,0.0,-0.05693,0.99063,0.12415,0.0,0.0,0.0,0.0,1.0,;
matrix_local;0.99863,-0.03701,-0.03699,-3.59561,-0.03701,1e-05,-0.99931,0.241,0.03699,0.99931,-0.00136,6.09976,0.0,0.0,0.0,1.0,;
6,hidariSakotuBone,;
matrix;0.24992,-0.96348,0.09616,0.0,0.09616,0.12352,0.98767,0.0,-0.96348,-0.2376,0.12352,0.0,0.0,0.0,0.0,1.0,;
matrix_local;-0.24992,0.96348,-0.09616,0.0,-0.96348,-0.2376,0.12352,0.18795,0.09616,0.12352,0.98767,6.43428,0.0,0.0,0.0,1.0,;
7,hidariArmBone,;
matrix;0.87239,-0.43331,0.22622,0.0,0.32536,0.86014,0.39282,0.0,-0.36479,-0.26909,0.89136,0.0,0.0,0.0,0.0,1.0,;
matrix_local;0.13052,0.96289,0.23622,0.76211,-0.96289,0.17988,-0.2012,1e-05,-0.23622,-0.2012,0.95064,6.53198,0.0,0.0,0.0,1.0,;
8,hidariArmSitaBone,;
matrix;0.98003,0.1545,-0.12517,0.0,-0.16973,0.97792,-0.12188,0.0,0.10358,0.14069,0.98462,0.0,0.0,0.0,0.0,1.0,;
matrix_local;-0.01105,0.99504,0.09889,2.07139,-0.99504,-0.00116,-0.0995,0.24459,-0.09889,-0.0995,0.99011,6.25841,0.0,0.0,0.0,1.0,;
9,hidariArmTekubiBone,;
matrix;-0.00687,-0.09867,-0.9951,0.0,-0.99267,-0.11938,0.01869,0.0,-0.12064,0.98793,-0.09712,0.0,0.0,0.0,0.0,1.0,;
matrix_local;-0.9996,-0.02,0.01999,3.63469,0.02,1e-05,0.9998,0.24277,-0.01999,0.9998,0.00039,6.10209,0.0,0.0,0.0,1.0,;
10,kubiBone,;
matrix;-0.99968,-0.02084,-0.01452,0.0,-0.01452,0.9379,-0.34661,0.0,0.02084,-0.34628,-0.9379,0.0,0.0,0.0,0.0,1.0,;
matrix_local;0.99968,0.02084,0.01452,0.0,0.02084,-0.34628,-0.9379,0.18795,-0.01452,0.9379,-0.34661,6.43428,0.0,0.0,0.0,1.0,;
11,kubiUeBone,;
matrix;0.99942,0.02711,0.02078,0.0,-0.03262,0.93795,0.34523,0.0,-0.01013,-0.3457,0.93829,0.0,0.0,0.0,0.0,1.0,;
matrix_local;0.99827,0.04163,0.04159,0.01131,0.04163,0.0,-0.99913,0.0,-0.04159,0.99913,-0.00173,6.94332,0.0,0.0,0.0,1.0,;
12,atamaBone,;
matrix;0.99827,-0.04159,-0.04163,0.0,0.04163,0.99913,0.0,0.0,0.04159,-0.00173,0.99913,0.0,0.0,0.0,0.0,1.0,;
matrix_local;1.0,-0.0,0.0,0.03394,0.0,0.0,-1.0,0.0,0.0,1.0,0.0,7.4863,0.0,0.0,0.0,1.0,;
13,kosiBone,;
matrix;0.99962,0.02031,-0.01841,0.0,0.02184,-0.99594,0.08738,0.0,-0.01656,-0.08775,-0.996,0.0,0.0,0.0,0.0,1.0,;
matrix_local;0.99962,0.02031,-0.01841,0.0,0.02031,-0.09772,0.99501,0.18795,0.01841,-0.99501,-0.0981,5.3594,0.0,0.0,0.0,1.0,;
14,migiKosiBone,;
matrix;-0.10012,-0.94145,-0.32193,0.0,-0.42326,0.33312,-0.84254,0.0,0.90046,0.05191,-0.43184,0.0,0.0,0.0,0.0,1.0,;
matrix_local;-0.12525,-0.93529,-0.33097,0.03908,0.93529,-2e-05,-0.35388,-0.00013,0.33097,-0.35388,0.87477,3.44441,0.0,0.0,0.0,1.0,;
15,migiLegBone,;
matrix;-0.22615,-0.3199,0.92007,0.0,-0.90089,0.42792,-0.07265,0.0,-0.37048,-0.84531,-0.38497,0.0,0.0,0.0,0.0,1.0,;
matrix_local;0.99354,-0.08039,0.08012,-0.68394,-0.08039,-7e-05,0.99676,-0.00015,-0.08012,-0.99676,-0.00653,3.17084,0.0,0.0,0.0,1.0,;
16,migiLegSitaBone,;
matrix;0.99983,-0.01297,0.01299,0.0,0.01295,0.99992,0.00115,0.0,-0.01301,-0.00098,0.99991,0.0,0.0,0.0,0.0,1.0,;
matrix_local;0.99129,-0.09334,0.09293,-0.87935,-0.09334,0.0,0.99563,-0.00031,-0.09293,-0.99563,-0.00871,0.74783,0.0,0.0,0.0,1.0,;
17,migiFootBone,;
matrix;0.99494,0.07089,-0.07125,0.0,-0.07118,0.99746,-0.00158,0.0,0.07096,0.00665,0.99746,0.0,0.0,0.0,0.0,1.0,;
matrix_local;0.99951,-0.02222,0.02221,-1.11385,-0.02222,0.0,0.99975,-0.00031,-0.02221,-0.99975,-0.00049,-1.75352,0.0,0.0,0.0,1.0,;
18,migiFootSitaBone,;
matrix;0.87241,-0.35789,0.33289,0.0,0.33132,0.93373,0.13554,0.0,-0.35934,-0.00795,0.93317,0.0,0.0,0.0,0.0,1.0,;
matrix_local;0.85664,-0.37863,0.35044,-1.13339,-0.37863,0.0,0.92555,-0.00031,-0.35044,-0.92555,-0.14336,-2.63289,0.0,0.0,0.0,1.0,;
19,hidariKosiBone,;
matrix;-0.33297,0.82153,0.46284,0.0,0.5343,0.56883,-0.62527,0.0,-0.77696,0.0391,-0.62834,0.0,0.0,0.0,0.0,1.0,;
matrix_local;-0.30769,0.83205,0.46154,0.03908,-0.83205,0.0,-0.5547,-0.00013,-0.46154,-0.5547,0.69231,3.44441,0.0,0.0,0.0,1.0,;
20,hidariLegBone,;
matrix;-0.43874,0.42701,-0.79068,0.0,0.76562,0.63829,-0.08012,0.0,0.47047,-0.64051,-0.60696,0.0,0.0,0.0,0.0,1.0,;
matrix_local;0.98917,0.10408,-0.10352,0.71435,0.10408,0.0,0.99457,-0.00013,0.10352,-0.99457,-0.01083,2.99423,0.0,0.0,0.0,1.0,;
21,hidariLegSitaBone,;
matrix;0.99964,-0.01901,0.01913,0.0,0.01904,0.99982,-0.00163,0.0,-0.01909,0.00199,0.99982,0.0,0.0,0.0,0.0,1.0,;
matrix_local;0.99277,0.08506,-0.08475,0.96757,0.08506,0.0,0.99638,-0.00013,0.08475,-0.99638,-0.00723,0.57452,0.0,0.0,0.0,1.0,;
22,hidariFootBone,;
matrix;0.98601,-0.11778,0.11797,0.0,0.11814,0.99299,0.00394,0.0,-0.11761,0.01005,0.99301,0.0,0.0,0.0,0.0,1.0,;
matrix_local;0.99889,-0.03331,0.0333,1.16453,-0.03331,0.0,0.99945,-0.00013,-0.0333,-0.99944,-0.00111,-1.73264,0.0,0.0,0.0,1.0,;
23,hidariFootSitaBone,;
matrix;0.80824,0.43611,-0.39567,0.0,-0.39875,0.89977,0.17722,0.0,0.43331,0.01454,0.90113,0.0,0.0,0.0,0.0,1.0,;
matrix_local;0.83505,0.40614,-0.37113,1.13639,0.40614,0.0,0.91381,-0.00013,0.37113,-0.91381,-0.16495,-2.57672,0.0,0.0,0.0,1.0,;
}
bone_layer{
doBone;
2;
  bone_layer{
  muneBone;
  3;
    bone_layer{
    migiSakotuBone;
    1;
      bone_layer{
      migiArmBone;
      1;
        bone_layer{
        migiArmSitaBone;
        1;
          bone_layer{
          migiArmTekubiBone;
          0;
          }
        }
      }
    }
    bone_layer{
    hidariSakotuBone;
    1;
      bone_layer{
      hidariArmBone;
      1;
        bone_layer{
        hidariArmSitaBone;
        1;
          bone_layer{
          hidariArmTekubiBone;
          0;
          }
        }
      }
    }
    bone_layer{
    kubiBone;
    1;
      bone_layer{
      kubiUeBone;
      1;
        bone_layer{
        atamaBone;
        0;
        }
      }
    }
  }
  bone_layer{
  kosiBone;
  2;
    bone_layer{
    migiKosiBone;
    1;
      bone_layer{
      migiLegBone;
      1;
        bone_layer{
        migiLegSitaBone;
        1;
          bone_layer{
          migiFootBone;
          1;
            bone_layer{
            migiFootSitaBone;
            0;
            }
          }
        }
      }
    }
    bone_layer{
    hidariKosiBone;
    1;
      bone_layer{
      hidariLegBone;
      1;
        bone_layer{
        hidariLegSitaBone;
        1;
          bone_layer{
          hidariFootBone;
          1;
            bone_layer{
            hidariFootSitaBone;
            0;
            }
          }
        }
      }
    }
  }
}
boneweights{
35;
0,1,12,0.99907,;
1,1,12,0.99917,;
2,1,12,0.99931,;
3,1,12,0.99928,;
4,1,12,0.99944,;
5,1,12,0.99946,;
6,1,12,0.99942,;
7,1,12,0.99926,;
8,1,12,0.9993,;
9,1,12,1.06359,;
10,1,12,1.05649,;
11,1,12,1.05319,;
12,1,12,0.97836,;
13,1,12,0.9803,;
14,1,12,0.97867,;
15,1,12,1.01581,;
16,1,12,1.05499,;
17,1,12,1.05419,;
18,1,12,1.05946,;
19,1,12,0.99917,;
20,1,12,0.99931,;
21,1,12,0.99931,;
22,1,12,0.99926,;
23,1,12,0.99928,;
24,1,12,0.99942,;
25,1,12,1.05946,;
26,1,12,1.05649,;
27,1,12,1.05419,;
28,1,12,1.05499,;
29,1,12,1.05319,;
30,1,12,1.01581,;
31,1,12,1.05319,;
32,1,12,0.97836,;
33,1,12,0.97867,;
34,1,12,0.97836,;
}
