animsets{
22;
anim{
migiSakotuBone;
keys{
22;
1.0;
matrix;-0.32681,-0.93545,0.13463,0.0,0.93545,-0.29989,0.18708,0.18795,-0.13463,0.18708,0.97307,6.43428,0.0,0.0,0.0,1.0,;
matrix_basis;1.0,-0.0,0.0,0.0,0.0,1.0,0.0,0.0,0.0,0.0,1.0,0.0,0.0,0.0,0.0,1.0,;
2.0;
matrix;-0.32681,-0.93545,0.13463,0.24943,0.94463,-0.31886,0.07753,-0.14518,-0.02959,0.15251,0.98786,5.2922,0.0,0.0,0.0,1.0,;
matrix_basis;1.0,-0.0,0.0,0.0,0.0,1.0,0.0,0.0,0.0,0.0,1.0,0.0,0.0,0.0,0.0,1.0,;
3.0;
matrix;-0.21727,-0.9655,0.14354,0.23808,0.97537,-0.20901,0.07048,-0.11772,-0.03805,0.15532,0.98713,5.34005,0.0,0.0,0.0,1.0,;
matrix_basis;1.0,-0.0,0.0,0.0,0.0,1.0,0.0,0.0,0.0,0.0,1.0,0.0,0.0,0.0,0.0,1.0,;
4.0;
matrix;0.0467,-0.98533,0.16417,0.22173,0.9973,0.05531,0.04827,-0.06524,-0.05664,0.16147,0.98525,5.43123,0.0,0.0,0.0,1.0,;
matrix_basis;1.0,-0.0,0.0,0.0,0.0,1.0,0.0,0.0,0.0,0.0,1.0,0.0,0.0,0.0,0.0,1.0,;
5.0;
matrix;0.3848,-0.90391,0.18674,0.21365,0.91955,0.3929,0.00699,-0.01718,-0.07969,0.16903,0.98239,5.54088,0.0,0.0,0.0,1.0,;
matrix_basis;1.0,0.0,0.0,0.0,-0.0,1.0,0.0,0.0,0.0,0.0,1.0,0.0,0.0,0.0,0.0,1.0,;
6.0;
matrix;0.68732,-0.69854,0.19908,0.20892,0.71891,0.69336,-0.04915,0.0076,-0.1037,0.1769,0.97875,5.65345,0.0,0.0,0.0,1.0,;
matrix_basis;1.0,-0.0,0.0,0.0,0.0,1.0,0.0,0.0,0.0,0.0,1.0,0.0,0.0,0.0,0.0,1.0,;
7.0;
matrix;0.87021,-0.45169,0.19673,0.19735,0.47657,0.87301,-0.1036,0.00978,-0.12495,0.18391,0.97497,5.75179,0.0,0.0,0.0,1.0,;
matrix_basis;1.0,-0.0,0.0,0.0,0.0,1.0,0.0,0.0,0.0,0.0,1.0,0.0,0.0,0.0,0.0,1.0,;
8.0;
matrix;0.9238,-0.33151,0.19155,0.18784,0.35842,0.92472,-0.1282,0.00639,-0.13463,0.18708,0.97307,5.79628,0.0,0.0,0.0,1.0,;
matrix_basis;1.0,-0.0,0.0,0.0,0.0,1.0,0.0,0.0,0.0,0.0,1.0,0.0,0.0,0.0,0.0,1.0,;
9.0;
matrix;0.85976,-0.47232,0.19423,0.20292,0.49635,0.86233,-0.10012,0.00453,-0.1202,0.18248,0.97583,5.73834,0.0,0.0,0.0,1.0,;
matrix_basis;1.0,0.0,0.0,0.0,-0.0,1.0,0.0,0.0,0.0,0.0,1.0,0.0,0.0,0.0,0.0,1.0,;
10.0;
matrix;0.58677,-0.78724,0.18962,0.22367,0.80509,0.59227,-0.03241,-0.01727,-0.08679,0.17168,0.98132,5.59135,0.0,0.0,0.0,1.0,;
matrix_basis;1.0,0.0,0.0,0.0,-0.0,1.0,0.0,0.0,0.0,0.0,1.0,0.0,0.0,0.0,0.0,1.0,;
11.0;
matrix;0.10626,-0.98079,0.16357,0.24187,0.99313,0.1128,0.03125,-0.08686,-0.0491,0.15912,0.98604,5.41498,0.0,0.0,0.0,1.0,;
matrix_basis;1.0,-0.0,0.0,0.0,0.0,1.0,0.0,0.0,0.0,0.0,1.0,0.0,0.0,0.0,0.0,1.0,;
12.0;
matrix;-0.32681,-0.93545,0.13463,0.24943,0.94463,-0.31886,0.07753,-0.14518,-0.02959,0.15251,0.98786,5.2922,0.0,0.0,0.0,1.0,;
matrix_basis;1.0,-0.0,0.0,0.0,0.0,1.0,0.0,0.0,0.0,0.0,1.0,0.0,0.0,0.0,0.0,1.0,;
13.0;
matrix;-0.62707,-0.77285,0.09741,0.20882,0.77803,-0.61529,0.12681,-0.13194,-0.03806,0.15531,0.98713,5.23241,0.0,0.0,0.0,1.0,;
matrix_basis;1.0,0.0,0.0,0.0,-0.0,1.0,0.0,0.0,0.0,0.0,1.0,0.0,0.0,0.0,0.0,1.0,;
14.0;
matrix;-0.83586,-0.54737,0.04163,0.13747,0.54601,-0.82116,0.16602,-0.0911,-0.05668,0.1615,0.98524,5.19412,0.0,0.0,0.0,1.0,;
matrix_basis;1.0,0.0,0.0,0.0,-0.0,1.0,0.0,0.0,0.0,0.0,1.0,0.0,0.0,0.0,0.0,1.0,;
15.0;
matrix;-0.95798,-0.28541,-0.02868,0.04769,0.27553,-0.94336,0.18479,-0.04874,-0.0798,0.16912,0.98236,5.16669,0.0,0.0,0.0,1.0,;
matrix_basis;1.0,0.0,0.0,0.0,-0.0,1.0,0.0,0.0,0.0,0.0,1.0,0.0,0.0,0.0,0.0,1.0,;
16.0;
matrix;-0.99458,-0.02196,-0.1016,-0.04664,0.0035,-0.98397,0.17832,-0.01807,-0.10389,0.17699,0.97871,5.14537,0.0,0.0,0.0,1.0,;
matrix_basis;1.0,0.0,0.0,0.0,-0.0,1.0,0.0,0.0,0.0,0.0,1.0,0.0,0.0,0.0,0.0,1.0,;
17.0;
matrix;-0.96766,0.19434,-0.16084,-0.13131,-0.21905,-0.96354,0.15363,-0.00191,-0.12512,0.1839,0.97495,5.12936,0.0,0.0,0.0,1.0,;
matrix_basis;1.0,0.0,0.0,0.0,-0.0,1.0,0.0,0.0,0.0,0.0,1.0,0.0,0.0,0.0,0.0,1.0,;
18.0;
matrix;-0.9405,0.28507,-0.18493,-0.18792,-0.31199,-0.94007,0.13757,0.00297,-0.13463,0.18708,0.97307,5.12284,0.0,0.0,0.0,1.0,;
matrix_basis;1.0,0.0,0.0,0.0,-0.0,1.0,0.0,0.0,0.0,0.0,1.0,0.0,0.0,0.0,0.0,1.0,;
19.0;
matrix;-0.88962,-0.45533,-0.03535,-0.16636,0.43644,-0.87041,0.22781,0.00572,-0.1345,0.18723,0.97306,5.48325,0.0,0.0,0.0,1.0,;
matrix_basis;1.0,0.0,0.0,0.0,-0.0,1.0,0.0,0.0,0.0,0.0,1.0,0.0,0.0,0.0,0.0,1.0,;
20.0;
matrix;-0.32681,-0.93545,0.13463,-0.04923,0.93545,-0.29989,0.18708,-0.06881,-0.13463,0.18708,0.97307,5.84251,0.0,0.0,0.0,1.0,;
matrix_basis;1.0,0.0,0.0,0.0,-0.0,1.0,0.0,0.0,0.0,0.0,1.0,0.0,0.0,0.0,0.0,1.0,;
30.0;
matrix;-0.32681,-0.93545,0.13463,0.24943,0.94463,-0.31886,0.07753,-0.14518,-0.02959,0.15251,0.98786,5.2922,0.0,0.0,0.0,1.0,;
matrix_basis;1.0,-0.0,0.0,0.0,0.0,1.0,0.0,0.0,0.0,0.0,1.0,0.0,0.0,0.0,0.0,1.0,;
40.0;
matrix;-0.32681,-0.93545,0.13463,-0.0,0.93545,-0.29989,0.18708,0.26799,-0.13463,0.18708,0.97307,6.19382,0.0,0.0,0.0,1.0,;
matrix_basis;1.0,-0.0,0.0,0.0,0.0,1.0,0.0,0.0,0.0,0.0,1.0,0.0,0.0,0.0,0.0,1.0,;
}
}
anim{
migiKosiBone;
keys{
22;
1.0;
matrix;-0.12525,-0.93529,-0.33097,0.03908,0.93529,-2e-05,-0.35388,-0.00013,0.33097,-0.35388,0.87477,3.44441,0.0,0.0,0.0,1.0,;
matrix_basis;1.0,0.0,0.0,0.0,-0.0,1.0,0.0,0.0,0.0,0.0,1.0,0.0,0.0,0.0,0.0,1.0,;
2.0;
matrix;-0.12535,-0.93521,-0.33116,0.28895,0.89221,0.03971,-0.44987,0.00269,0.43387,-0.35186,0.82943,2.30002,0.0,0.0,0.0,1.0,;
matrix_basis;1.0,0.0,0.0,0.0,-0.0,1.0,0.0,0.0,0.0,0.0,1.0,0.0,0.0,0.0,0.0,1.0,;
3.0;
matrix;-0.02261,-0.92497,-0.37935,0.29118,0.90453,0.14269,-0.40183,-0.00203,0.42581,-0.35222,0.83344,2.34667,0.0,0.0,0.0,1.0,;
matrix_basis;1.0,0.0,0.0,0.0,-0.0,1.0,0.0,0.0,0.0,0.0,1.0,0.0,0.0,0.0,0.0,1.0,;
4.0;
matrix;0.21926,-0.85742,-0.46558,0.28155,0.88628,0.37456,-0.27241,-0.02263,0.40796,-0.3529,0.84204,2.43605,0.0,0.0,0.0,1.0,;
matrix_basis;1.0,0.0,0.0,0.0,-0.0,1.0,0.0,0.0,0.0,0.0,1.0,0.0,0.0,0.0,0.0,1.0,;
5.0;
matrix;0.51644,-0.68274,-0.51687,0.23549,0.76461,0.63942,-0.08066,-0.05255,0.38557,-0.35355,0.85226,2.5451,0.0,0.0,0.0,1.0,;
matrix_basis;1.0,0.0,0.0,0.0,-0.0,1.0,0.0,0.0,0.0,0.0,1.0,0.0,0.0,0.0,0.0,1.0,;
6.0;
matrix;0.76518,-0.41563,-0.49168,0.14812,0.53246,0.83785,0.12038,-0.06817,0.36192,-0.35391,0.86241,2.65897,0.0,0.0,0.0,1.0,;
matrix_basis;1.0,-0.0,0.0,0.0,0.0,1.0,0.0,0.0,0.0,0.0,1.0,0.0,0.0,0.0,0.0,1.0,;
7.0;
matrix;0.89844,-0.15035,-0.41255,0.04904,0.27697,0.92311,0.26677,-0.05481,0.34072,-0.35394,0.871,2.76012,0.0,0.0,0.0,1.0,;
matrix_basis;1.0,0.0,0.0,0.0,-0.0,1.0,0.0,0.0,0.0,0.0,1.0,0.0,0.0,0.0,0.0,1.0,;
8.0;
matrix;0.93049,-0.03181,-0.36493,0.0012,0.15697,0.93475,0.31876,-0.03906,0.33097,-0.35388,0.87477,2.80641,0.0,0.0,0.0,1.0,;
matrix_basis;1.0,0.0,0.0,0.0,-0.0,1.0,0.0,0.0,0.0,0.0,1.0,0.0,0.0,0.0,0.0,1.0,;
9.0;
matrix;0.89021,-0.16953,-0.42282,0.07093,0.29696,0.91982,0.25642,-0.06032,0.34545,-0.35383,0.86918,2.74591,0.0,0.0,0.0,1.0,;
matrix_basis;1.0,0.0,0.0,0.0,-0.0,1.0,0.0,0.0,0.0,0.0,1.0,0.0,0.0,0.0,0.0,1.0,;
10.0;
matrix;0.68197,-0.51839,-0.51593,0.21728,0.6258,0.7787,0.04477,-0.06909,0.37855,-0.3534,0.85546,2.59574,0.0,0.0,0.0,1.0,;
matrix_basis;1.0,-0.0,0.0,0.0,0.0,1.0,0.0,0.0,0.0,0.0,1.0,0.0,0.0,0.0,0.0,1.0,;
11.0;
matrix;0.27037,-0.8324,-0.48374,0.31389,0.86863,0.42759,-0.2503,-0.02609,0.41519,-0.35252,0.83866,2.42038,0.0,0.0,0.0,1.0,;
matrix_basis;1.0,0.0,0.0,0.0,0.0,1.0,0.0,0.0,0.0,0.0,1.0,0.0,0.0,0.0,0.0,1.0,;
12.0;
matrix;-0.12535,-0.93521,-0.33116,0.28895,0.89221,0.03971,-0.44987,0.00269,0.43387,-0.35186,0.82943,2.30002,0.0,0.0,0.0,1.0,;
matrix_basis;1.0,0.0,0.0,0.0,-0.0,1.0,0.0,0.0,0.0,0.0,1.0,0.0,0.0,0.0,0.0,1.0,;
13.0;
matrix;-0.42119,-0.89239,-0.16197,0.20521,0.80081,-0.28206,-0.52834,-0.0047,0.4258,-0.35224,0.83344,2.23902,0.0,0.0,0.0,1.0,;
matrix_basis;1.0,0.0,0.0,0.0,-0.0,1.0,0.0,0.0,0.0,0.0,1.0,0.0,0.0,0.0,0.0,1.0,;
14.0;
matrix;-0.65267,-0.75764,-0.00135,0.13115,0.63846,-0.54904,-0.53938,-0.01807,0.40791,-0.3529,0.84206,2.19894,0.0,0.0,0.0,1.0,;
matrix_basis;1.0,0.0,0.0,0.0,-0.0,1.0,0.0,0.0,0.0,0.0,1.0,0.0,0.0,0.0,0.0,1.0,;
15.0;
matrix;-0.81939,-0.55588,0.14,0.08052,0.42431,-0.75235,-0.50392,-0.02331,0.38545,-0.3535,0.85233,2.17091,0.0,0.0,0.0,1.0,;
matrix_basis;1.0,0.0,0.0,0.0,-0.0,1.0,0.0,0.0,0.0,0.0,1.0,0.0,0.0,0.0,0.0,1.0,;
16.0;
matrix;-0.91305,-0.32143,0.25105,0.05073,0.18839,-0.87832,-0.43939,-0.01029,0.36173,-0.35389,0.8625,2.15091,0.0,0.0,0.0,1.0,;
matrix_basis;1.0,0.0,0.0,0.0,-0.0,1.0,0.0,0.0,0.0,0.0,1.0,0.0,0.0,0.0,0.0,1.0,;
17.0;
matrix;-0.94002,-0.10909,0.32321,0.02952,-0.0194,-0.92886,-0.36992,0.01959,0.34057,-0.354,0.87103,2.13772,0.0,0.0,0.0,1.0,;
matrix_basis;1.0,0.0,0.0,0.0,-0.0,1.0,0.0,0.0,0.0,0.0,1.0,0.0,0.0,0.0,0.0,1.0,;
18.0;
matrix;-0.93715,-0.01476,0.34861,0.00075,-0.11046,-0.93517,-0.33653,0.03908,0.33097,-0.35388,0.87477,2.13297,0.0,0.0,0.0,1.0,;
matrix_basis;1.0,0.0,0.0,0.0,-0.0,1.0,0.0,0.0,0.0,0.0,1.0,0.0,0.0,0.0,0.0,1.0,;
19.0;
matrix;-0.74593,-0.6659,0.01305,-0.00701,0.57791,-0.65686,-0.4843,-0.10096,0.33107,-0.35371,0.8748,2.49336,0.0,0.0,0.0,1.0,;
matrix_basis;1.0,0.0,0.0,0.0,0.0,1.0,0.0,0.0,0.0,0.0,1.0,0.0,0.0,0.0,0.0,1.0,;
20.0;
matrix;-0.12525,-0.93529,-0.33097,-0.01015,0.93529,-2e-05,-0.35388,-0.25689,0.33097,-0.35388,0.87477,2.85264,0.0,0.0,0.0,1.0,;
matrix_basis;1.0,0.0,0.0,0.0,-0.0,1.0,0.0,0.0,0.0,0.0,1.0,0.0,0.0,0.0,0.0,1.0,;
30.0;
matrix;-0.12535,-0.93521,-0.33116,0.28895,0.89221,0.03971,-0.44987,0.00269,0.43387,-0.35186,0.82943,2.30002,0.0,0.0,0.0,1.0,;
matrix_basis;1.0,0.0,0.0,0.0,0.0,1.0,0.0,0.0,0.0,0.0,1.0,0.0,0.0,0.0,0.0,1.0,;
40.0;
matrix;-0.12525,-0.93529,-0.33097,0.03908,0.93529,-2e-05,-0.35388,0.07991,0.33097,-0.35388,0.87477,3.20394,0.0,0.0,0.0,1.0,;
matrix_basis;1.0,0.0,0.0,0.0,-0.0,1.0,0.0,0.0,0.0,0.0,1.0,0.0,0.0,0.0,0.0,1.0,;
}
}
anim{
hidariKosiBone;
keys{
22;
1.0;
matrix;-0.30769,0.83205,0.46154,0.03908,-0.83205,0.0,-0.5547,-0.00013,-0.46154,-0.5547,0.69231,3.44441,0.0,0.0,0.0,1.0,;
matrix_basis;1.0,0.0,0.0,0.0,-0.0,1.0,0.0,0.0,0.0,0.0,1.0,0.0,0.0,0.0,0.0,1.0,;
2.0;
matrix;-0.30757,0.83217,0.4614,0.28895,-0.77496,0.06228,-0.62893,0.00269,-0.55212,-0.55101,0.62575,2.30002,0.0,0.0,0.0,1.0,;
matrix_basis;1.0,0.0,0.0,0.0,-0.0,1.0,0.0,0.0,0.0,0.0,1.0,0.0,0.0,0.0,0.0,1.0,;
3.0;
matrix;-0.39428,0.8333,0.38749,0.29118,-0.73986,-0.03772,-0.67171,-0.00203,-0.54512,-0.55153,0.6314,2.34667,0.0,0.0,0.0,1.0,;
matrix_basis;1.0,0.0,0.0,0.0,-0.0,1.0,0.0,0.0,0.0,0.0,1.0,0.0,0.0,0.0,0.0,1.0,;
4.0;
matrix;-0.57901,0.78996,0.20175,0.28155,-0.61993,-0.26584,-0.73825,-0.02263,-0.52955,-0.55253,0.64365,2.43605,0.0,0.0,0.0,1.0,;
matrix_basis;1.0,0.0,0.0,0.0,0.0,1.0,0.0,0.0,0.0,0.0,1.0,0.0,0.0,0.0,0.0,1.0,;
5.0;
matrix;-0.76504,0.6418,-0.053,0.23549,-0.39329,-0.5308,-0.75071,-0.05255,-0.50994,-0.55348,0.6585,2.5451,0.0,0.0,0.0,1.0,;
matrix_basis;1.0,-0.0,0.0,0.0,0.0,1.0,0.0,0.0,0.0,0.0,1.0,0.0,0.0,0.0,0.0,1.0,;
6.0;
matrix;-0.86671,0.39562,-0.30382,0.14812,-0.09809,-0.73237,-0.67381,-0.06817,-0.48908,-0.55419,0.67355,2.65897,0.0,0.0,0.0,1.0,;
matrix_basis;1.0,0.0,0.0,0.0,-0.0,1.0,0.0,0.0,0.0,0.0,1.0,0.0,0.0,0.0,0.0,1.0,;
7.0;
matrix;-0.86654,0.1427,-0.47826,0.04904,0.16728,-0.81979,-0.54769,-0.05481,-0.47023,-0.5546,0.68651,2.76012,0.0,0.0,0.0,1.0,;
matrix_basis;1.0,0.0,0.0,0.0,-0.0,1.0,0.0,0.0,0.0,0.0,1.0,0.0,0.0,0.0,0.0,1.0,;
8.0;
matrix;-0.84203,0.02828,-0.53869,0.0012,0.27923,-0.83157,-0.48013,-0.03906,-0.46154,-0.5547,0.69231,2.80641,0.0,0.0,0.0,1.0,;
matrix_basis;1.0,0.0,0.0,0.0,-0.0,1.0,0.0,0.0,0.0,0.0,1.0,0.0,0.0,0.0,0.0,1.0,;
9.0;
matrix;-0.86778,0.16405,-0.4691,0.07093,0.14803,-0.81576,-0.55913,-0.06032,-0.47439,-0.55464,0.68361,2.74591,0.0,0.0,0.0,1.0,;
matrix_basis;1.0,0.0,0.0,0.0,-0.0,1.0,0.0,0.0,0.0,0.0,1.0,0.0,0.0,0.0,0.0,1.0,;
10.0;
matrix;-0.83862,0.49781,-0.22111,0.21728,-0.20752,-0.6673,-0.7153,-0.06909,-0.50363,-0.55398,0.66292,2.59574,0.0,0.0,0.0,1.0,;
matrix_basis;1.0,0.0,0.0,0.0,-0.0,1.0,0.0,0.0,0.0,0.0,1.0,0.0,0.0,0.0,0.0,1.0,;
11.0;
matrix;-0.6132,0.77451,0.15528,0.31389,-0.58042,-0.30844,-0.75364,-0.02609,-0.53582,-0.55226,0.63868,2.42038,0.0,0.0,0.0,1.0,;
matrix_basis;1.0,0.0,0.0,0.0,-0.0,1.0,0.0,0.0,0.0,0.0,1.0,0.0,0.0,0.0,0.0,1.0,;
12.0;
matrix;-0.30757,0.83217,0.4614,0.28895,-0.77496,0.06228,-0.62893,0.00269,-0.55212,-0.55101,0.62575,2.30002,0.0,0.0,0.0,1.0,;
matrix_basis;1.0,0.0,0.0,0.0,-0.0,1.0,0.0,0.0,0.0,0.0,1.0,0.0,0.0,0.0,0.0,1.0,;
13.0;
matrix;-0.0255,0.76371,0.64505,0.20521,-0.83797,0.33552,-0.43038,-0.0047,-0.54512,-0.55151,0.63141,2.23902,0.0,0.0,0.0,1.0,;
matrix_basis;1.0,0.0,0.0,0.0,0.0,1.0,0.0,0.0,0.0,0.0,1.0,0.0,0.0,0.0,0.0,1.0,;
14.0;
matrix;0.24068,0.62975,0.73857,0.13115,-0.81344,0.546,-0.20047,-0.01807,-0.52951,-0.55254,0.64367,2.19894,0.0,0.0,0.0,1.0,;
matrix_basis;1.0,-0.0,0.0,0.0,0.0,1.0,0.0,0.0,0.0,0.0,1.0,0.0,0.0,0.0,0.0,1.0,;
15.0;
matrix;0.47942,0.45281,0.75174,0.08052,-0.71431,0.69897,0.03452,-0.02331,-0.50981,-0.55353,0.65855,2.17091,0.0,0.0,0.0,1.0,;
matrix_basis;1.0,0.0,0.0,0.0,-0.0,1.0,0.0,0.0,0.0,0.0,1.0,0.0,0.0,0.0,0.0,1.0,;
16.0;
matrix;0.66795,0.25887,0.69773,0.05073,-0.56109,0.79109,0.24363,-0.01029,-0.4889,-0.55422,0.67366,2.15091,0.0,0.0,0.0,1.0,;
matrix_basis;1.0,0.0,0.0,0.0,-0.0,1.0,0.0,0.0,0.0,0.0,1.0,0.0,0.0,0.0,0.0,1.0,;
17.0;
matrix;0.78728,0.08819,0.61026,0.02952,-0.39897,0.82746,0.39513,0.01959,-0.47012,-0.55455,0.68663,2.13772,0.0,0.0,0.0,1.0,;
matrix_basis;1.0,-0.0,0.0,0.0,0.0,1.0,0.0,0.0,0.0,0.0,1.0,0.0,0.0,0.0,0.0,1.0,;
18.0;
matrix;0.82708,0.01315,0.56192,0.00075,-0.3208,0.83195,0.45271,0.03908,-0.46154,-0.5547,0.69231,2.13297,0.0,0.0,0.0,1.0,;
matrix_basis;1.0,0.0,0.0,0.0,0.0,1.0,0.0,0.0,0.0,0.0,1.0,0.0,0.0,0.0,0.0,1.0,;
19.0;
matrix;0.36518,0.59225,0.71825,-0.00701,-0.80847,0.58428,-0.07073,-0.10096,-0.46154,-0.55485,0.69218,2.49336,0.0,0.0,0.0,1.0,;
matrix_basis;1.0,0.0,0.0,0.0,-0.0,1.0,0.0,0.0,0.0,0.0,1.0,0.0,0.0,0.0,0.0,1.0,;
20.0;
matrix;-0.30769,0.83205,0.46154,-0.01015,-0.83205,0.0,-0.5547,-0.25689,-0.46154,-0.5547,0.69231,2.85264,0.0,0.0,0.0,1.0,;
matrix_basis;1.0,-0.0,0.0,0.0,0.0,1.0,0.0,0.0,0.0,0.0,1.0,0.0,0.0,0.0,0.0,1.0,;
30.0;
matrix;-0.30757,0.83217,0.4614,0.28895,-0.77496,0.06228,-0.62893,0.00269,-0.55212,-0.55101,0.62575,2.30002,0.0,0.0,0.0,1.0,;
matrix_basis;1.0,0.0,0.0,0.0,0.0,1.0,0.0,0.0,0.0,0.0,1.0,0.0,0.0,0.0,0.0,1.0,;
40.0;
matrix;-0.30769,0.83205,0.46154,0.03908,-0.83205,0.0,-0.5547,0.07991,-0.46154,-0.5547,0.69231,3.20394,0.0,0.0,0.0,1.0,;
matrix_basis;1.0,0.0,0.0,0.0,-0.0,1.0,0.0,0.0,0.0,0.0,1.0,0.0,0.0,0.0,0.0,1.0,;
}
}
anim{
migiFootSitaBone;
keys{
22;
1.0;
matrix;0.85664,-0.37863,0.35044,-1.13339,-0.37863,0.0,0.92555,-0.00031,-0.35044,-0.92555,-0.14336,-2.63289,0.0,0.0,0.0,1.0,;
matrix_basis;1.0,0.0,0.0,0.0,-0.0,1.0,0.0,0.0,0.0,0.0,1.0,0.0,0.0,0.0,0.0,1.0,;
2.0;
matrix;0.84631,-0.40483,0.34621,-2.72427,-0.36531,0.03194,0.93034,-0.5983,-0.38769,-0.91383,-0.12086,-2.46424,0.0,0.0,0.0,1.0,;
matrix_basis;1.0,0.0,0.0,0.0,0.0,1.0,0.0,0.0,0.0,0.0,1.0,0.0,0.0,0.0,0.0,1.0,;
3.0;
matrix;0.80325,-0.37797,0.46036,-2.63966,-0.44741,0.12735,0.88522,-0.57944,-0.39322,-0.91702,-0.06681,-2.34432,0.0,0.0,0.0,1.0,;
matrix_basis;1.0,0.0,0.0,0.0,-0.0,1.0,0.0,0.0,0.0,0.0,1.0,0.0,0.0,0.0,0.0,1.0,;
4.0;
matrix;0.6633,-0.31125,0.68056,-2.55491,-0.63583,0.2452,0.73184,-0.20896,-0.39466,-0.91815,-0.03526,-2.31963,0.0,0.0,0.0,1.0,;
matrix_basis;1.0,0.0,0.0,0.0,-0.0,1.0,0.0,0.0,0.0,0.0,1.0,0.0,0.0,0.0,0.0,1.0,;
5.0;
matrix;0.41222,-0.19335,0.89033,-2.42595,-0.82089,0.34511,0.45501,0.27574,-0.39524,-0.91843,-0.01645,-2.29127,0.0,0.0,0.0,1.0,;
matrix_basis;1.0,0.0,0.0,0.0,-0.0,1.0,0.0,0.0,0.0,0.0,1.0,0.0,0.0,0.0,0.0,1.0,;
6.0;
matrix;0.09704,-0.04832,0.99411,-2.25953,-0.913,0.39333,0.10824,0.71502,-0.39624,-0.91813,-0.00594,-2.21691,0.0,0.0,0.0,1.0,;
matrix_basis;1.0,0.0,0.0,0.0,-0.0,1.0,0.0,0.0,0.0,0.0,1.0,0.0,0.0,0.0,0.0,1.0,;
7.0;
matrix;-0.17921,0.07405,0.98102,-2.12528,-0.89995,0.3905,-0.19388,1.01905,-0.39745,-0.91762,-0.00335,-2.10083,0.0,0.0,0.0,1.0,;
matrix_basis;1.0,0.0,0.0,0.0,-0.0,1.0,0.0,0.0,0.0,0.0,1.0,0.0,0.0,0.0,0.0,1.0,;
8.0;
matrix;-0.29392,0.12348,0.94782,-2.07266,-0.86901,0.37841,-0.31878,1.13272,-0.39803,-0.91736,-0.00392,-2.03621,0.0,0.0,0.0,1.0,;
matrix_basis;1.0,0.0,0.0,0.0,-0.0,1.0,0.0,0.0,0.0,0.0,1.0,0.0,0.0,0.0,0.0,1.0,;
9.0;
matrix;-0.16602,0.04435,0.98513,-2.17219,-0.90433,0.39151,-0.17002,1.05979,-0.39322,-0.91911,-0.02489,-2.13417,0.0,0.0,0.0,1.0,;
matrix_basis;1.0,0.0,0.0,0.0,0.0,1.0,0.0,0.0,0.0,0.0,1.0,0.0,0.0,0.0,0.0,1.0,;
10.0;
matrix;0.20313,-0.17101,0.9641,-2.48413,-0.90065,0.35366,0.2525,0.67236,-0.38415,-0.91961,-0.08218,-2.29322,0.0,0.0,0.0,1.0,;
matrix_basis;1.0,0.0,0.0,0.0,-0.0,1.0,0.0,0.0,0.0,0.0,1.0,0.0,0.0,0.0,0.0,1.0,;
11.0;
matrix;0.62182,-0.35664,0.69725,-2.73096,-0.68185,0.19143,0.706,0.00667,-0.38526,-0.91442,-0.12414,-2.36372,0.0,0.0,0.0,1.0,;
matrix_basis;1.0,-0.0,0.0,0.0,0.0,1.0,0.0,0.0,0.0,0.0,1.0,0.0,0.0,0.0,0.0,1.0,;
12.0;
matrix;0.84631,-0.40483,0.34621,-2.72427,-0.36531,0.03194,0.93034,-0.5983,-0.38769,-0.91383,-0.12086,-2.46424,0.0,0.0,0.0,1.0,;
matrix_basis;1.0,0.0,0.0,0.0,-0.0,1.0,0.0,0.0,-0.0,-0.0,1.0,0.0,0.0,0.0,0.0,1.0,;
13.0;
matrix;0.90827,-0.40823,0.09166,-2.67319,-0.11429,-0.03133,0.99295,-0.62298,-0.40248,-0.91234,-0.07511,-2.75717,0.0,0.0,0.0,1.0,;
matrix_basis;0.99964,0.01819,0.0197,0.0,-0.01902,0.99889,0.04317,0.0,-0.01889,-0.04353,0.99887,0.0,0.0,0.0,0.0,1.0,;
14.0;
matrix;0.8711,-0.46737,-0.15084,-3.16157,0.10439,-0.12392,0.98679,-0.48877,-0.47989,-0.87533,-0.05916,-2.75894,0.0,0.0,0.0,1.0,;
matrix_basis;0.99631,0.0551,0.06573,0.0,-0.06368,0.98858,0.13655,0.0,-0.05746,-0.14023,0.98845,0.0,0.0,0.0,0.0,1.0,;
15.0;
matrix;0.76502,-0.48778,-0.42049,-3.84659,0.33664,-0.25373,0.9068,-0.48396,-0.54902,-0.83528,-0.0299,-2.4642,0.0,0.0,0.0,1.0,;
matrix_basis;0.98728,0.09462,0.12777,0.0,-0.12424,0.9606,0.24862,0.0,-0.09921,-0.26134,0.96014,0.0,0.0,0.0,0.0,1.0,;
16.0;
matrix;0.59595,-0.43069,-0.67775,-4.49107,0.57176,-0.36505,0.73473,-0.68084,-0.56386,-0.82537,0.0287,-1.91179,0.0,0.0,0.0,1.0,;
matrix_basis;0.97214,0.12723,0.19687,0.0,-0.1921,0.9137,0.35811,0.0,-0.13432,-0.38595,0.91269,0.0,0.0,0.0,0.0,1.0,;
17.0;
matrix;0.38496,-0.34336,-0.85669,-4.97323,0.75806,-0.41184,0.5057,-1.0696,-0.52646,-0.84409,0.10174,-1.18175,0.0,0.0,0.0,1.0,;
matrix_basis;0.95406,0.14798,0.26051,0.0,-0.25495,0.85772,0.44645,0.0,-0.15738,-0.49236,0.85605,0.0,0.0,0.0,0.0,1.0,;
18.0;
matrix;0.25521,-0.30975,-0.91593,-5.1899,0.85055,-0.37859,0.36502,-1.13325,-0.45982,-0.8722,0.16684,-0.74155,0.0,0.0,0.0,1.0,;
matrix_basis;0.9444,0.15478,0.29007,0.0,-0.28424,0.82779,0.4837,0.0,-0.16525,-0.53926,0.82577,0.0,0.0,0.0,0.0,1.0,;
19.0;
matrix;0.82268,-0.38005,-0.42279,-1.93015,0.40009,-0.1413,0.90552,0.30056,-0.40389,-0.91411,0.03581,-3.0556,0.0,0.0,0.0,1.0,;
matrix_basis;0.98573,0.09911,0.13605,0.0,-0.13235,0.95578,0.26261,0.0,-0.10401,-0.27687,0.95526,0.0,0.0,0.0,0.0,1.0,;
20.0;
matrix;0.85664,-0.37863,0.35044,-1.18262,-0.36304,0.04023,0.9309,-2.42052,-0.36657,-0.92467,-0.103,-1.52804,0.0,0.0,0.0,1.0,;
matrix_basis;1.0,0.0,0.0,0.0,0.0,1.0,0.0,0.0,0.0,0.0,1.0,0.0,0.0,0.0,0.0,1.0,;
30.0;
matrix;0.84631,-0.40483,0.34621,-2.72427,-0.36531,0.03194,0.93034,-0.5983,-0.38769,-0.91383,-0.12086,-2.46424,0.0,0.0,0.0,1.0,;
matrix_basis;1.0,0.0,0.0,0.0,-0.0,1.0,-0.0,0.0,-0.0,-0.0,1.0,0.0,0.0,0.0,0.0,1.0,;
40.0;
matrix;0.58329,-0.09284,0.80694,-1.13339,-0.65952,0.52577,0.53722,4.63838,-0.47414,-0.84555,0.24544,-0.66177,0.0,0.0,0.0,1.0,;
matrix_basis;0.71653,0.37684,0.58701,0.0,-0.4287,0.90173,-0.05558,0.0,-0.55027,-0.21182,0.80767,0.0,0.0,0.0,0.0,1.0,;
}
}
anim{
kosiBone;
keys{
22;
1.0;
matrix;0.99962,0.02031,-0.01841,0.0,0.02031,-0.09772,0.99501,0.18795,0.01841,-0.99501,-0.0981,5.3594,0.0,0.0,0.0,1.0,;
matrix_basis;1.0,0.0,0.0,0.0,0.0,1.0,0.0,0.0,0.0,0.0,1.0,0.0,0.0,0.0,0.0,1.0,;
2.0;
matrix;0.99962,0.02053,-0.01841,0.24943,0.01811,0.01462,0.99973,-0.02545,0.02079,-0.99968,0.01424,4.22401,0.0,0.0,0.0,1.0,;
matrix_basis;0.99999,0.00242,0.00216,0.0,-0.00216,0.99368,-0.11224,0.0,-0.00242,0.11224,0.99368,0.0,0.0,0.0,0.0,1.0,;
3.0;
matrix;0.99521,0.02106,0.09545,0.25065,-0.09554,0.00324,0.99542,-0.00826,0.02065,-0.99977,0.00523,4.27083,0.0,0.0,0.0,1.0,;
matrix_basis;1.0,0.00222,0.002,0.0,-0.002,0.99465,-0.10328,0.0,-0.00222,0.10328,0.99465,0.0,0.0,0.0,0.0,1.0,;
4.0;
matrix;0.93515,0.01384,0.35398,0.25492,-0.35367,-0.02084,0.93514,0.01748,0.02032,-0.99969,-0.01459,4.36005,0.0,0.0,0.0,1.0,;
matrix_basis;1.0,0.00178,0.00163,0.0,-0.00163,0.9965,-0.08353,0.0,-0.00178,0.08353,0.9965,0.0,0.0,0.0,0.0,1.0,;
5.0;
matrix;0.75746,-0.01055,0.65279,0.25579,-0.65258,-0.04267,0.75652,0.02957,0.01988,-0.99903,-0.0392,4.46784,0.0,0.0,0.0,1.0,;
matrix_basis;1.0,0.00124,0.00117,0.0,-0.00117,0.99826,-0.05893,0.0,-0.00124,0.05893,0.99826,0.0,0.0,0.0,0.0,1.0,;
6.0;
matrix;0.47297,-0.04807,0.87976,0.24064,-0.88087,-0.04769,0.47096,0.02361,0.01932,-0.9977,-0.0649,4.57915,0.0,0.0,0.0,1.0,;
matrix_basis;1.0,0.00069,0.00067,0.0,-0.00067,0.99945,-0.0332,0.0,-0.00069,0.03319,0.99945,0.0,0.0,0.0,0.0,1.0,;
7.0;
matrix;0.1844,-0.08277,0.97936,0.20834,-0.98267,-0.03448,0.18211,0.01155,0.0187,-0.99597,-0.0877,4.67697,0.0,0.0,0.0,1.0,;
matrix_basis;1.0,0.00021,0.00021,0.0,-0.00021,0.99995,-0.0104,0.0,-0.00021,0.0104,0.99995,0.0,0.0,0.0,0.0,1.0,;
8.0;
matrix;0.05427,-0.09698,0.99381,0.18784,-0.99836,-0.02362,0.05222,0.00639,0.01841,-0.99501,-0.0981,4.7214,0.0,0.0,0.0,1.0,;
matrix_basis;1.0,0.0,-0.0,0.0,-0.0,1.0,-0.0,0.0,-0.0,0.0,1.0,0.0,0.0,0.0,0.0,1.0,;
9.0;
matrix;0.20659,-0.07702,0.97539,0.21917,-0.97825,-0.03532,0.20441,0.00767,0.01871,-0.9964,-0.08265,4.66359,0.0,0.0,0.0,1.0,;
matrix_basis;1.0,0.00032,0.00031,0.0,-0.00031,0.99988,-0.01554,0.0,-0.00032,0.01554,0.99988,0.0,0.0,0.0,0.0,1.0,;
10.0;
matrix;0.58586,-0.02665,0.80997,0.26856,-0.81018,-0.0432,0.58459,0.01404,0.01941,-0.99871,-0.0469,4.51786,0.0,0.0,0.0,1.0,;
matrix_basis;1.0,0.00108,0.00102,0.0,-0.00102,0.99868,-0.05137,0.0,-0.00108,0.05137,0.99868,0.0,0.0,0.0,0.0,1.0,;
11.0;
matrix;0.91233,0.01584,0.40915,0.2834,-0.40895,-0.01433,0.91244,0.00149,0.02032,-0.99977,-0.00659,4.34454,0.0,0.0,0.0,1.0,;
matrix_basis;1.0,0.00195,0.00178,0.0,-0.00178,0.9958,-0.09153,0.0,-0.00195,0.09152,0.9958,0.0,0.0,0.0,0.0,1.0,;
12.0;
matrix;0.99962,0.02053,-0.01841,0.24943,0.01811,0.01462,0.99973,-0.02545,0.02079,-0.99968,0.01424,4.22401,0.0,0.0,0.0,1.0,;
matrix_basis;0.99999,0.00242,0.00216,0.0,-0.00216,0.99368,-0.11224,0.0,-0.00242,0.11224,0.99368,0.0,0.0,0.0,0.0,1.0,;
13.0;
matrix;0.93446,0.01746,-0.35563,0.1716,0.35546,0.01223,0.93461,-0.02825,0.02067,-0.99977,0.00522,4.16319,0.0,0.0,0.0,1.0,;
matrix_basis;1.0,0.00222,0.002,0.0,-0.002,0.99465,-0.10329,0.0,-0.00222,0.10328,0.99465,0.0,0.0,0.0,0.0,1.0,;
14.0;
matrix;0.77906,0.025,-0.62645,0.08304,0.62662,0.00131,0.77932,-0.0206,0.0203,-0.99969,-0.01464,4.12294,0.0,0.0,0.0,1.0,;
matrix_basis;1.0,0.00178,0.00163,0.0,-0.00163,0.9965,-0.08353,0.0,-0.00178,0.08353,0.9965,0.0,0.0,0.0,0.0,1.0,;
15.0;
matrix;0.56031,0.04368,-0.82713,-0.00355,0.82805,-0.00565,0.56063,-0.01244,0.01982,-0.99903,-0.03933,4.09365,0.0,0.0,0.0,1.0,;
matrix_basis;1.0,0.00124,0.00117,0.0,-0.00117,0.99826,-0.05893,0.0,-0.00124,0.05893,0.99826,0.0,0.0,0.0,0.0,1.0,;
16.0;
matrix;0.3132,0.06787,-0.94726,-0.07989,0.94949,-0.00212,0.31379,-0.00621,0.01928,-0.99769,-0.06511,4.07107,0.0,0.0,0.0,1.0,;
matrix_basis;1.0,0.00069,0.00067,0.0,-0.00067,0.99945,-0.0332,0.0,-0.00069,0.0332,0.99945,0.0,0.0,0.0,0.0,1.0,;
17.0;
matrix;0.09276,0.08922,-0.99168,-0.14219,0.99551,0.01046,0.09406,-0.00053,0.01876,-0.99596,-0.08785,4.05454,0.0,0.0,0.0,1.0,;
matrix_basis;1.0,0.00021,0.00021,0.0,-0.00021,0.99995,-0.0104,0.0,-0.00021,0.0104,0.99995,0.0,0.0,0.0,0.0,1.0,;
18.0;
matrix;-0.00451,0.09803,-0.99517,-0.18792,0.99982,0.01876,-0.00268,0.00297,0.01841,-0.99501,-0.0981,4.04796,0.0,0.0,0.0,1.0,;
matrix_basis;1.0,0.0,0.0,0.0,-0.0,1.0,0.0,0.0,0.0,0.0,1.0,0.0,0.0,0.0,0.0,1.0,;
19.0;
matrix;0.69739,0.0829,-0.71188,-0.16656,0.71646,-0.05539,0.69543,0.00564,0.01822,-0.99502,-0.09802,4.40837,0.0,0.0,0.0,1.0,;
matrix_basis;1.0,0.0,0.0,0.0,-0.0,1.0,0.0,0.0,0.0,0.0,1.0,0.0,0.0,0.0,0.0,1.0,;
20.0;
matrix;0.99962,0.02031,-0.01841,-0.04923,0.02031,-0.09772,0.99501,-0.06881,0.01841,-0.99501,-0.0981,4.76763,0.0,0.0,0.0,1.0,;
matrix_basis;1.0,-0.0,0.0,0.0,0.0,1.0,-0.0,0.0,-0.0,0.0,1.0,0.0,0.0,0.0,0.0,1.0,;
30.0;
matrix;0.99962,0.02053,-0.01841,0.24943,0.01811,0.01462,0.99973,-0.02545,0.02079,-0.99968,0.01424,4.22401,0.0,0.0,0.0,1.0,;
matrix_basis;0.99999,0.00242,0.00216,0.0,-0.00216,0.99368,-0.11224,0.0,-0.00242,0.11224,0.99368,0.0,0.0,0.0,0.0,1.0,;
40.0;
matrix;0.99962,0.02031,-0.01841,-0.0,0.02031,-0.09772,0.99501,0.26799,0.01841,-0.99501,-0.0981,5.11893,0.0,0.0,0.0,1.0,;
matrix_basis;1.0,0.0,0.0,0.0,0.0,1.0,0.0,0.0,0.0,0.0,1.0,0.0,0.0,0.0,0.0,1.0,;
}
}
anim{
hidariArmSitaBone;
keys{
22;
1.0;
matrix;-0.01105,0.99504,0.09889,2.07139,-0.99504,-0.00116,-0.0995,0.24459,-0.09889,-0.0995,0.99011,6.25841,0.0,0.0,0.0,1.0,;
matrix_basis;1.0,0.0,0.0,0.0,0.0,1.0,0.0,0.0,0.0,0.0,1.0,0.0,0.0,0.0,0.0,1.0,;
2.0;
matrix;-0.01105,0.99504,0.09889,2.32082,-0.97783,0.00993,-0.20917,-0.0693,-0.20912,-0.09901,0.97287,5.12374,0.0,0.0,0.0,1.0,;
matrix_basis;1.0,-0.0,0.0,0.0,0.0,1.0,0.0,0.0,0.0,0.0,1.0,0.0,0.0,0.0,0.0,1.0,;
3.0;
matrix;-0.24044,0.96871,0.0615,2.30624,-0.9518,-0.22286,-0.21075,-0.44185,-0.19045,-0.10921,0.9756,5.15506,0.0,0.0,0.0,1.0,;
matrix_basis;1.0,-0.0,0.0,0.0,0.0,1.0,0.0,0.0,0.0,0.0,1.0,0.0,0.0,0.0,0.0,1.0,;
4.0;
matrix;-0.69829,0.71551,-0.02081,1.97289,-0.69873,-0.68765,-0.19728,-1.24997,-0.15547,-0.12322,0.98013,5.22271,0.0,0.0,0.0,1.0,;
matrix_basis;1.0,0.0,0.0,0.0,-0.0,1.0,0.0,0.0,0.0,0.0,1.0,0.0,0.0,0.0,0.0,1.0,;
5.0;
matrix;-0.99029,0.09325,-0.10312,1.02202,-0.07932,-0.9881,-0.13181,-1.94336,-0.11419,-0.12235,0.9859,5.32782,0.0,0.0,0.0,1.0,;
matrix_basis;1.0,0.0,0.0,0.0,-0.0,1.0,0.0,0.0,0.0,0.0,1.0,0.0,0.0,0.0,0.0,1.0,;
6.0;
matrix;-0.7766,-0.61649,-0.12975,-0.23295,0.62437,-0.78062,-0.02806,-1.93531,-0.08399,-0.10281,0.99115,5.46344,0.0,0.0,0.0,1.0,;
matrix_basis;1.0,0.0,0.0,0.0,-0.0,1.0,0.0,0.0,0.0,0.0,1.0,0.0,0.0,0.0,0.0,1.0,;
7.0;
matrix;-0.22253,-0.97001,-0.09773,-1.08584,0.97171,-0.22881,0.05848,-1.31124,-0.07909,-0.08196,0.99349,5.59222,0.0,0.0,0.0,1.0,;
matrix_basis;1.0,0.0,0.0,0.0,-0.0,1.0,0.0,0.0,0.0,0.0,1.0,0.0,0.0,0.0,0.0,1.0,;
8.0;
matrix;0.08457,-0.99223,-0.09127,-1.29786,0.9915,0.07471,0.10654,-0.90881,-0.09889,-0.0995,0.99011,5.62042,0.0,0.0,0.0,1.0,;
matrix_basis;1.0,0.0,-0.0,0.0,-0.0,1.0,-0.0,0.0,0.0,0.0,1.0,0.0,0.0,0.0,0.0,1.0,;
9.0;
matrix;-0.08165,-0.95957,-0.26935,-0.97791,0.99607,-0.0693,-0.05507,-1.27907,0.03418,-0.27279,0.96147,5.27997,0.0,0.0,0.0,1.0,;
matrix_basis;0.98932,0.14355,-0.02524,0.0,-0.14426,0.98912,-0.02874,0.0,0.02084,0.03207,0.99927,0.0,0.0,0.0,0.0,1.0,;
10.0;
matrix;-0.63729,-0.74856,-0.18309,0.29124,0.65855,-0.40563,-0.63385,-1.57221,0.40021,-0.52452,0.75147,4.61411,0.0,0.0,0.0,1.0,;
matrix_basis;0.88305,0.45728,-0.10541,0.0,-0.46575,0.88151,-0.07756,0.0,0.05746,0.11759,0.9914,0.0,0.0,0.0,0.0,1.0,;
11.0;
matrix;-0.71883,-0.29833,0.62792,1.36362,-0.30935,-0.67161,-0.67323,-0.48618,0.62256,-0.67818,0.39049,4.24122,0.0,0.0,0.0,1.0,;
matrix_basis;0.6326,0.74321,-0.21785,0.0,-0.77152,0.62932,-0.09341,0.0,0.06768,0.22716,0.9715,0.0,0.0,0.0,0.0,1.0,;
12.0;
matrix;-0.20262,0.2074,0.95704,1.17548,-0.79473,-0.60583,-0.03697,0.47684,0.57214,-0.76808,0.28758,4.29592,0.0,0.0,0.0,1.0,;
matrix_basis;0.45321,0.84018,-0.29784,0.0,-0.8881,0.45432,-0.06977,0.0,0.07669,0.29613,0.95206,0.0,0.0,0.0,0.0,1.0,;
13.0;
matrix;0.18133,0.47295,0.86223,0.83459,-0.83488,-0.3893,0.38912,0.83783,0.5197,-0.79042,0.32427,4.301,0.0,0.0,0.0,1.0,;
matrix_basis;0.44537,0.83672,-0.31865,0.0,-0.88615,0.46282,-0.02327,0.0,0.12801,0.29273,0.94759,0.0,0.0,0.0,0.0,1.0,;
14.0;
matrix;0.5012,0.58896,0.63398,0.42971,-0.69035,-0.16959,0.70331,1.03497,0.52174,-0.79017,0.32159,4.27543,0.0,0.0,0.0,1.0,;
matrix_basis;0.44109,0.84053,-0.31456,0.0,-0.87712,0.47795,0.04716,0.0,0.18998,0.25511,0.94806,0.0,0.0,0.0,0.0,1.0,;
15.0;
matrix;0.71012,0.62105,0.3317,0.02819,-0.44781,0.03484,0.89345,1.12517,0.54332,-0.783,0.30286,4.23856,0.0,0.0,0.0,1.0,;
matrix_basis;0.44621,0.84385,-0.29802,0.0,-0.8578,0.4982,0.12635,0.0,0.25509,0.19926,0.94616,0.0,0.0,0.0,0.0,1.0,;
16.0;
matrix;0.80873,0.58798,0.01544,-0.34113,-0.17513,0.21566,0.96064,1.13444,0.56151,-0.7796,0.27738,4.20142,0.0,0.0,0.0,1.0,;
matrix_basis;0.46859,0.83845,-0.27826,0.0,-0.82441,0.52822,0.20331,0.0,0.31744,0.13413,0.93874,0.0,0.0,0.0,0.0,1.0,;
17.0;
matrix;0.83517,0.49243,-0.24494,-0.63799,0.06456,0.3545,0.93283,1.10467,0.54618,-0.79489,0.26427,4.17523,0.0,0.0,0.0,1.0,;
matrix_basis;0.52554,0.80769,-0.26729,0.0,-0.76611,0.58591,0.26418,0.0,0.36999,0.06593,0.9267,0.0,0.0,0.0,0.0,1.0,;
18.0;
matrix;0.88796,0.31448,-0.3356,-0.78963,0.17478,0.44421,0.87871,1.16673,0.42541,-0.83891,0.33948,4.19957,0.0,0.0,0.0,1.0,;
matrix_basis;0.65251,0.70186,-0.2857,0.0,-0.6462,0.71229,0.27398,0.0,0.3958,0.00584,0.91832,0.0,0.0,0.0,0.0,1.0,;
19.0;
matrix;-0.00849,0.78734,0.61645,1.47103,-0.96166,-0.17542,0.2108,0.80676,0.27411,-0.59103,0.75865,4.70781,0.0,0.0,0.0,1.0,;
matrix_basis;0.93667,0.30211,-0.17715,0.0,-0.28765,0.95219,0.10289,0.0,0.19976,-0.04541,0.97879,0.0,0.0,0.0,0.0,1.0,;
20.0;
matrix;-0.99777,0.03669,-0.05568,1.00117,-0.02891,-0.99046,-0.1347,-1.54479,-0.0601,-0.13279,0.98932,5.61355,0.0,0.0,0.0,1.0,;
matrix_basis;1.0,0.0,0.0,0.0,-0.0,1.0,0.0,0.0,0.0,0.0,1.0,0.0,0.0,0.0,0.0,1.0,;
30.0;
matrix;-0.01105,0.99504,0.09889,2.32082,-0.97783,0.00993,-0.20917,-0.0693,-0.20912,-0.09901,0.97287,5.12374,0.0,0.0,0.0,1.0,;
matrix_basis;1.0,-0.0,0.0,0.0,0.0,1.0,0.0,0.0,0.0,0.0,1.0,0.0,0.0,0.0,0.0,1.0,;
40.0;
matrix;0.08718,0.81849,0.56787,0.986,-0.99433,0.03662,0.09987,0.17016,0.06095,-0.57335,0.81704,4.95338,0.0,0.0,0.0,1.0,;
matrix_basis;0.99786,-0.06182,0.02143,0.0,0.06182,0.78359,-0.61819,0.0,0.02142,0.61819,0.78574,0.0,0.0,0.0,0.0,1.0,;
}
}
anim{
kubiBone;
keys{
22;
1.0;
matrix;0.99968,0.02084,0.01452,0.0,0.02084,-0.34628,-0.9379,0.18795,-0.01452,0.9379,-0.34661,6.43428,0.0,0.0,0.0,1.0,;
matrix_basis;1.0,-0.0,0.0,0.0,0.0,1.0,0.0,0.0,0.0,0.0,1.0,0.0,0.0,0.0,0.0,1.0,;
2.0;
matrix;0.99968,0.02084,0.01452,0.24943,0.02233,-0.4486,-0.89345,-0.14518,-0.01211,0.89349,-0.44892,5.2922,0.0,0.0,0.0,1.0,;
matrix_basis;1.0,0.0,0.0,0.0,-0.0,1.0,0.0,0.0,0.0,0.0,1.0,0.0,0.0,0.0,0.0,1.0,;
3.0;
matrix;0.99572,-0.02945,-0.08765,0.23808,-0.09164,-0.44011,-0.89326,-0.11772,-0.01227,0.89746,-0.44092,5.34005,0.0,0.0,0.0,1.0,;
matrix_basis;1.0,0.0,0.0,0.0,-0.0,1.0,0.0,0.0,0.0,0.0,1.0,0.0,0.0,0.0,0.0,1.0,;
4.0;
matrix;0.93642,-0.13769,-0.32273,0.22173,-0.35065,-0.40035,-0.84662,-0.06524,-0.01263,0.90596,-0.42318,5.43123,0.0,0.0,0.0,1.0,;
matrix_basis;1.0,0.0,0.0,0.0,-0.0,1.0,0.0,0.0,0.0,0.0,1.0,0.0,0.0,0.0,0.0,1.0,;
5.0;
matrix;0.75916,-0.25186,-0.60021,0.21365,-0.65078,-0.31222,-0.6921,-0.01718,-0.01309,0.91602,-0.40093,5.54088,0.0,0.0,0.0,1.0,;
matrix_basis;1.0,0.0,0.0,0.0,-0.0,1.0,0.0,0.0,0.0,0.0,1.0,0.0,0.0,0.0,0.0,1.0,;
6.0;
matrix;0.47445,-0.32626,-0.81759,0.20892,-0.88018,-0.19022,-0.43486,0.0076,-0.01365,0.92594,-0.37742,5.65345,0.0,0.0,0.0,1.0,;
matrix_basis;1.0,0.0,0.0,0.0,-0.0,1.0,0.0,0.0,0.0,0.0,1.0,0.0,0.0,0.0,0.0,1.0,;
7.0;
matrix;0.18528,-0.3477,-0.91912,0.19735,-0.98258,-0.07911,-0.16814,0.00978,-0.01425,0.93426,-0.3563,5.75179,0.0,0.0,0.0,1.0,;
matrix_basis;1.0,-0.0,0.0,0.0,0.0,1.0,0.0,0.0,0.0,0.0,1.0,0.0,0.0,0.0,0.0,1.0,;
8.0;
matrix;0.05481,-0.34537,-0.93686,0.18784,-0.99839,-0.0326,-0.04639,0.00639,-0.01452,0.9379,-0.34661,5.79628,0.0,0.0,0.0,1.0,;
matrix_basis;1.0,-0.0,0.0,0.0,0.0,1.0,0.0,0.0,0.0,0.0,1.0,0.0,0.0,0.0,0.0,1.0,;
9.0;
matrix;0.20763,-0.35042,-0.91329,0.20292,-0.9781,-0.08796,-0.18862,0.00453,-0.01424,0.93245,-0.36101,5.73834,0.0,0.0,0.0,1.0,;
matrix_basis;1.0,-0.0,0.0,0.0,0.0,1.0,0.0,0.0,0.0,0.0,1.0,0.0,0.0,0.0,0.0,1.0,;
10.0;
matrix;0.58771,-0.3114,-0.74674,0.22367,-0.80896,-0.24163,-0.53591,-0.01727,-0.01356,0.91905,-0.39392,5.59135,0.0,0.0,0.0,1.0,;
matrix_basis;1.0,0.0,0.0,0.0,-0.0,1.0,0.0,0.0,0.0,0.0,1.0,0.0,0.0,0.0,0.0,1.0,;
11.0;
matrix;0.91389,-0.16424,-0.37126,0.24187,-0.40577,-0.39798,-0.82278,-0.08686,-0.01262,0.90257,-0.43036,5.41498,0.0,0.0,0.0,1.0,;
matrix_basis;1.0,0.0,0.0,0.0,-0.0,1.0,0.0,0.0,0.0,0.0,1.0,0.0,0.0,0.0,0.0,1.0,;
12.0;
matrix;0.99968,0.02084,0.01452,0.24943,0.02233,-0.4486,-0.89345,-0.14518,-0.01211,0.89349,-0.44892,5.2922,0.0,0.0,0.0,1.0,;
matrix_basis;1.0,0.0,0.0,0.0,-0.0,1.0,0.0,0.0,0.0,0.0,1.0,0.0,0.0,0.0,0.0,1.0,;
13.0;
matrix;0.93319,0.16865,0.31736,0.20882,0.35918,-0.40756,-0.83957,-0.13194,-0.01225,0.89747,-0.44091,5.23241,0.0,0.0,0.0,1.0,;
matrix_basis;1.0,0.0,0.0,0.0,-0.0,1.0,0.0,0.0,0.0,0.0,1.0,0.0,0.0,0.0,0.0,1.0,;
14.0;
matrix;0.7771,0.2752,0.56602,0.13747,0.62924,-0.32166,-0.70752,-0.0911,-0.01264,0.90598,-0.42313,5.19412,0.0,0.0,0.0,1.0,;
matrix_basis;1.0,0.0,0.0,0.0,-0.0,1.0,0.0,0.0,0.0,0.0,1.0,0.0,0.0,0.0,0.0,1.0,;
15.0;
matrix;0.55833,0.33926,0.75708,0.04769,0.82952,-0.21382,-0.51593,-0.04874,-0.01315,0.91607,-0.4008,5.16669,0.0,0.0,0.0,1.0,;
matrix_basis;1.0,0.0,0.0,0.0,-0.0,1.0,0.0,0.0,0.0,0.0,1.0,0.0,0.0,0.0,0.0,1.0,;
16.0;
matrix;0.3117,0.3624,0.87836,-0.04664,0.95008,-0.10556,-0.29359,-0.01807,-0.01368,0.92602,-0.37722,5.14537,0.0,0.0,0.0,1.0,;
matrix_basis;1.0,0.0,0.0,0.0,-0.0,1.0,0.0,0.0,0.0,0.0,1.0,0.0,0.0,0.0,0.0,1.0,;
17.0;
matrix;0.0919,0.3559,0.92999,-0.13131,0.99567,-0.01954,-0.09091,-0.00191,-0.01418,0.93432,-0.35616,5.12936,0.0,0.0,0.0,1.0,;
matrix_basis;1.0,0.0,0.0,0.0,-0.0,1.0,0.0,0.0,0.0,0.0,1.0,0.0,0.0,0.0,0.0,1.0,;
18.0;
matrix;-0.00504,0.34657,0.93801,-0.18792,0.99988,0.01537,-0.0003,0.00297,-0.01452,0.9379,-0.34661,5.12284,0.0,0.0,0.0,1.0,;
matrix_basis;1.0,-0.0,0.0,0.0,0.0,1.0,0.0,0.0,0.0,0.0,1.0,0.0,0.0,0.0,0.0,1.0,;
19.0;
matrix;0.69705,0.25819,0.66892,-0.16636,0.71687,-0.23182,-0.65754,0.00572,-0.0147,0.93787,-0.34668,5.48325,0.0,0.0,0.0,1.0,;
matrix_basis;1.0,0.0,0.0,0.0,-0.0,1.0,0.0,0.0,0.0,0.0,1.0,0.0,0.0,0.0,0.0,1.0,;
20.0;
matrix;0.99968,0.02084,0.01452,-0.04923,0.02084,-0.34628,-0.9379,-0.06881,-0.01452,0.9379,-0.34661,5.84251,0.0,0.0,0.0,1.0,;
matrix_basis;1.0,-0.0,0.0,0.0,0.0,1.0,0.0,0.0,0.0,0.0,1.0,0.0,0.0,0.0,0.0,1.0,;
30.0;
matrix;0.99968,0.02084,0.01452,0.24943,0.02233,-0.4486,-0.89345,-0.14518,-0.01211,0.89349,-0.44892,5.2922,0.0,0.0,0.0,1.0,;
matrix_basis;1.0,0.0,0.0,0.0,-0.0,1.0,0.0,0.0,0.0,0.0,1.0,0.0,0.0,0.0,0.0,1.0,;
40.0;
matrix;0.99968,0.02084,0.01452,-0.0,0.02084,-0.34628,-0.9379,0.26799,-0.01452,0.9379,-0.34661,6.19382,0.0,0.0,0.0,1.0,;
matrix_basis;1.0,-0.0,0.0,0.0,0.0,1.0,0.0,0.0,0.0,0.0,1.0,0.0,0.0,0.0,0.0,1.0,;
}
}
anim{
hidariFootSitaBone;
keys{
22;
1.0;
matrix;0.83505,0.40614,-0.37113,1.13639,0.40614,0.0,0.91381,-0.00013,0.37113,-0.91381,-0.16495,-2.57672,0.0,0.0,0.0,1.0,;
matrix_basis;1.0,-0.0,0.0,0.0,0.0,1.0,0.0,0.0,0.0,0.0,1.0,0.0,0.0,0.0,0.0,1.0,;
2.0;
matrix;0.79824,0.53053,-0.28522,3.52909,0.28036,0.09185,0.95549,-0.40572,0.53311,-0.84267,-0.07542,-2.17,0.0,0.0,0.0,1.0,;
matrix_basis;1.0,-0.0,-0.0,0.0,0.0,1.0,-0.0,0.0,0.0,-0.0,1.0,0.0,0.0,0.0,0.0,1.0,;
3.0;
matrix;0.8315,0.50929,-0.22188,3.42029,0.22922,0.04929,0.97213,-0.42102,0.50603,-0.85918,-0.07575,-2.32776,0.0,0.0,0.0,1.0,;
matrix_basis;0.99891,-0.03794,-0.02733,0.0,0.03907,0.99835,0.04216,0.0,0.02568,-0.04318,0.99874,0.0,0.0,0.0,0.0,1.0,;
4.0;
matrix;0.87954,0.47282,-0.05335,3.30132,0.07741,-0.03156,0.9965,-0.323,0.46948,-0.88059,-0.06436,-2.54464,0.0,0.0,0.0,1.0,;
matrix_basis;0.98879,-0.11689,-0.09289,0.0,0.12849,0.98305,0.13074,0.0,0.07603,-0.14121,0.98706,0.0,0.0,0.0,0.0,1.0,;
5.0;
matrix;0.87437,0.43567,0.2137,3.50048,-0.17762,-0.12248,0.97645,-0.11957,0.45158,-0.89173,-0.02971,-2.46861,0.0,0.0,0.0,1.0,;
matrix_basis;0.96124,-0.20516,-0.18419,0.0,0.24529,0.9414,0.23152,0.0,0.1259,-0.26773,0.95523,0.0,0.0,0.0,0.0,1.0,;
6.0;
matrix;0.76027,0.3811,0.52608,4.08933,-0.4853,-0.20515,0.84994,-0.18785,0.43184,-0.90148,0.02897,-1.9016,0.0,0.0,0.0,1.0,;
matrix_basis;0.91519,-0.28187,-0.28804,0.0,0.36968,0.87178,0.32145,0.0,0.1605,-0.40067,0.90205,0.0,0.0,0.0,0.0,1.0,;
7.0;
matrix;0.55966,0.31241,0.76758,4.64566,-0.7338,-0.2436,0.63419,-0.73843,0.38511,-0.91818,0.09291,-1.00543,0.0,0.0,0.0,1.0,;
matrix_basis;0.86063,-0.33399,-0.3844,0.0,0.47828,0.78931,0.38502,0.0,0.17482,-0.51521,0.83904,0.0,0.0,0.0,0.0,1.0,;
8.0;
matrix;0.43693,0.29934,0.84822,4.86496,-0.82561,-0.24081,0.51027,-1.13574,0.35701,-0.92326,0.14192,-0.40097,0.0,0.0,0.0,1.0,;
matrix_basis;0.83167,-0.35236,-0.42915,0.0,0.52663,0.74553,0.40846,0.0,0.17602,-0.56571,0.8056,0.0,0.0,0.0,0.0,1.0,;
9.0;
matrix;0.56103,0.38044,0.7352,4.77556,-0.72021,-0.21352,0.66008,-0.55766,0.4081,-0.89982,0.15421,-0.87651,0.0,0.0,0.0,1.0,;
matrix_basis;0.87257,-0.32481,-0.36486,0.0,0.45675,0.80736,0.37357,0.0,0.17323,-0.49262,0.85283,0.0,0.0,0.0,0.0,1.0,;
10.0;
matrix;0.79645,0.46071,0.39167,3.95708,-0.39444,-0.09513,0.91398,0.14827,0.45834,-0.88244,0.10596,-2.05841,0.0,0.0,0.0,1.0,;
matrix_basis;0.94778,-0.23269,-0.21809,0.0,0.28675,0.92107,0.26345,0.0,0.13957,-0.31223,0.9397,0.0,0.0,0.0,0.0,1.0,;
11.0;
matrix;0.87419,0.48558,0.0006,3.31941,-0.0112,0.01892,0.99976,-0.25283,0.48545,-0.87399,0.02198,-2.5143,0.0,0.0,0.0,1.0,;
matrix_basis;0.99378,-0.08842,-0.06778,0.0,0.09486,0.99059,0.09865,0.0,0.05842,-0.10446,0.99281,0.0,0.0,0.0,0.0,1.0,;
12.0;
matrix;0.79824,0.53053,-0.28522,3.5291,0.28036,0.09185,0.95549,-0.40572,0.53311,-0.84268,-0.07543,-2.17,0.0,0.0,0.0,1.0,;
matrix_basis;1.0,-0.0,0.0,0.0,0.0,1.0,0.0,0.0,0.0,0.0,1.0,0.0,0.0,0.0,0.0,1.0,;
13.0;
matrix;0.66119,0.51913,-0.5416,3.58625,0.54907,0.15709,0.82088,-0.05593,0.51123,-0.84013,-0.18117,-2.124,0.0,0.0,0.0,1.0,;
matrix_basis;1.0,-0.0,0.0,0.0,0.0,1.0,0.0,0.0,0.0,0.0,1.0,0.0,0.0,0.0,0.0,1.0,;
14.0;
matrix;0.45437,0.48222,-0.749,3.51211,0.76261,0.22399,0.60684,0.24695,0.4604,-0.84693,-0.26597,-2.21173,0.0,0.0,0.0,1.0,;
matrix_basis;1.0,-0.0,0.0,0.0,0.0,1.0,0.0,0.0,0.0,0.0,1.0,0.0,0.0,0.0,0.0,1.0,;
15.0;
matrix;0.18881,0.43542,-0.88021,3.42694,0.89988,0.28214,0.33259,0.48845,0.39316,-0.85487,-0.33855,-2.28977,0.0,0.0,0.0,1.0,;
matrix_basis;1.0,-0.0,0.0,0.0,0.0,1.0,0.0,0.0,0.0,0.0,1.0,0.0,0.0,0.0,0.0,1.0,;
16.0;
matrix;-0.09384,0.38817,-0.9168,3.3702,0.94294,0.33014,0.04327,0.69042,0.31946,-0.86042,-0.39701,-2.29844,0.0,0.0,0.0,1.0,;
matrix_basis;1.0,-0.0,0.0,0.0,0.0,1.0,0.0,0.0,0.0,0.0,1.0,0.0,0.0,0.0,0.0,1.0,;
17.0;
matrix;-0.32753,0.3468,-0.87889,3.32511,0.91012,0.36564,-0.19489,0.84274,0.25377,-0.86373,-0.43539,-2.25053,0.0,0.0,0.0,1.0,;
matrix_basis;1.0,-0.0,0.0,0.0,0.0,1.0,0.0,0.0,0.0,0.0,1.0,0.0,0.0,0.0,0.0,1.0,;
18.0;
matrix;-0.41536,0.33275,-0.84662,3.28582,0.88114,0.37839,-0.28357,0.84993,0.22599,-0.86377,-0.45037,-2.21813,0.0,0.0,0.0,1.0,;
matrix_basis;1.0,-0.0,-0.0,0.0,0.0,1.0,0.0,0.0,0.0,-0.0,1.0,0.0,0.0,0.0,0.0,1.0,;
19.0;
matrix;0.17953,0.06955,-0.98129,0.16679,0.96226,0.19493,0.18987,1.01445,0.20449,-0.97835,-0.03192,-3.37319,0.0,0.0,0.0,1.0,;
matrix_basis;0.91281,-0.25617,-0.31805,0.0,0.27709,0.9606,0.02155,0.0,0.3,-0.1078,0.94783,0.0,0.0,0.0,0.0,1.0,;
20.0;
matrix;0.57447,0.07783,-0.81482,1.08716,0.70081,0.46756,0.53875,4.25567,0.42291,-0.88053,0.21405,-0.86438,0.0,0.0,0.0,1.0,;
matrix_basis;0.6671,-0.44552,-0.59706,0.0,0.52543,0.84954,-0.04685,0.0,0.5281,-0.28246,0.80083,0.0,0.0,0.0,0.0,1.0,;
30.0;
matrix;0.79824,0.53053,-0.28522,3.52909,0.28036,0.09185,0.95549,-0.40572,0.53311,-0.84267,-0.07543,-2.17,0.0,0.0,0.0,1.0,;
matrix_basis;1.0,-0.0,0.0,0.0,0.0,1.0,0.0,0.0,0.0,0.0,1.0,0.0,0.0,0.0,0.0,1.0,;
40.0;
matrix;0.83505,0.40614,-0.37113,1.13639,0.42046,-0.03604,0.90659,-2.3347,0.35482,-0.9131,-0.20086,-1.17568,0.0,0.0,0.0,1.0,;
matrix_basis;1.0,-0.0,0.0,0.0,0.0,1.0,0.0,0.0,0.0,0.0,1.0,0.0,0.0,0.0,0.0,1.0,;
}
}
anim{
muneBone;
keys{
22;
1.0;
matrix;-1.0,-0.0,0.0,0.0,0.0,-0.0,1.0,0.18795,-0.0,1.0,0.0,5.3594,0.0,0.0,0.0,1.0,;
matrix_basis;1.0,0.0,0.0,0.0,0.0,1.0,0.0,0.0,0.0,0.0,1.0,0.0,0.0,0.0,0.0,1.0,;
2.0;
matrix;-1.0,-0.0,0.0,0.24943,0.0,-0.11139,0.99378,-0.02545,-0.0,0.99378,0.11139,4.22401,0.0,0.0,0.0,1.0,;
matrix_basis;1.0,0.0,0.0,0.0,-0.0,0.99378,0.11139,0.0,0.0,-0.11139,0.99378,0.0,0.0,0.0,0.0,1.0,;
3.0;
matrix;-0.99351,-0.0117,0.11315,0.25065,0.11376,-0.10183,0.98828,-0.00826,-4e-05,0.99473,0.1025,4.27083,0.0,0.0,0.0,1.0,;
matrix_basis;1.0,0.0,0.0,0.0,-0.0,0.99473,0.1025,0.0,-0.0,-0.1025,0.99473,0.0,0.0,0.0,0.0,1.0,;
4.0;
matrix;-0.92856,-0.03088,0.36989,0.25492,0.37117,-0.07695,0.92537,0.01748,-0.00011,0.99656,0.08292,4.36005,0.0,0.0,0.0,1.0,;
matrix_basis;1.0,0.0,-0.0,0.0,-0.0,0.99656,0.0829,0.0,0.0,-0.0829,0.99656,0.0,0.0,0.0,0.0,1.0,;
5.0;
