verts{
66;
0,0.02915,-0.06054,1.62076,0.61644,-0.58647,-0.52535,0.60323,0.68736,;
1,0.03481,-0.05452,1.61935,0.61287,-0.67345,-0.41325,0.63184,0.6802,;
2,0.0399,-0.05405,1.62614,0.39708,-0.64837,-0.64953,0.65759,0.71454,;
3,0.04188,-0.06087,1.63321,0.10273,-0.81762,-0.56648,0.66762,0.75031,;
4,0.05122,-0.06007,1.6284,0.00894,-0.99918,-0.03906,0.71484,0.72598,;
5,0.05518,-0.05881,1.63406,0.09159,-0.96759,0.2353,0.73487,0.7546,;
6,0.06254,-0.06007,1.62812,0.24808,-0.89895,0.36094,0.77207,0.72456,;
7,0.06622,-0.05698,1.63208,0.37425,-0.84979,0.37111,0.79067,0.74459,;
8,0.07159,-0.05713,1.62416,0.54292,-0.79925,0.25764,0.81786,0.70452,;
9,0.0781,-0.05214,1.62472,0.42097,-0.88891,-0.18046,0.85077,0.70738,;
10,0.07839,-0.04999,1.61906,0.03201,-0.91891,-0.39308,0.8522,0.67876,;
11,0.08631,-0.0513,1.61906,-0.13227,-0.98309,-0.1265,0.89227,0.67876,;
12,0.08263,-0.04759,1.61341,-0.59163,-0.77471,-0.22297,0.87366,0.65014,;
13,0.09395,-0.04903,1.6185,0.29197,-0.94559,0.14347,0.9309,0.6759,;
14,0.08659,-0.05207,1.61341,-0.57503,-0.81741,0.03348,0.8937,0.65014,;
15,0.08348,-0.04694,1.60661,-0.85186,-0.52336,0.01959,0.87796,0.61581,;
16,0.08546,-0.05092,1.6035,-0.86642,-0.49782,0.03778,0.88797,0.60006,;
17,0.08178,-0.04506,1.60039,-0.79458,-0.58501,-0.16233,0.86937,0.58433,;
18,0.08122,-0.04302,1.59699,-0.7618,-0.60338,-0.23569,0.86651,0.56715,;
19,0.03792,-0.06323,1.59728,0.25541,-0.88705,-0.3845,0.64758,0.56858,;
20,0.04132,-0.05992,1.5919,0.14188,-0.96802,-0.20676,0.66476,0.5414,;
21,0.04528,-0.05988,1.59445,0.07895,-0.9967,-0.01682,0.68478,0.55428,;
22,0.04924,-0.06075,1.58879,0.1521,-0.97531,0.16004,0.70481,0.52566,;
23,0.05263,-0.05951,1.59162,0.24992,-0.96768,0.03275,0.72199,0.53997,;
24,0.05801,-0.05767,1.58822,0.20368,-0.94311,-0.26267,0.74918,0.5228,;
25,0.06226,-0.0582,1.59218,0.17872,-0.88726,-0.42515,0.77064,0.54283,;
26,0.06593,-0.05589,1.58935,0.09485,-0.84277,-0.5298,0.78924,0.52852,;
27,0.0682,-0.05838,1.59303,0.02451,-0.82037,-0.57128,0.80069,0.54712,;
28,0.07131,-0.05666,1.59048,-0.00134,-0.82809,-0.56056,0.81643,0.53425,;
29,-0.01783,-0.06012,1.62331,-0.04062,-0.99811,0.04596,0.36569,0.70023,;
30,-0.02264,-0.06007,1.6202,-0.00299,-0.99976,0.02057,0.34137,0.68449,;
31,-0.02434,-0.05967,1.62727,0.01401,-0.99725,0.07239,0.33278,0.72026,;
32,-0.02688,-0.06007,1.62331,-0.04514,-0.99762,0.05161,0.3199,0.70023,;
33,-0.0249,-0.06007,1.61652,0.0,-0.99997,0.0,0.32992,0.66589,;
34,-0.01811,-0.06007,1.6168,0.0,-1.0,0.0,0.36426,0.66732,;
35,-0.02802,-0.05936,1.6318,-0.18128,-0.98041,-0.077,0.31417,0.74316,;
36,-0.03113,-0.05811,1.62784,-0.26048,-0.95825,-0.11789,0.29844,0.72312,;
37,-0.03396,-0.05908,1.6335,-0.08734,-0.95047,-0.29823,0.28413,0.75174,;
38,-0.03735,-0.05751,1.62982,-0.01254,-0.92904,-0.36973,0.26695,0.73314,;
39,-0.03962,-0.05938,1.6335,-0.06323,-0.94482,-0.32139,0.2555,0.75174,;
40,-0.04358,-0.05765,1.62897,-0.29737,-0.94903,0.10413,0.23547,0.72885,;
41,-0.04669,-0.05552,1.63208,-0.21888,-0.93927,0.26429,0.21973,0.74459,;
42,-0.0498,-0.05755,1.62586,0.15448,-0.98288,0.10016,0.204,0.71311,;
43,-0.0549,-0.05881,1.62699,-0.00543,-0.99231,-0.12348,0.17824,0.71883,;
44,-0.05377,-0.05729,1.62274,0.06909,-0.94461,-0.32078,0.18396,0.69737,;
45,-0.05886,-0.05603,1.61906,-0.66076,-0.74871,0.05286,0.15821,0.67876,;
46,-0.06197,-0.05212,1.6219,-0.65752,-0.74886,0.08261,0.14247,0.69307,;
47,-0.06395,-0.05118,1.61341,-0.38936,-0.89474,-0.2187,0.13245,0.65014,;
48,-0.06593,-0.05095,1.61793,-0.19514,-0.98013,-0.03513,0.12244,0.67304,;
49,-0.07103,-0.05014,1.61708,-0.25874,-0.89767,-0.35664,0.09668,0.66875,;
50,-0.06565,-0.04685,1.60718,0.5399,-0.78085,0.31422,0.12386,0.61867,;
51,-0.07584,-0.04837,1.61624,0.29878,-0.81896,0.48985,0.07236,0.66446,;
52,-0.07075,-0.05556,1.60633,0.65423,-0.48512,0.58019,0.0981,0.61437,;
53,-0.08461,-0.05231,1.61567,0.20478,-0.56972,0.79589,0.02799,0.6616,;
54,-0.0781,-0.05432,1.61256,0.35191,-0.58525,0.73049,0.06091,0.64586,;
55,-0.0665,-0.05549,1.59982,0.77508,-0.45192,0.44154,0.11957,0.58146,;
56,-0.0631,-0.04972,1.59897,0.81429,-0.42048,0.40007,0.13675,0.57717,;
57,-0.05065,-0.05635,1.59529,-0.26887,-0.88775,0.37355,0.1997,0.55857,;
58,-0.04556,-0.0592,1.59218,-0.07157,-0.99182,0.1055,0.22546,0.54283,;
59,-0.05065,-0.05921,1.5885,-0.1251,-0.97662,0.17463,0.1997,0.52422,;
60,-0.04414,-0.05889,1.58624,0.00287,-0.99991,-0.01154,0.23261,0.51278,;
61,-0.04018,-0.05891,1.59077,-0.13294,-0.99008,-0.04495,0.25264,0.53567,;
62,-0.0365,-0.05952,1.58709,-0.10749,-0.97928,-0.17158,0.27125,0.51707,;
63,-0.03452,-0.06157,1.59303,0.17017,-0.94336,-0.28474,0.28126,0.54712,;
64,-0.03028,-0.0594,1.59133,0.36048,-0.8992,-0.24787,0.30273,0.53853,;
65,-0.02632,-0.05901,1.59954,0.40126,-0.90338,-0.15122,0.32276,0.58004,;
}
polygons{
58;
0,0.61289,-0.67347,-0.41327,0,2,0,1,;
1,0.60657,-0.48064,-0.63329,0,3,0,2,;
2,-0.26203,-0.73032,-0.63085,0,3,2,4,;
3,0.14464,-0.98264,0.11621,0,3,4,5,;
4,0.0053,-0.97714,0.21252,0,5,4,6,;
5,0.22533,-0.85884,0.46002,0,5,6,7,;
6,0.40859,-0.86409,0.29393,0,7,6,8,;
7,0.54111,-0.74937,0.38164,0,7,8,9,;
8,0.60177,-0.75595,-0.25772,0,9,8,10,;
9,-0.15276,-0.92102,-0.3583,0,9,10,11,;
10,-0.14388,-0.86749,-0.4762,0,11,10,12,;
11,0.292,-0.9456,0.14348,0,11,14,13,;
12,-0.74869,-0.66083,0.05263,0,14,11,12,;
13,-0.74068,-0.65376,-0.1549,0,14,12,15,;
14,-0.87972,-0.47332,0.04529,0,14,15,16,;
15,-0.86368,-0.49675,0.08545,0,16,15,17,;
16,-0.76182,-0.60339,-0.23571,0,16,17,18,;
17,0.25541,-0.88707,-0.38453,0,21,19,20,;
18,-0.06144,-0.99205,0.10985,0,21,20,22,;
19,0.14356,-0.95804,0.24811,0,21,22,23,;
20,0.33256,-0.94297,0.01465,0,23,22,24,;
21,0.14619,-0.94787,-0.28314,0,23,24,25,;
22,0.2546,-0.88454,-0.39084,0,25,24,26,;
23,0.05834,-0.80926,-0.58454,0,25,26,27,;
24,-0.00137,-0.8281,-0.56057,0,27,26,28,;
25,-0.04064,-0.99812,0.04598,0,29,31,30,;
26,0.04952,-0.99649,0.06752,0,30,31,32,;
27,-0.0,-1.0,0.0,0,32,33,30,;
28,-0.0,-1.0,0.0,0,30,33,34,;
29,0.02166,-0.99611,0.08539,0,32,31,35,;
30,-0.39827,-0.91698,0.02285,0,32,35,36,;
31,-0.10924,-0.9692,-0.22074,0,36,35,37,;
32,-0.17129,-0.95323,-0.24903,0,36,37,38,;
33,0.04769,-0.90192,-0.42927,0,38,37,39,;
34,0.07764,-0.90718,-0.41351,0,38,39,40,;
35,-0.49237,-0.86444,0.10157,0,40,39,41,;
36,-0.21401,-0.89176,0.3987,0,40,41,42,;
37,0.27236,-0.94644,0.1734,0,42,41,43,;
38,0.16731,-0.94124,-0.29339,0,42,43,44,;
39,0.01061,-0.942,-0.33545,0,44,43,45,;
40,-0.72867,-0.67269,0.12854,0,45,43,46,;
41,-0.74216,-0.66273,0.09995,0,45,46,47,;
42,-0.23403,-0.9708,-0.05263,0,47,46,48,;
43,-0.15368,-0.98798,-0.01661,0,47,48,49,;
44,-0.36044,-0.80875,-0.46477,0,47,49,50,;
45,-0.24673,-0.87145,-0.4239,0,50,49,51,;
46,0.63413,-0.43301,0.64061,0,50,51,52,;
47,0.20479,-0.56974,0.7959,0,54,51,53,;
48,0.46318,-0.58666,0.6643,0,52,51,54,;
49,0.73817,-0.47782,0.47623,0,50,52,55,;
50,0.81432,-0.42049,0.40009,0,50,55,56,;
51,-0.2689,-0.88778,0.37355,0,57,59,58,;
52,0.03362,-0.99842,-0.04509,0,58,59,60,;
53,0.04316,-0.99815,-0.04281,0,58,60,61,;
54,-0.09002,-0.99321,0.07374,0,61,60,62,;
55,-0.34999,-0.91536,-0.19903,0,61,62,63,;
56,0.28716,-0.87199,-0.39645,0,63,62,64,;
57,0.40128,-0.90338,-0.15125,0,63,64,65,;
}
materials{
1;
0,1.0,1.0,1.0,resrc/ponko/ponkomatuge.png,;
}
boneinfo{
25;
0,doBone,;
matrix;1.0,-0.0,0.0,0.0,0.0,0.02632,-0.99965,0.0,-0.0,0.99965,0.02632,0.0,0.0,0.0,0.0,1.0,;
matrix_local;1.0,-0.0,0.0,0.0,0.0,0.02632,-0.99965,-0.03665,-0.0,0.99965,0.02632,1.06769,0.0,0.0,0.0,1.0,;
1,dousitaBone,;
matrix;-1.0,0.0,0.0,0.0,-0.0,-0.99136,-0.13118,0.0,0.0,-0.13118,0.99136,0.0,0.0,0.0,0.0,1.0,;
matrix_local;-1.0,-0.0,0.0,-0.0,-0.0,0.10504,-0.99447,-0.0316,-0.0,-0.99447,-0.10504,1.25948,0.0,0.0,0.0,1.0,;
2,migikosiBone,;
matrix;-0.46778,0.72954,-0.49896,0.0,0.41957,0.68016,0.60112,0.0,0.77791,0.07184,-0.62425,0.0,0.0,0.0,0.0,1.0,;
matrix_local;0.46778,-0.72954,0.49896,-0.0,-0.72954,0.0,0.68394,0.0,-0.49896,-0.68394,-0.53222,0.96032,0.0,0.0,0.0,1.0,;
3,migimomoBone,;
matrix;0.59433,0.47395,-0.64973,0.0,-0.64972,0.75909,-0.04059,0.0,0.47397,0.44626,0.75908,0.0,0.0,0.0,0.0,1.0,;
matrix_local;0.98849,-0.10942,0.10443,-0.09768,-0.10942,-0.04055,0.99317,0.0,-0.10443,-0.99317,-0.05205,0.86874,0.0,0.0,0.0,1.0,;
4,migisuneBone,;
matrix;0.99976,0.01036,-0.01945,0.0,-0.01188,0.99675,-0.07972,0.0,0.01856,0.07993,0.99663,0.0,0.0,0.0,0.0,1.0,;
matrix_local;0.99149,-0.09047,0.09358,-0.13737,-0.09047,0.03783,0.99518,-0.01471,-0.09358,-0.99518,0.02933,0.50852,0.0,0.0,0.0,1.0,;
5,migiasiBone,;
matrix;0.99149,0.09358,-0.09047,0.0,-0.09047,0.99518,0.03784,0.0,0.09358,-0.02933,0.99518,0.0,0.0,0.0,0.0,1.0,;
matrix_local;1.0,-0.0,-0.0,-0.17254,0.0,-0.0,1.0,-0.0,0.0,-1.0,-0.0,0.12169,0.0,0.0,0.0,1.0,;
6,migifootBone,;
matrix;-0.96156,-0.17742,0.20958,0.0,-0.21574,0.01598,-0.97632,0.0,0.16987,-0.984,-0.05364,0.0,0.0,0.0,0.0,1.0,;
matrix_local;-0.96156,-0.17742,0.20958,-0.17254,0.16987,-0.98401,-0.05364,-0.0,0.21574,-0.01598,0.97632,0.0074,0.0,0.0,0.0,1.0,;
7,hidarikosiBone,;
matrix;-0.53614,-0.65201,0.53614,0.0,-0.38421,0.75402,0.53276,0.0,-0.75162,0.07964,-0.65477,0.0,0.0,0.0,0.0,1.0,;
matrix_local;0.53614,0.65201,-0.53614,-0.0,0.70711,0.0,0.70711,0.0,0.46104,-0.75821,-0.46104,0.96032,0.0,0.0,0.0,1.0,;
8,Bone.009,;
matrix;-0.55527,0.68572,0.4706,0.0,-0.43369,0.24409,-0.86737,0.0,-0.70964,-0.68572,0.16185,0.0,0.0,0.0,0.0,1.0,;
matrix_local;-0.2,0.89443,-0.4,0.0937,-0.89443,-0.0,0.44721,0.0,0.4,0.44721,0.8,0.85135,0.0,0.0,0.0,1.0,;
9,hidarimomoBone,;
matrix;-0.69116,-0.41298,-0.59308,0.0,-0.5352,0.84395,0.03603,0.0,0.48565,0.34232,-0.80433,0.0,0.0,0.0,0.0,1.0,;
matrix_local;-0.97989,0.14531,0.13675,0.0937,-0.14531,-0.04996,-0.98812,0.0,-0.13675,-0.98812,0.07007,0.85135,0.0,0.0,0.0,1.0,;
10,hidarisuneBone,;
matrix;-0.99698,0.04594,-0.06263,0.0,0.05206,0.99364,-0.09985,0.0,0.05764,-0.10281,-0.99303,0.0,0.0,0.0,0.0,1.0,;
matrix_local;0.99238,0.08531,-0.08894,0.14457,0.08531,0.04527,0.99533,-0.01749,0.08894,-0.99532,0.03765,0.50539,0.0,0.0,0.0,1.0,;
11,hidariasiBone,;
matrix;0.99596,-0.06529,0.06162,0.0,0.06266,0.99707,0.04379,0.0,-0.0643,-0.03975,0.99714,0.0,0.0,0.0,0.0,1.0,;
matrix_local;0.99943,0.0238,-0.0238,0.17754,0.0238,0.0,0.99972,0.0,0.0238,-0.99972,-0.00057,0.12077,0.0,0.0,0.0,1.0,;
12,hidarifootBone,;
matrix;0.88624,0.29641,0.35597,0.0,-0.31221,-0.18546,0.93173,0.0,0.3422,-0.93688,-0.07182,0.0,0.0,0.0,0.0,1.0,;
matrix_local;0.87017,0.31412,0.37965,0.18009,0.36319,-0.92956,-0.06333,0.0,0.33302,0.193,-0.92296,0.01393,0.0,0.0,0.0,1.0,;
13,douueBone,;
matrix;0.99993,0.00733,0.00887,0.0,-0.00867,0.98662,0.16278,0.0,-0.00756,-0.16284,0.98662,0.0,0.0,0.0,0.0,1.0,;
matrix_local;0.99993,0.00733,0.00887,-0.0,0.00733,0.18876,-0.982,-0.0316,-0.00887,0.982,0.18869,1.25948,0.0,0.0,0.0,1.0,;
14,kubisitaBone,;
matrix;0.99438,0.0742,0.07551,0.0,-0.05832,0.97921,-0.19427,0.0,-0.08836,0.18878,0.97804,0.0,0.0,0.0,0.0,1.0,;
matrix_local;0.9931,0.08305,0.08276,0.00123,0.08305,-0.0,-0.99655,0.0,-0.08276,0.99655,-0.0069,1.42386,0.0,0.0,0.0,1.0,;
15,kubiBone,;
matrix;0.9879,-0.10956,-0.10978,0.0,0.1099,0.99394,-0.00297,0.0,0.10944,-0.00913,0.99395,0.0,0.0,0.0,0.0,1.0,;
matrix_local;0.99927,-0.02702,-0.02701,0.00613,-0.02702,-0.0,-0.99963,0.0,0.02701,0.99963,-0.00073,1.48274,0.0,0.0,0.0,1.0,;
16,atamaBone,;
matrix;-0.99963,0.01926,-0.01927,0.0,0.01927,0.99981,-0.00015,0.0,0.01926,-0.00052,-0.99981,0.0,0.0,0.0,0.0,1.0,;
matrix_local;-0.99994,-0.00775,0.00775,0.00437,0.00775,-0.0,0.99997,0.0,-0.00775,0.99997,6e-05,1.5481,0.0,0.0,0.0,1.0,;
17,migisakotuBone,;
matrix;-0.10359,-0.98468,0.14024,0.0,-0.31526,-0.10123,-0.94359,0.0,0.94334,-0.14196,-0.29994,0.0,0.0,0.0,0.0,1.0,;
matrix_local;-0.09752,-0.98662,0.13066,0.00123,-0.98662,0.11308,0.11746,0.0,-0.13066,-0.11745,-0.98445,1.42386,0.0,0.0,0.0,1.0,;
18,migiarmBone,;
matrix;0.99386,0.06413,-0.09022,0.0,-0.07039,0.9952,-0.06797,0.0,0.08542,0.0739,0.9936,0.0,0.0,0.0,0.0,1.0,;
matrix_local;-0.01631,-0.97848,0.20568,-0.10561,-0.97848,0.05794,0.19803,0.01224,-0.20568,-0.19803,-0.95837,1.41114,0.0,0.0,0.0,1.0,;
19,migiarm2Bone,;
matrix;-0.99043,0.08523,-0.10859,0.0,0.09748,0.9888,-0.11306,0.0,0.09773,-0.12256,-0.98764,0.0,0.0,0.0,0.0,1.0,;
matrix_local;-0.05912,-0.99412,-0.09074,-0.31929,0.99412,-0.05037,-0.09588,0.0249,0.09074,-0.09588,0.99125,1.36789,0.0,0.0,0.0,1.0,;
20,migihandJointBone,;
matrix;0.05912,0.07477,0.99545,0.0,0.99412,-0.09506,-0.0519,0.0,0.09074,0.99266,-0.07995,0.0,0.0,0.0,0.0,1.0,;
matrix_local;-1.0,0.0,0.0,-0.56095,0.0,-0.01606,0.99987,0.01265,0.0,0.99987,0.01606,1.34459,0.0,0.0,0.0,1.0,;
21,hidarisakotuBone,;
matrix;0.12828,0.97997,0.1523,0.0,-0.34264,-0.10032,0.93409,0.0,0.93066,-0.17202,0.32291,0.0,0.0,0.0,0.0,1.0,;
matrix_local;0.13402,0.97765,0.162,0.00123,-0.97765,0.15716,-0.13966,0.0,-0.162,-0.13966,0.97686,1.42386,0.0,0.0,0.0,1.0,;
22,hidariarmBone,;
matrix;0.98831,0.14686,0.04083,0.0,-0.14739,0.98902,0.01038,0.0,-0.03886,-0.01628,0.99911,0.0,0.0,0.0,0.0,1.0,;
matrix_local;-0.01794,0.98396,0.17748,0.10806,-0.98396,0.01413,-0.17782,0.01717,-0.17748,-0.17782,0.96793,1.4086,0.0,0.0,0.0,1.0,;
23,hidariarm2Bone,;
matrix;0.99764,-0.00267,-0.06863,0.0,-0.00251,0.99716,-0.07521,0.0,0.06864,0.0752,0.9948,0.0,0.0,0.0,0.0,1.0,;
matrix_local;-0.00818,0.99457,0.10379,0.31919,-0.99388,0.00335,-0.11043,0.02021,-0.11018,-0.10405,0.98845,1.37044,0.0,0.0,0.0,1.0,;
24,hidarihandJointBone,;
matrix;-0.00015,-0.11048,0.99388,0.0,0.99351,-0.11309,-0.01242,0.0,0.11377,0.98742,0.10978,0.0,0.0,0.0,0.0,1.0,;
matrix_local;0.99992,-0.00909,-0.00909,0.56232,-0.00909,0.00038,-0.99996,0.02103,0.00909,0.99996,0.0003,1.345,0.0,0.0,0.0,1.0,;
}
bone_layer{
doBone;
2;
  bone_layer{
  dousitaBone;
  2;
    bone_layer{
    migikosiBone;
    1;
      bone_layer{
      migimomoBone;
      1;
        bone_layer{
        migisuneBone;
        1;
          bone_layer{
          migiasiBone;
          1;
            bone_layer{
            migifootBone;
            0;
            }
          }
        }
      }
    }
    bone_layer{
    hidarikosiBone;
    2;
      bone_layer{
      Bone.009;
      0;
      }
      bone_layer{
      hidarimomoBone;
      1;
        bone_layer{
        hidarisuneBone;
        1;
          bone_layer{
          hidariasiBone;
          1;
            bone_layer{
            hidarifootBone;
            0;
            }
          }
        }
      }
    }
  }
  bone_layer{
  douueBone;
  3;
    bone_layer{
    kubisitaBone;
    1;
      bone_layer{
      kubiBone;
      1;
        bone_layer{
        atamaBone;
        0;
        }
      }
    }
    bone_layer{
    migisakotuBone;
    1;
      bone_layer{
      migiarmBone;
      1;
        bone_layer{
        migiarm2Bone;
        1;
          bone_layer{
          migihandJointBone;
          0;
          }
        }
      }
    }
    bone_layer{
    hidarisakotuBone;
    1;
      bone_layer{
      hidariarmBone;
      1;
        bone_layer{
        hidariarm2Bone;
        1;
          bone_layer{
          hidarihandJointBone;
          0;
          }
        }
      }
    }
  }
}
boneweights{
66;
0,1,16,1.00887,;
1,1,16,1.00895,;
2,1,16,1.00911,;
3,1,16,1.00932,;
4,1,16,1.00987,;
5,1,16,1.01022,;
6,1,16,1.01092,;
7,1,16,1.01098,;
8,1,16,1.01323,;
9,1,16,1.01559,;
10,1,16,1.01636,;
11,1,16,1.01672,;
12,1,16,1.01665,;
13,1,16,1.0167,;
14,1,16,1.01675,;
15,1,16,1.01653,;
16,1,16,1.01655,;
17,1,16,1.01584,;
18,1,16,1.01554,;
19,1,16,0.99413,;
20,1,16,0.99411,;
21,1,16,0.99409,;
22,1,16,0.99404,;
23,1,16,0.99396,;
24,1,16,0.99378,;
25,1,16,0.9937,;
26,1,16,0.99368,;
27,1,16,0.99369,;
28,1,16,0.99369,;
29,2,16,0.9518,15,0.03643,;
30,2,16,0.95189,15,0.03624,;
31,2,16,0.9507,15,0.0385,;
32,2,16,0.95085,15,0.03819,;
33,2,16,0.95216,15,0.03575,;
34,2,16,0.95211,15,0.03585,;
35,2,16,0.94946,15,0.04083,;
36,2,16,0.94908,15,0.04155,;
37,2,16,0.94689,15,0.04569,;
38,2,16,0.94489,15,0.04948,;
39,2,16,0.94364,15,0.05091,;
40,2,16,0.93854,15,0.05575,;
41,2,16,0.93724,15,0.05697,;
42,2,16,0.92743,15,0.06627,;
43,2,16,0.92066,15,0.07269,;
44,2,16,0.91903,15,0.07425,;
45,2,16,0.91298,15,0.08,;
46,2,16,0.90875,15,0.08404,;
47,2,16,0.90243,15,0.09004,;
48,2,16,0.90342,15,0.08912,;
49,2,16,0.89864,15,0.09373,;
50,2,16,0.8986,15,0.09362,;
51,2,16,0.89529,15,0.09698,;
52,2,16,0.89546,15,0.09666,;
53,2,16,0.89252,15,0.0997,;
54,2,16,0.89326,15,0.09894,;
55,2,16,0.8953,15,0.09684,;
56,2,16,0.89598,15,0.09619,;
57,1,16,1.00091,;
58,1,16,1.00091,;
59,1,16,1.00091,;
60,1,16,1.00091,;
61,1,16,1.00091,;
62,1,16,1.00091,;
63,1,16,1.00091,;
64,1,16,1.00091,;
65,1,16,1.00091,;
}
