animsets{
10;
anim{
boosterBone;
keys{
26;
0.0;
matrix;0.99984,-0.01266,-0.01266,0.00435,-0.01266,0.0,-0.99992,0.30353,0.01266,0.99992,-0.00016,-0.00093,0.0,0.0,0.0,1.0,;
matrix_basis;1.0,0.0,0.0,0.0,0.0,1.0,0.0,0.0,0.0,0.0,1.0,0.0,0.0,0.0,0.0,1.0,;
65.0;
matrix;0.99984,-0.01266,-0.01266,0.00435,-0.01266,0.0,-0.99992,0.30353,0.01266,0.99992,-0.00016,-0.00093,0.0,0.0,0.0,1.0,;
matrix_basis;1.0,0.0,0.0,0.0,0.0,1.0,0.0,0.0,0.0,0.0,1.0,0.0,0.0,0.0,0.0,1.0,;
70.0;
matrix;0.99984,-0.01266,-0.01266,0.00435,-0.01266,0.0,-0.99992,0.30353,0.01266,0.99992,-0.00016,-0.00093,0.0,0.0,0.0,1.0,;
matrix_basis;1.0,0.0,0.0,0.0,0.0,1.0,0.0,0.0,0.0,0.0,1.0,0.0,0.0,0.0,0.0,1.0,;
10.0;
matrix;0.99984,-0.01266,-0.01266,0.00435,-0.01266,0.0,-0.99992,0.30353,0.01266,0.99992,-0.00016,-0.00093,0.0,0.0,0.0,1.0,;
matrix_basis;1.0,0.0,0.0,0.0,0.0,1.0,0.0,0.0,0.0,0.0,1.0,0.0,0.0,0.0,0.0,1.0,;
75.0;
matrix;0.99984,-0.01266,-0.01266,0.00435,-0.01266,0.0,-0.99992,0.30353,0.01266,0.99992,-0.00016,-0.00093,0.0,0.0,0.0,1.0,;
matrix_basis;1.0,0.0,0.0,0.0,0.0,1.0,0.0,0.0,0.0,0.0,1.0,0.0,0.0,0.0,0.0,1.0,;
15.0;
matrix;0.99984,-0.01266,-0.01266,0.00435,-0.01266,0.0,-0.99992,0.30353,0.01266,0.99992,-0.00016,-0.00093,0.0,0.0,0.0,1.0,;
matrix_basis;1.0,0.0,0.0,0.0,0.0,1.0,0.0,0.0,0.0,0.0,1.0,0.0,0.0,0.0,0.0,1.0,;
80.0;
matrix;0.99984,-0.01266,-0.01266,0.00435,-0.01266,0.0,-0.99992,0.30353,0.01266,0.99992,-0.00016,-0.00093,0.0,0.0,0.0,1.0,;
matrix_basis;1.0,0.0,0.0,0.0,0.0,1.0,0.0,0.0,0.0,0.0,1.0,0.0,0.0,0.0,0.0,1.0,;
20.0;
matrix;0.99984,-0.01266,-0.01266,0.00435,-0.01266,0.0,-0.99992,0.30353,0.01266,0.99992,-0.00016,-0.00093,0.0,0.0,0.0,1.0,;
matrix_basis;1.0,0.0,0.0,0.0,0.0,1.0,0.0,0.0,0.0,0.0,1.0,0.0,0.0,0.0,0.0,1.0,;
85.0;
matrix;0.99984,-0.01266,-0.01266,0.00435,-0.01266,0.0,-0.99992,0.30353,0.01266,0.99992,-0.00016,-0.00093,0.0,0.0,0.0,1.0,;
matrix_basis;1.0,0.0,0.0,0.0,0.0,1.0,0.0,0.0,0.0,0.0,1.0,0.0,0.0,0.0,0.0,1.0,;
25.0;
matrix;0.99984,-0.01266,-0.01266,0.00435,-0.01266,0.0,-0.99992,0.30353,0.01266,0.99992,-0.00016,-0.00093,0.0,0.0,0.0,1.0,;
matrix_basis;1.0,0.0,0.0,0.0,0.0,1.0,0.0,0.0,0.0,0.0,1.0,0.0,0.0,0.0,0.0,1.0,;
90.0;
matrix;0.99984,-0.01266,-0.01266,0.00435,-0.01266,0.0,-0.99992,0.30353,0.01266,0.99992,-0.00016,-0.00093,0.0,0.0,0.0,1.0,;
matrix_basis;1.0,0.0,0.0,0.0,0.0,1.0,0.0,0.0,0.0,0.0,1.0,0.0,0.0,0.0,0.0,1.0,;
30.0;
matrix;0.99984,-0.01266,-0.01266,0.00435,-0.01266,0.0,-0.99992,0.30353,0.01266,0.99992,-0.00016,-0.00093,0.0,0.0,0.0,1.0,;
matrix_basis;1.0,0.0,0.0,0.0,0.0,1.0,0.0,0.0,0.0,0.0,1.0,0.0,0.0,0.0,0.0,1.0,;
95.0;
matrix;0.99984,-0.01266,-0.01266,0.00435,-0.01266,0.0,-0.99992,0.30353,0.01266,0.99992,-0.00016,-0.00093,0.0,0.0,0.0,1.0,;
matrix_basis;1.0,0.0,0.0,0.0,0.0,1.0,0.0,0.0,0.0,0.0,1.0,0.0,0.0,0.0,0.0,1.0,;
35.0;
matrix;0.99984,-0.01266,-0.01266,0.00435,-0.01266,0.0,-0.99992,0.30353,0.01266,0.99992,-0.00016,-0.00093,0.0,0.0,0.0,1.0,;
matrix_basis;1.0,0.0,0.0,0.0,0.0,1.0,0.0,0.0,0.0,0.0,1.0,0.0,0.0,0.0,0.0,1.0,;
100.0;
matrix;0.99984,-0.01266,-0.01266,0.00435,-0.01266,0.0,-0.99992,0.30353,0.01266,0.99992,-0.00016,-0.00093,0.0,0.0,0.0,1.0,;
matrix_basis;1.0,0.0,0.0,0.0,0.0,1.0,0.0,0.0,0.0,0.0,1.0,0.0,0.0,0.0,0.0,1.0,;
40.0;
matrix;0.99984,-0.01266,-0.01266,0.00435,-0.01266,0.0,-0.99992,0.30353,0.01266,0.99992,-0.00016,-0.00093,0.0,0.0,0.0,1.0,;
matrix_basis;1.0,0.0,0.0,0.0,0.0,1.0,0.0,0.0,0.0,0.0,1.0,0.0,0.0,0.0,0.0,1.0,;
105.0;
matrix;0.99984,-0.01266,-0.01266,0.00435,-0.01266,0.0,-0.99992,0.30353,0.01266,0.99992,-0.00016,-0.00093,0.0,0.0,0.0,1.0,;
matrix_basis;1.0,0.0,0.0,0.0,0.0,1.0,0.0,0.0,0.0,0.0,1.0,0.0,0.0,0.0,0.0,1.0,;
106.0;
matrix;0.99984,-0.01266,-0.01266,0.00435,-0.01266,0.0,-0.99992,0.30353,0.01266,0.99992,-0.00016,-0.00093,0.0,0.0,0.0,1.0,;
matrix_basis;1.0,0.0,0.0,0.0,0.0,1.0,0.0,0.0,0.0,0.0,1.0,0.0,0.0,0.0,0.0,1.0,;
107.0;
matrix;0.99984,-0.01266,-0.01266,0.00435,-0.01266,0.0,-0.99992,0.30353,0.01266,0.99992,-0.00016,-0.00093,0.0,0.0,0.0,1.0,;
matrix_basis;1.0,0.0,0.0,0.0,0.0,1.0,0.0,0.0,0.0,0.0,1.0,0.0,0.0,0.0,0.0,1.0,;
45.0;
matrix;0.99984,-0.01266,-0.01266,0.00435,-0.01266,0.0,-0.99992,0.30353,0.01266,0.99992,-0.00016,-0.00093,0.0,0.0,0.0,1.0,;
matrix_basis;1.0,0.0,0.0,0.0,0.0,1.0,0.0,0.0,0.0,0.0,1.0,0.0,0.0,0.0,0.0,1.0,;
110.0;
matrix;0.99984,-0.01266,-0.01266,0.00435,-0.01266,0.0,-0.99992,0.30353,0.01266,0.99992,-0.00016,-0.00093,0.0,0.0,0.0,1.0,;
matrix_basis;1.0,0.0,0.0,0.0,0.0,1.0,0.0,0.0,0.0,0.0,1.0,0.0,0.0,0.0,0.0,1.0,;
113.0;
matrix;0.99984,-0.01266,-0.01266,0.00435,-0.01266,0.0,-0.99992,0.30353,0.01266,0.99992,-0.00016,-0.00093,0.0,0.0,0.0,1.0,;
matrix_basis;1.0,0.0,0.0,0.0,0.0,1.0,0.0,0.0,0.0,0.0,1.0,0.0,0.0,0.0,0.0,1.0,;
50.0;
matrix;0.99984,-0.01266,-0.01266,0.00435,-0.01266,0.0,-0.99992,0.30353,0.01266,0.99992,-0.00016,-0.00093,0.0,0.0,0.0,1.0,;
matrix_basis;1.0,0.0,0.0,0.0,0.0,1.0,0.0,0.0,0.0,0.0,1.0,0.0,0.0,0.0,0.0,1.0,;
115.0;
matrix;0.99984,-0.01266,-0.01266,0.00435,-0.01266,0.0,-0.99992,0.30353,0.01266,0.99992,-0.00016,-0.00093,0.0,0.0,0.0,1.0,;
matrix_basis;1.0,0.0,0.0,0.0,0.0,1.0,0.0,0.0,0.0,0.0,1.0,0.0,0.0,0.0,0.0,1.0,;
55.0;
matrix;0.99984,-0.01266,-0.01266,0.00435,-0.01266,0.0,-0.99992,0.30353,0.01266,0.99992,-0.00016,-0.00093,0.0,0.0,0.0,1.0,;
matrix_basis;1.0,0.0,0.0,0.0,0.0,1.0,0.0,0.0,0.0,0.0,1.0,0.0,0.0,0.0,0.0,1.0,;
60.0;
matrix;0.99984,-0.01266,-0.01266,0.00435,-0.01266,0.0,-0.99992,0.30353,0.01266,0.99992,-0.00016,-0.00093,0.0,0.0,0.0,1.0,;
matrix_basis;1.0,0.0,0.0,0.0,0.0,1.0,0.0,0.0,0.0,0.0,1.0,0.0,0.0,0.0,0.0,1.0,;
}
}
anim{
doBone;
keys{
26;
0.0;
matrix;1.0,0.0,0.0,0.0,0.0,0.0,-1.0,0.0,0.0,1.0,0.0,0.0,0.0,0.0,0.0,1.0,;
matrix_basis;1.0,0.0,0.0,0.0,0.0,1.0,0.0,0.0,0.0,0.0,1.0,0.0,0.0,0.0,0.0,1.0,;
65.0;
matrix;1.0,0.0,0.0,0.0,0.0,0.0,-1.0,0.0,0.0,1.0,0.0,0.0,0.0,0.0,0.0,1.0,;
matrix_basis;1.0,0.0,0.0,0.0,0.0,1.0,0.0,0.0,0.0,0.0,1.0,0.0,0.0,0.0,0.0,1.0,;
70.0;
matrix;1.0,0.0,0.0,0.0,0.0,0.0,-1.0,0.0,0.0,1.0,0.0,0.0,0.0,0.0,0.0,1.0,;
matrix_basis;1.0,0.0,0.0,0.0,0.0,1.0,0.0,0.0,0.0,0.0,1.0,0.0,0.0,0.0,0.0,1.0,;
10.0;
matrix;1.0,0.0,0.0,0.0,0.0,0.0,-1.0,0.0,0.0,1.0,0.0,0.0,0.0,0.0,0.0,1.0,;
matrix_basis;1.0,0.0,0.0,0.0,0.0,1.0,0.0,0.0,0.0,0.0,1.0,0.0,0.0,0.0,0.0,1.0,;
75.0;
matrix;1.0,0.0,0.0,0.0,0.0,0.0,-1.0,0.0,0.0,1.0,0.0,0.0,0.0,0.0,0.0,1.0,;
matrix_basis;1.0,0.0,0.0,0.0,0.0,1.0,0.0,0.0,0.0,0.0,1.0,0.0,0.0,0.0,0.0,1.0,;
15.0;
matrix;1.0,0.0,0.0,0.0,0.0,0.0,-1.0,0.0,0.0,1.0,0.0,0.0,0.0,0.0,0.0,1.0,;
matrix_basis;1.0,0.0,0.0,0.0,0.0,1.0,0.0,0.0,0.0,0.0,1.0,0.0,0.0,0.0,0.0,1.0,;
80.0;
matrix;1.0,0.0,0.0,0.0,0.0,0.0,-1.0,0.0,0.0,1.0,0.0,0.0,0.0,0.0,0.0,1.0,;
matrix_basis;1.0,0.0,0.0,0.0,0.0,1.0,0.0,0.0,0.0,0.0,1.0,0.0,0.0,0.0,0.0,1.0,;
20.0;
matrix;1.0,0.0,0.0,0.0,0.0,0.0,-1.0,0.0,0.0,1.0,0.0,0.0,0.0,0.0,0.0,1.0,;
matrix_basis;1.0,0.0,0.0,0.0,0.0,1.0,0.0,0.0,0.0,0.0,1.0,0.0,0.0,0.0,0.0,1.0,;
85.0;
matrix;1.0,0.0,0.0,0.0,0.0,0.0,-1.0,0.0,0.0,1.0,0.0,0.0,0.0,0.0,0.0,1.0,;
matrix_basis;1.0,0.0,0.0,0.0,0.0,1.0,0.0,0.0,0.0,0.0,1.0,0.0,0.0,0.0,0.0,1.0,;
25.0;
matrix;1.0,0.0,0.0,0.0,0.0,0.0,-1.0,0.0,0.0,1.0,0.0,0.0,0.0,0.0,0.0,1.0,;
matrix_basis;1.0,0.0,0.0,0.0,0.0,1.0,0.0,0.0,0.0,0.0,1.0,0.0,0.0,0.0,0.0,1.0,;
90.0;
matrix;1.0,0.0,0.0,0.0,0.0,0.0,-1.0,0.0,0.0,1.0,0.0,0.0,0.0,0.0,0.0,1.0,;
matrix_basis;1.0,0.0,0.0,0.0,0.0,1.0,0.0,0.0,0.0,0.0,1.0,0.0,0.0,0.0,0.0,1.0,;
30.0;
matrix;1.0,0.0,0.0,0.0,0.0,0.0,-1.0,0.0,0.0,1.0,0.0,0.0,0.0,0.0,0.0,1.0,;
matrix_basis;1.0,0.0,0.0,0.0,0.0,1.0,0.0,0.0,0.0,0.0,1.0,0.0,0.0,0.0,0.0,1.0,;
95.0;
matrix;1.0,0.0,0.0,0.0,0.0,0.0,-1.0,0.0,0.0,1.0,0.0,0.0,0.0,0.0,0.0,1.0,;
matrix_basis;1.0,0.0,0.0,0.0,0.0,1.0,0.0,0.0,0.0,0.0,1.0,0.0,0.0,0.0,0.0,1.0,;
35.0;
matrix;1.0,0.0,0.0,0.0,0.0,0.0,-1.0,0.0,0.0,1.0,0.0,0.0,0.0,0.0,0.0,1.0,;
matrix_basis;1.0,0.0,0.0,0.0,0.0,1.0,0.0,0.0,0.0,0.0,1.0,0.0,0.0,0.0,0.0,1.0,;
100.0;
matrix;1.0,0.0,0.0,0.0,0.0,0.0,-1.0,0.0,0.0,1.0,0.0,0.0,0.0,0.0,0.0,1.0,;
matrix_basis;1.0,0.0,0.0,0.0,0.0,1.0,0.0,0.0,0.0,0.0,1.0,0.0,0.0,0.0,0.0,1.0,;
40.0;
matrix;1.0,0.0,0.0,0.0,0.0,0.0,-1.0,0.0,0.0,1.0,0.0,0.0,0.0,0.0,0.0,1.0,;
matrix_basis;1.0,0.0,0.0,0.0,0.0,1.0,0.0,0.0,0.0,0.0,1.0,0.0,0.0,0.0,0.0,1.0,;
105.0;
matrix;1.0,0.0,0.0,0.0,0.0,0.0,-1.0,0.0,0.0,1.0,0.0,0.0,0.0,0.0,0.0,1.0,;
matrix_basis;1.0,0.0,0.0,0.0,0.0,1.0,0.0,0.0,0.0,0.0,1.0,0.0,0.0,0.0,0.0,1.0,;
106.0;
matrix;1.0,0.0,0.0,0.0,0.0,0.0,-1.0,0.0,0.0,1.0,0.0,0.0,0.0,0.0,0.0,1.0,;
matrix_basis;1.0,0.0,0.0,0.0,0.0,1.0,0.0,0.0,0.0,0.0,1.0,0.0,0.0,0.0,0.0,1.0,;
107.0;
matrix;1.0,0.0,0.0,0.0,0.0,0.0,-1.0,0.0,0.0,1.0,0.0,0.0,0.0,0.0,0.0,1.0,;
matrix_basis;1.0,0.0,0.0,0.0,0.0,1.0,0.0,0.0,0.0,0.0,1.0,0.0,0.0,0.0,0.0,1.0,;
45.0;
matrix;1.0,0.0,0.0,0.0,0.0,0.0,-1.0,0.0,0.0,1.0,0.0,0.0,0.0,0.0,0.0,1.0,;
matrix_basis;1.0,0.0,0.0,0.0,0.0,1.0,0.0,0.0,0.0,0.0,1.0,0.0,0.0,0.0,0.0,1.0,;
110.0;
matrix;1.0,0.0,0.0,0.0,0.0,0.0,-1.0,0.0,0.0,1.0,0.0,0.0,0.0,0.0,0.0,1.0,;
matrix_basis;1.0,0.0,0.0,0.0,0.0,1.0,0.0,0.0,0.0,0.0,1.0,0.0,0.0,0.0,0.0,1.0,;
113.0;
matrix;1.0,0.0,0.0,0.0,0.0,0.0,-1.0,0.0,0.0,1.0,0.0,0.0,0.0,0.0,0.0,1.0,;
matrix_basis;1.0,0.0,0.0,0.0,0.0,1.0,0.0,0.0,0.0,0.0,1.0,0.0,0.0,0.0,0.0,1.0,;
50.0;
matrix;1.0,0.0,0.0,0.0,0.0,0.0,-1.0,0.0,0.0,1.0,0.0,0.0,0.0,0.0,0.0,1.0,;
matrix_basis;1.0,0.0,0.0,0.0,0.0,1.0,0.0,0.0,0.0,0.0,1.0,0.0,0.0,0.0,0.0,1.0,;
115.0;
matrix;1.0,0.0,0.0,0.0,0.0,0.0,-1.0,0.0,0.0,1.0,0.0,0.0,0.0,0.0,0.0,1.0,;
matrix_basis;1.0,0.0,0.0,0.0,0.0,1.0,0.0,0.0,0.0,0.0,1.0,0.0,0.0,0.0,0.0,1.0,;
55.0;
matrix;1.0,0.0,0.0,0.0,0.0,0.0,-1.0,0.0,0.0,1.0,0.0,0.0,0.0,0.0,0.0,1.0,;
matrix_basis;1.0,0.0,0.0,0.0,0.0,1.0,0.0,0.0,0.0,0.0,1.0,0.0,0.0,0.0,0.0,1.0,;
60.0;
matrix;1.0,0.0,0.0,0.0,0.0,0.0,-1.0,0.0,0.0,1.0,0.0,0.0,0.0,0.0,0.0,1.0,;
matrix_basis;1.0,0.0,0.0,0.0,0.0,1.0,0.0,0.0,0.0,0.0,1.0,0.0,0.0,0.0,0.0,1.0,;
}
}
anim{
leftLegmaeBone;
keys{
26;
0.0;
matrix;-0.00311,0.99845,0.05564,0.00435,-0.99845,0.0,-0.05573,0.0,-0.05564,-0.05573,0.99689,0.00027,0.0,0.0,0.0,1.0,;
matrix_basis;1.0,0.0,0.0,0.0,0.0,1.0,0.0,0.0,0.0,0.0,1.0,0.0,0.0,0.0,0.0,1.0,;
65.0;
matrix;-0.00311,0.99845,0.05564,0.00435,-0.99845,0.0,-0.05573,0.0,-0.05564,-0.05573,0.99689,0.00027,0.0,0.0,0.0,1.0,;
matrix_basis;1.0,-0.0,0.0,0.0,0.0,1.0,0.0,0.0,0.0,0.0,1.0,0.0,0.0,0.0,0.0,1.0,;
70.0;
matrix;-0.00311,0.99845,0.05564,0.00435,-0.99845,0.0,-0.05573,0.0,-0.05564,-0.05573,0.99689,0.00027,0.0,0.0,0.0,1.0,;
matrix_basis;1.0,-0.0,0.0,0.0,0.0,1.0,0.0,0.0,0.0,0.0,1.0,0.0,0.0,0.0,0.0,1.0,;
10.0;
matrix;-0.00311,0.99845,0.05564,0.00435,-0.99845,0.0,-0.05573,0.0,-0.05564,-0.05573,0.99689,0.00027,0.0,0.0,0.0,1.0,;
matrix_basis;1.0,-0.0,0.0,0.0,0.0,1.0,0.0,0.0,0.0,0.0,1.0,0.0,0.0,0.0,0.0,1.0,;
75.0;
matrix;-0.00311,0.99845,0.05564,0.00435,-0.99845,0.0,-0.05573,0.0,-0.05564,-0.05573,0.99689,0.00027,0.0,0.0,0.0,1.0,;
matrix_basis;1.0,-0.0,0.0,0.0,0.0,1.0,0.0,0.0,0.0,0.0,1.0,0.0,0.0,0.0,0.0,1.0,;
15.0;
matrix;-0.00311,0.99845,0.05564,0.00435,-0.99845,0.0,-0.05573,0.0,-0.05564,-0.05573,0.99689,0.00027,0.0,0.0,0.0,1.0,;
matrix_basis;1.0,-0.0,0.0,0.0,0.0,1.0,0.0,0.0,0.0,0.0,1.0,0.0,0.0,0.0,0.0,1.0,;
80.0;
matrix;-0.00311,0.99845,0.05564,0.00435,-0.99845,0.0,-0.05573,0.0,-0.05564,-0.05573,0.99689,0.00027,0.0,0.0,0.0,1.0,;
matrix_basis;1.0,-0.0,0.0,0.0,0.0,1.0,0.0,0.0,0.0,0.0,1.0,0.0,0.0,0.0,0.0,1.0,;
20.0;
matrix;-0.00311,0.99845,0.05564,0.00435,-0.99845,0.0,-0.05573,0.0,-0.05564,-0.05573,0.99689,0.00027,0.0,0.0,0.0,1.0,;
matrix_basis;1.0,-0.0,0.0,0.0,0.0,1.0,0.0,0.0,0.0,0.0,1.0,0.0,0.0,0.0,0.0,1.0,;
85.0;
matrix;-0.00311,0.99845,0.05564,0.00435,-0.99845,0.0,-0.05573,0.0,-0.05564,-0.05573,0.99689,0.00027,0.0,0.0,0.0,1.0,;
matrix_basis;1.0,-0.0,0.0,0.0,0.0,1.0,0.0,0.0,0.0,0.0,1.0,0.0,0.0,0.0,0.0,1.0,;
25.0;
matrix;-0.00311,0.99845,0.05564,0.00435,-0.99845,0.0,-0.05573,0.0,-0.05564,-0.05573,0.99689,0.00027,0.0,0.0,0.0,1.0,;
matrix_basis;1.0,-0.0,0.0,0.0,0.0,1.0,0.0,0.0,0.0,0.0,1.0,0.0,0.0,0.0,0.0,1.0,;
90.0;
matrix;-0.00311,0.99845,0.05564,0.00435,-0.99845,0.0,-0.05573,0.0,-0.05564,-0.05573,0.99689,0.00027,0.0,0.0,0.0,1.0,;
matrix_basis;1.0,-0.0,0.0,0.0,0.0,1.0,0.0,0.0,0.0,0.0,1.0,0.0,0.0,0.0,0.0,1.0,;
30.0;
matrix;-0.00311,0.99845,0.05564,0.00435,-0.99845,0.0,-0.05573,0.0,-0.05564,-0.05573,0.99689,0.00027,0.0,0.0,0.0,1.0,;
matrix_basis;1.0,-0.0,0.0,0.0,0.0,1.0,0.0,0.0,0.0,0.0,1.0,0.0,0.0,0.0,0.0,1.0,;
95.0;
matrix;-0.00311,0.99845,0.05564,0.00435,-0.99845,0.0,-0.05573,0.0,-0.05564,-0.05573,0.99689,0.00027,0.0,0.0,0.0,1.0,;
matrix_basis;1.0,-0.0,0.0,0.0,0.0,1.0,0.0,0.0,0.0,0.0,1.0,0.0,0.0,0.0,0.0,1.0,;
35.0;
matrix;-0.00311,0.99845,0.05564,0.00435,-0.99845,0.0,-0.05573,0.0,-0.05564,-0.05573,0.99689,0.00027,0.0,0.0,0.0,1.0,;
matrix_basis;1.0,-0.0,0.0,0.0,0.0,1.0,0.0,0.0,0.0,0.0,1.0,0.0,0.0,0.0,0.0,1.0,;
100.0;
matrix;-0.00311,0.99845,0.05564,0.00435,-0.99845,0.0,-0.05573,0.0,-0.05564,-0.05573,0.99689,0.00027,0.0,0.0,0.0,1.0,;
matrix_basis;1.0,-0.0,0.0,0.0,0.0,1.0,0.0,0.0,0.0,0.0,1.0,0.0,0.0,0.0,0.0,1.0,;
40.0;
matrix;-0.00311,0.99845,0.05564,0.00435,-0.99845,0.0,-0.05573,0.0,-0.05564,-0.05573,0.99689,0.00027,0.0,0.0,0.0,1.0,;
matrix_basis;1.0,-0.0,0.0,0.0,0.0,1.0,0.0,0.0,0.0,0.0,1.0,0.0,0.0,0.0,0.0,1.0,;
105.0;
matrix;-0.00311,0.99845,0.05564,0.00435,-0.99845,0.0,-0.05573,0.0,-0.05564,-0.05573,0.99689,0.00027,0.0,0.0,0.0,1.0,;
matrix_basis;1.0,-0.0,0.0,0.0,0.0,1.0,0.0,0.0,0.0,0.0,1.0,0.0,0.0,0.0,0.0,1.0,;
106.0;
matrix;-0.00311,0.99845,0.05564,0.00435,-0.99845,0.0,-0.05573,0.0,-0.05564,-0.05573,0.99689,0.00027,0.0,0.0,0.0,1.0,;
matrix_basis;1.0,-0.0,0.0,0.0,0.0,1.0,0.0,0.0,0.0,0.0,1.0,0.0,0.0,0.0,0.0,1.0,;
107.0;
matrix;-0.00311,0.99845,0.05564,0.00435,-0.99845,0.0,-0.05573,0.0,-0.05564,-0.05573,0.99689,0.00027,0.0,0.0,0.0,1.0,;
matrix_basis;1.0,-0.0,0.0,0.0,0.0,1.0,0.0,0.0,0.0,0.0,1.0,0.0,0.0,0.0,0.0,1.0,;
45.0;
matrix;-0.00311,0.99845,0.05564,0.00435,-0.99845,0.0,-0.05573,0.0,-0.05564,-0.05573,0.99689,0.00027,0.0,0.0,0.0,1.0,;
matrix_basis;1.0,-0.0,0.0,0.0,0.0,1.0,0.0,0.0,0.0,0.0,1.0,0.0,0.0,0.0,0.0,1.0,;
110.0;
matrix;-0.00311,0.99845,0.05564,0.00435,-0.99845,0.0,-0.05573,0.0,-0.05564,-0.05573,0.99689,0.00027,0.0,0.0,0.0,1.0,;
matrix_basis;1.0,-0.0,0.0,0.0,0.0,1.0,0.0,0.0,0.0,0.0,1.0,0.0,0.0,0.0,0.0,1.0,;
113.0;
matrix;-0.00311,0.99845,0.05564,0.00435,-0.99845,0.0,-0.05573,0.0,-0.05564,-0.05573,0.99689,0.00027,0.0,0.0,0.0,1.0,;
matrix_basis;1.0,-0.0,0.0,0.0,0.0,1.0,0.0,0.0,0.0,0.0,1.0,0.0,0.0,0.0,0.0,1.0,;
50.0;
matrix;-0.00311,0.99845,0.05564,0.00435,-0.99845,0.0,-0.05573,0.0,-0.05564,-0.05573,0.99689,0.00027,0.0,0.0,0.0,1.0,;
matrix_basis;1.0,-0.0,0.0,0.0,0.0,1.0,0.0,0.0,0.0,0.0,1.0,0.0,0.0,0.0,0.0,1.0,;
115.0;
matrix;-0.00311,0.99845,0.05564,0.00435,-0.99845,0.0,-0.05573,0.0,-0.05564,-0.05573,0.99689,0.00027,0.0,0.0,0.0,1.0,;
matrix_basis;1.0,-0.0,0.0,0.0,0.0,1.0,0.0,0.0,0.0,0.0,1.0,0.0,0.0,0.0,0.0,1.0,;
55.0;
matrix;-0.00311,0.99845,0.05564,0.00435,-0.99845,0.0,-0.05573,0.0,-0.05564,-0.05573,0.99689,0.00027,0.0,0.0,0.0,1.0,;
matrix_basis;1.0,-0.0,0.0,0.0,0.0,1.0,0.0,0.0,0.0,0.0,1.0,0.0,0.0,0.0,0.0,1.0,;
60.0;
matrix;-0.00311,0.99845,0.05564,0.00435,-0.99845,0.0,-0.05573,0.0,-0.05564,-0.05573,0.99689,0.00027,0.0,0.0,0.0,1.0,;
matrix_basis;1.0,-0.0,0.0,0.0,0.0,1.0,0.0,0.0,0.0,0.0,1.0,0.0,0.0,0.0,0.0,1.0,;
}
}
anim{
leftLegUpBone;
keys{
26;
0.0;
matrix;0.99956,0.00604,0.02918,0.21751,-0.02918,-0.00011,0.99957,0.0,0.00604,-0.99998,7e-05,-0.01163,0.0,0.0,0.0,1.0,;
matrix_basis;0.99971,0.02411,-1e-05,0.0,-0.02411,0.99971,-0.0006,0.0,-1e-05,0.0006,1.0,0.0,0.0,0.0,0.0,1.0,;
65.0;
matrix;0.47345,0.39982,-0.78485,0.21751,0.86351,-0.03491,0.50312,0.0,0.17376,-0.91593,-0.36178,-0.01163,0.0,0.0,0.0,1.0,;
matrix_basis;0.44483,0.41716,-0.79253,0.0,-0.18229,0.90855,0.37591,0.0,0.87687,-0.02275,0.48019,0.0,0.0,0.0,0.0,1.0,;
70.0;
matrix;0.98334,0.15691,0.09174,0.21751,-0.02903,-0.36264,0.93148,0.0,0.17942,-0.91863,-0.35204,-0.01163,0.0,0.0,0.0,1.0,;
matrix_basis;0.98037,0.184,0.07086,0.0,-0.19717,0.91564,0.35033,0.0,-0.00042,-0.35742,0.93394,0.0,0.0,0.0,0.0,1.0,;
10.0;
matrix;0.98443,0.15577,0.08148,0.21751,-0.15553,0.55568,0.81672,0.0,0.08195,-0.81668,0.57125,-0.01163,0.0,0.0,0.0,1.0,;
matrix_basis;0.9869,0.15423,0.04727,0.0,-0.09973,0.81373,-0.57263,0.0,-0.12678,0.56042,0.81845,0.0,0.0,0.0,0.0,1.0,;
75.0;
matrix;0.98443,0.15577,0.08148,0.21751,-0.15553,0.55568,0.81672,0.0,0.08195,-0.81668,0.57125,-0.01163,0.0,0.0,0.0,1.0,;
matrix_basis;0.9869,0.15423,0.04727,0.0,-0.09973,0.81373,-0.57263,0.0,-0.12678,0.56042,0.81845,0.0,0.0,0.0,0.0,1.0,;
15.0;
matrix;0.9836,0.15767,0.08759,0.21751,-0.08982,0.00705,0.99593,0.0,0.15641,-0.98747,0.0211,-0.01163,0.0,0.0,0.0,1.0,;
matrix_basis;0.98281,0.17522,0.05809,0.0,-0.17417,0.98445,-0.02268,0.0,-0.06116,0.01217,0.99805,0.0,0.0,0.0,0.0,1.0,;
80.0;
matrix;0.99347,0.09622,0.06131,0.21751,-0.08481,0.26337,0.96096,0.0,0.07632,-0.95988,0.26981,-0.01163,0.0,0.0,0.0,1.0,;
matrix_basis;0.99398,0.10583,0.02835,0.0,-0.09427,0.95799,-0.27087,0.0,-0.05582,0.26657,0.9622,0.0,0.0,0.0,0.0,1.0,;
20.0;
matrix;0.98443,0.15577,0.08148,0.21751,-0.15553,0.55568,0.81672,0.0,0.08195,-0.81668,0.57125,-0.01163,0.0,0.0,0.0,1.0,;
matrix_basis;0.9869,0.15423,0.04727,0.0,-0.09973,0.81373,-0.57263,0.0,-0.12678,0.56042,0.81845,0.0,0.0,0.0,0.0,1.0,;
85.0;
matrix;0.99305,0.09586,0.06827,0.21751,-0.02903,-0.36264,0.93148,0.0,0.11405,-0.92699,-0.35733,-0.01163,0.0,0.0,0.0,1.0,;
matrix_basis;0.99125,0.12314,0.0475,0.0,-0.13199,0.9251,0.35604,0.0,-0.0001,-0.3592,0.93326,0.0,0.0,0.0,0.0,1.0,;
25.0;
matrix;0.98355,0.1522,0.09731,0.21751,0.08176,-0.85537,0.51153,0.0,0.16109,-0.49516,-0.85374,-0.01163,0.0,0.0,0.0,1.0,;
matrix_basis;0.97767,0.18603,0.09775,0.0,-0.17885,0.49233,0.85184,0.0,0.11034,-0.8503,0.5146,0.0,0.0,0.0,0.0,1.0,;
90.0;
matrix;0.8529,0.47697,0.21228,0.21751,-0.02903,-0.36264,0.93148,0.0,0.52127,-0.80062,-0.29545,-0.01163,0.0,0.0,0.0,1.0,;
matrix_basis;0.84382,0.50175,0.19031,0.0,-0.53661,0.79186,0.29156,0.0,-0.00441,-0.34814,0.93743,0.0,0.0,0.0,0.0,1.0,;
30.0;
matrix;0.98443,0.15577,0.08148,0.21751,-0.15553,0.55568,0.81672,0.0,0.08195,-0.81668,0.57125,-0.01163,0.0,0.0,0.0,1.0,;
matrix_basis;0.9869,0.15423,0.04727,0.0,-0.09973,0.81373,-0.57263,0.0,-0.12678,0.56042,0.81845,0.0,0.0,0.0,0.0,1.0,;
95.0;
matrix;0.99305,0.09586,0.06827,0.21751,-0.02903,-0.36264,0.93148,0.0,0.11405,-0.92699,-0.35733,-0.01163,0.0,0.0,0.0,1.0,;
matrix_basis;0.99125,0.12314,0.0475,0.0,-0.13199,0.9251,0.35604,0.0,-0.0001,-0.3592,0.93326,0.0,0.0,0.0,0.0,1.0,;
35.0;
matrix;0.98443,0.15577,0.08148,0.21751,-0.15553,0.55568,0.81672,0.0,0.08195,-0.81668,0.57125,-0.01163,0.0,0.0,0.0,1.0,;
matrix_basis;0.9869,0.15423,0.04727,0.0,-0.09973,0.81372,-0.57263,0.0,-0.12678,0.56042,0.81845,0.0,0.0,0.0,0.0,1.0,;
100.0;
matrix;0.78862,0.56428,0.24426,0.21751,-0.02903,-0.36264,0.93148,0.0,0.61419,-0.74167,-0.2696,-0.01163,0.0,0.0,0.0,1.0,;
matrix_basis;0.7779,0.58794,0.22181,0.0,-0.62835,0.73135,0.26514,0.0,-0.00633,-0.34563,0.93835,0.0,0.0,0.0,0.0,1.0,;
40.0;
matrix;0.98334,0.15691,0.09174,0.21751,-0.02903,-0.36264,0.93148,0.0,0.17942,-0.91863,-0.35204,-0.01163,0.0,0.0,0.0,1.0,;
matrix_basis;0.98037,0.184,0.07086,0.0,-0.19717,0.91564,0.35033,0.0,-0.00042,-0.35742,0.93394,0.0,0.0,0.0,0.0,1.0,;
105.0;
matrix;0.99305,0.09586,0.06827,0.21751,-0.02903,-0.36264,0.93148,0.0,0.11405,-0.92699,-0.35733,-0.01163,0.0,0.0,0.0,1.0,;
matrix_basis;0.99125,0.12314,0.0475,0.0,-0.13199,0.9251,0.35604,0.0,-0.0001,-0.3592,0.93326,0.0,0.0,0.0,0.0,1.0,;
106.0;
matrix;0.89711,0.4057,0.17491,0.21751,-0.41641,0.64422,0.64155,0.0,0.14759,-0.64838,0.74687,-0.01163,0.0,0.0,0.0,1.0,;
matrix_basis;0.90607,0.39838,0.14259,0.0,-0.16379,0.64094,-0.74991,0.0,-0.39014,0.65612,0.64599,0.0,0.0,0.0,0.0,1.0,;
107.0;
matrix;0.69431,0.6673,0.26951,0.21751,-0.71859,0.66337,0.20873,0.0,-0.0395,-0.33859,0.9401,-0.01163,0.0,0.0,0.0,1.0,;
matrix_basis;0.71559,0.65367,0.24627,0.0,0.02694,0.32647,-0.94482,0.0,-0.698,0.68274,0.21601,0.0,0.0,0.0,0.0,1.0,;
45.0;
matrix;0.97863,-0.20008,-0.04739,0.21751,-0.02903,-0.36264,0.93148,0.0,-0.20356,-0.9102,-0.3607,-0.01163,0.0,0.0,0.0,1.0,;
matrix_basis;0.98258,-0.17293,-0.06803,0.0,0.18583,0.91367,0.3615,0.0,-0.00036,-0.36784,0.92989,0.0,0.0,0.0,0.0,1.0,;
110.0;
matrix;0.69431,0.6673,0.26951,0.21751,-0.71859,0.66337,0.20873,0.0,-0.0395,-0.33859,0.9401,-0.01163,0.0,0.0,0.0,1.0,;
matrix_basis;0.71559,0.65367,0.24627,0.0,0.02694,0.32647,-0.94482,0.0,-0.698,0.68274,0.21601,0.0,0.0,0.0,0.0,1.0,;
113.0;
matrix;0.89711,0.4057,0.17491,0.21751,-0.41641,0.64422,0.64155,0.0,0.14759,-0.64838,0.74687,-0.01163,0.0,0.0,0.0,1.0,;
matrix_basis;0.90607,0.39838,0.14259,0.0,-0.16379,0.64094,-0.74991,0.0,-0.39014,0.65612,0.64599,0.0,0.0,0.0,0.0,1.0,;
50.0;
matrix;0.98443,0.15577,0.08148,0.21751,-0.15553,0.55568,0.81672,0.0,0.08195,-0.81668,0.57125,-0.01163,0.0,0.0,0.0,1.0,;
matrix_basis;0.9869,0.15423,0.04727,0.0,-0.09973,0.81373,-0.57263,0.0,-0.12678,0.56042,0.81845,0.0,0.0,0.0,0.0,1.0,;
115.0;
matrix;0.89711,0.4057,0.17491,0.21751,-0.41641,0.64422,0.64155,0.0,0.14759,-0.64838,0.74687,-0.01163,0.0,0.0,0.0,1.0,;
matrix_basis;0.90607,0.39838,0.14259,0.0,-0.16379,0.64094,-0.74991,0.0,-0.39014,0.65612,0.64599,0.0,0.0,0.0,0.0,1.0,;
55.0;
matrix;0.99065,-0.13469,-0.02156,0.21751,-0.02903,-0.36264,0.93148,0.0,-0.13328,-0.92214,-0.36316,-0.01163,0.0,0.0,0.0,1.0,;
matrix_basis;0.99333,-0.10736,-0.04217,0.0,0.11535,0.92443,0.36349,0.0,-4e-05,-0.36593,0.93064,0.0,0.0,0.0,0.0,1.0,;
60.0;
matrix;0.98443,0.15577,0.08148,0.21751,-0.15553,0.55568,0.81672,0.0,0.08195,-0.81668,0.57125,-0.01163,0.0,0.0,0.0,1.0,;
matrix_basis;0.9869,0.15423,0.04727,0.0,-0.09973,0.81373,-0.57263,0.0,-0.12678,0.56042,0.81845,0.0,0.0,0.0,0.0,1.0,;
}
}
anim{
modoruBone;
keys{
26;
0.0;
matrix;0.9998,0.01428,-0.01428,0.0,0.01428,0.0,0.9999,0.0,0.01428,-0.9999,-0.0002,0.30453,0.0,0.0,0.0,1.0,;
matrix_basis;1.0,-0.0,0.0,0.0,0.0,1.0,0.0,0.0,0.0,0.0,1.0,0.0,0.0,0.0,0.0,1.0,;
65.0;
matrix;0.9998,0.01428,-0.01428,0.0,0.01428,0.0,0.9999,0.0,0.01428,-0.9999,-0.0002,0.30453,0.0,0.0,0.0,1.0,;
matrix_basis;1.0,-0.0,0.0,0.0,0.0,1.0,0.0,0.0,0.0,0.0,1.0,0.0,0.0,0.0,0.0,1.0,;
70.0;
matrix;0.9998,0.01428,-0.01428,0.0,0.01428,0.0,0.9999,0.0,0.01428,-0.9999,-0.0002,0.30453,0.0,0.0,0.0,1.0,;
matrix_basis;1.0,-0.0,0.0,0.0,0.0,1.0,0.0,0.0,0.0,0.0,1.0,0.0,0.0,0.0,0.0,1.0,;
10.0;
matrix;0.9998,0.01428,-0.01428,0.0,0.01428,0.0,0.9999,0.0,0.01428,-0.9999,-0.0002,0.30453,0.0,0.0,0.0,1.0,;
matrix_basis;1.0,-0.0,0.0,0.0,0.0,1.0,0.0,0.0,0.0,0.0,1.0,0.0,0.0,0.0,0.0,1.0,;
75.0;
matrix;0.9998,0.01428,-0.01428,0.0,0.01428,0.0,0.9999,0.0,0.01428,-0.9999,-0.0002,0.30453,0.0,0.0,0.0,1.0,;
matrix_basis;1.0,-0.0,0.0,0.0,0.0,1.0,0.0,0.0,0.0,0.0,1.0,0.0,0.0,0.0,0.0,1.0,;
15.0;
matrix;0.9998,0.01428,-0.01428,0.0,0.01428,0.0,0.9999,0.0,0.01428,-0.9999,-0.0002,0.30453,0.0,0.0,0.0,1.0,;
matrix_basis;1.0,-0.0,0.0,0.0,0.0,1.0,0.0,0.0,0.0,0.0,1.0,0.0,0.0,0.0,0.0,1.0,;
80.0;
matrix;0.9998,0.01428,-0.01428,0.0,0.01428,0.0,0.9999,0.0,0.01428,-0.9999,-0.0002,0.30453,0.0,0.0,0.0,1.0,;
matrix_basis;1.0,-0.0,0.0,0.0,0.0,1.0,0.0,0.0,0.0,0.0,1.0,0.0,0.0,0.0,0.0,1.0,;
20.0;
matrix;0.9998,0.01428,-0.01428,0.0,0.01428,0.0,0.9999,0.0,0.01428,-0.9999,-0.0002,0.30453,0.0,0.0,0.0,1.0,;
matrix_basis;1.0,-0.0,0.0,0.0,0.0,1.0,0.0,0.0,0.0,0.0,1.0,0.0,0.0,0.0,0.0,1.0,;
85.0;
matrix;0.9998,0.01428,-0.01428,0.0,0.01428,0.0,0.9999,0.0,0.01428,-0.9999,-0.0002,0.30453,0.0,0.0,0.0,1.0,;
matrix_basis;1.0,-0.0,0.0,0.0,0.0,1.0,0.0,0.0,0.0,0.0,1.0,0.0,0.0,0.0,0.0,1.0,;
25.0;
matrix;0.9998,0.01428,-0.01428,0.0,0.01428,0.0,0.9999,0.0,0.01428,-0.9999,-0.0002,0.30453,0.0,0.0,0.0,1.0,;
matrix_basis;1.0,-0.0,0.0,0.0,0.0,1.0,0.0,0.0,0.0,0.0,1.0,0.0,0.0,0.0,0.0,1.0,;
90.0;
matrix;0.9998,0.01428,-0.01428,0.0,0.01428,0.0,0.9999,0.0,0.01428,-0.9999,-0.0002,0.30453,0.0,0.0,0.0,1.0,;
matrix_basis;1.0,-0.0,0.0,0.0,0.0,1.0,0.0,0.0,0.0,0.0,1.0,0.0,0.0,0.0,0.0,1.0,;
30.0;
matrix;0.9998,0.01428,-0.01428,0.0,0.01428,0.0,0.9999,0.0,0.01428,-0.9999,-0.0002,0.30453,0.0,0.0,0.0,1.0,;
matrix_basis;1.0,-0.0,0.0,0.0,0.0,1.0,0.0,0.0,0.0,0.0,1.0,0.0,0.0,0.0,0.0,1.0,;
95.0;
matrix;0.9998,0.01428,-0.01428,0.0,0.01428,0.0,0.9999,0.0,0.01428,-0.9999,-0.0002,0.30453,0.0,0.0,0.0,1.0,;
matrix_basis;1.0,-0.0,0.0,0.0,0.0,1.0,0.0,0.0,0.0,0.0,1.0,0.0,0.0,0.0,0.0,1.0,;
35.0;
matrix;0.9998,0.01428,-0.01428,0.0,0.01428,0.0,0.9999,0.0,0.01428,-0.9999,-0.0002,0.30453,0.0,0.0,0.0,1.0,;
matrix_basis;1.0,-0.0,0.0,0.0,0.0,1.0,0.0,0.0,0.0,0.0,1.0,0.0,0.0,0.0,0.0,1.0,;
100.0;
matrix;0.9998,0.01428,-0.01428,0.0,0.01428,0.0,0.9999,0.0,0.01428,-0.9999,-0.0002,0.30453,0.0,0.0,0.0,1.0,;
matrix_basis;1.0,-0.0,0.0,0.0,0.0,1.0,0.0,0.0,0.0,0.0,1.0,0.0,0.0,0.0,0.0,1.0,;
40.0;
matrix;0.9998,0.01428,-0.01428,0.0,0.01428,0.0,0.9999,0.0,0.01428,-0.9999,-0.0002,0.30453,0.0,0.0,0.0,1.0,;
matrix_basis;1.0,-0.0,0.0,0.0,0.0,1.0,0.0,0.0,0.0,0.0,1.0,0.0,0.0,0.0,0.0,1.0,;
105.0;
matrix;0.9998,0.01428,-0.01428,0.0,0.01428,0.0,0.9999,0.0,0.01428,-0.9999,-0.0002,0.30453,0.0,0.0,0.0,1.0,;
matrix_basis;1.0,-0.0,0.0,0.0,0.0,1.0,0.0,0.0,0.0,0.0,1.0,0.0,0.0,0.0,0.0,1.0,;
106.0;
matrix;0.9998,0.01428,-0.01428,0.0,0.01428,0.0,0.9999,0.0,0.01428,-0.9999,-0.0002,0.30453,0.0,0.0,0.0,1.0,;
matrix_basis;1.0,-0.0,0.0,0.0,0.0,1.0,0.0,0.0,0.0,0.0,1.0,0.0,0.0,0.0,0.0,1.0,;
107.0;
matrix;0.9998,0.01428,-0.01428,0.0,0.01428,0.0,0.9999,0.0,0.01428,-0.9999,-0.0002,0.30453,0.0,0.0,0.0,1.0,;
matrix_basis;1.0,-0.0,0.0,0.0,0.0,1.0,0.0,0.0,0.0,0.0,1.0,0.0,0.0,0.0,0.0,1.0,;
45.0;
matrix;0.9998,0.01428,-0.01428,0.0,0.01428,0.0,0.9999,0.0,0.01428,-0.9999,-0.0002,0.30453,0.0,0.0,0.0,1.0,;
matrix_basis;1.0,-0.0,0.0,0.0,0.0,1.0,0.0,0.0,0.0,0.0,1.0,0.0,0.0,0.0,0.0,1.0,;
110.0;
matrix;0.9998,0.01428,-0.01428,0.0,0.01428,0.0,0.9999,0.0,0.01428,-0.9999,-0.0002,0.30453,0.0,0.0,0.0,1.0,;
matrix_basis;1.0,-0.0,0.0,0.0,0.0,1.0,0.0,0.0,0.0,0.0,1.0,0.0,0.0,0.0,0.0,1.0,;
113.0;
matrix;0.9998,0.01428,-0.01428,0.0,0.01428,0.0,0.9999,0.0,0.01428,-0.9999,-0.0002,0.30453,0.0,0.0,0.0,1.0,;
matrix_basis;1.0,-0.0,0.0,0.0,0.0,1.0,0.0,0.0,0.0,0.0,1.0,0.0,0.0,0.0,0.0,1.0,;
50.0;
matrix;0.9998,0.01428,-0.01428,0.0,0.01428,0.0,0.9999,0.0,0.01428,-0.9999,-0.0002,0.30453,0.0,0.0,0.0,1.0,;
matrix_basis;1.0,-0.0,0.0,0.0,0.0,1.0,0.0,0.0,0.0,0.0,1.0,0.0,0.0,0.0,0.0,1.0,;
115.0;
matrix;0.9998,0.01428,-0.01428,0.0,0.01428,0.0,0.9999,0.0,0.01428,-0.9999,-0.0002,0.30453,0.0,0.0,0.0,1.0,;
matrix_basis;1.0,-0.0,0.0,0.0,0.0,1.0,0.0,0.0,0.0,0.0,1.0,0.0,0.0,0.0,0.0,1.0,;
55.0;
matrix;0.9998,0.01428,-0.01428,0.0,0.01428,0.0,0.9999,0.0,0.01428,-0.9999,-0.0002,0.30453,0.0,0.0,0.0,1.0,;
matrix_basis;1.0,-0.0,0.0,0.0,0.0,1.0,0.0,0.0,0.0,0.0,1.0,0.0,0.0,0.0,0.0,1.0,;
60.0;
matrix;0.9998,0.01428,-0.01428,0.0,0.01428,0.0,0.9999,0.0,0.01428,-0.9999,-0.0002,0.30453,0.0,0.0,0.0,1.0,;
matrix_basis;1.0,-0.0,0.0,0.0,0.0,1.0,0.0,0.0,0.0,0.0,1.0,0.0,0.0,0.0,0.0,1.0,;
}
}
anim{
boostermaeBone;
keys{
26;
0.0;
matrix;1.0,-0.0,0.0,0.00435,0.0,0.99999,0.00396,0.0,0.0,-0.00396,0.99999,0.00027,0.0,0.0,0.0,1.0,;
matrix_basis;1.0,0.0,0.0,0.0,-0.0,1.0,0.0,0.0,0.0,0.0,1.0,0.0,0.0,0.0,0.0,1.0,;
65.0;
matrix;1.0,-0.0,0.0,0.00435,0.0,0.99999,0.00396,0.0,-0.0,-0.00396,0.99999,0.00027,0.0,0.0,0.0,1.0,;
matrix_basis;1.0,0.0,0.0,0.0,-0.0,1.0,0.0,0.0,0.0,0.0,1.0,0.0,0.0,0.0,0.0,1.0,;
70.0;
matrix;1.0,-0.0,0.0,0.00435,0.0,0.99999,0.00396,0.0,-0.0,-0.00396,0.99999,0.00027,0.0,0.0,0.0,1.0,;
matrix_basis;1.0,0.0,0.0,0.0,-0.0,1.0,0.0,0.0,0.0,0.0,1.0,0.0,0.0,0.0,0.0,1.0,;
10.0;
matrix;1.0,-0.0,0.0,0.00435,0.0,0.99999,0.00396,0.0,0.0,-0.00396,0.99999,0.00027,0.0,0.0,0.0,1.0,;
matrix_basis;1.0,0.0,0.0,0.0,-0.0,1.0,0.0,0.0,0.0,0.0,1.0,0.0,0.0,0.0,0.0,1.0,;
75.0;
matrix;1.0,-0.0,0.0,0.00435,0.0,0.99999,0.00396,0.0,0.0,-0.00396,0.99999,0.00027,0.0,0.0,0.0,1.0,;
matrix_basis;1.0,0.0,0.0,0.0,-0.0,1.0,0.0,0.0,0.0,0.0,1.0,0.0,0.0,0.0,0.0,1.0,;
15.0;
matrix;1.0,-0.0,0.0,0.00435,0.0,0.99999,0.00396,0.0,0.0,-0.00396,0.99999,0.00027,0.0,0.0,0.0,1.0,;
matrix_basis;1.0,0.0,0.0,0.0,-0.0,1.0,0.0,0.0,0.0,0.0,1.0,0.0,0.0,0.0,0.0,1.0,;
80.0;
matrix;1.0,-0.0,0.0,0.00435,0.0,0.99999,0.00396,0.0,-0.0,-0.00396,0.99999,0.00027,0.0,0.0,0.0,1.0,;
matrix_basis;1.0,0.0,0.0,0.0,-0.0,1.0,0.0,0.0,0.0,0.0,1.0,0.0,0.0,0.0,0.0,1.0,;
20.0;
matrix;1.0,-0.0,0.0,0.00435,0.0,0.99999,0.00396,0.0,0.0,-0.00396,0.99999,0.00027,0.0,0.0,0.0,1.0,;
matrix_basis;1.0,0.0,0.0,0.0,-0.0,1.0,0.0,0.0,0.0,0.0,1.0,0.0,0.0,0.0,0.0,1.0,;
85.0;
matrix;1.0,-0.0,0.0,0.00435,0.0,0.99999,0.00396,0.0,-0.0,-0.00396,0.99999,0.00027,0.0,0.0,0.0,1.0,;
matrix_basis;1.0,0.0,0.0,0.0,-0.0,1.0,0.0,0.0,0.0,0.0,1.0,0.0,0.0,0.0,0.0,1.0,;
25.0;
matrix;1.0,-0.0,0.0,0.00435,0.0,0.99999,0.00396,0.0,-0.0,-0.00396,0.99999,0.00027,0.0,0.0,0.0,1.0,;
matrix_basis;1.0,0.0,0.0,0.0,-0.0,1.0,0.0,0.0,0.0,0.0,1.0,0.0,0.0,0.0,0.0,1.0,;
90.0;
matrix;1.0,-0.0,0.0,0.00435,0.0,0.99999,0.00396,0.0,-0.0,-0.00396,0.99999,0.00027,0.0,0.0,0.0,1.0,;
matrix_basis;1.0,0.0,0.0,0.0,-0.0,1.0,0.0,0.0,0.0,0.0,1.0,0.0,0.0,0.0,0.0,1.0,;
30.0;
matrix;1.0,-0.0,0.0,0.00435,0.0,0.99999,0.00396,0.0,0.0,-0.00396,0.99999,0.00027,0.0,0.0,0.0,1.0,;
matrix_basis;1.0,0.0,0.0,0.0,-0.0,1.0,0.0,0.0,0.0,0.0,1.0,0.0,0.0,0.0,0.0,1.0,;
95.0;
matrix;1.0,-0.0,0.0,0.00435,0.0,0.99999,0.00396,0.0,-0.0,-0.00396,0.99999,0.00027,0.0,0.0,0.0,1.0,;
matrix_basis;1.0,0.0,0.0,0.0,-0.0,1.0,0.0,0.0,0.0,0.0,1.0,0.0,0.0,0.0,0.0,1.0,;
35.0;
matrix;1.0,-0.0,0.0,0.00435,0.0,0.99999,0.00396,0.0,0.0,-0.00396,0.99999,0.00027,0.0,0.0,0.0,1.0,;
matrix_basis;1.0,0.0,0.0,0.0,-0.0,1.0,0.0,0.0,0.0,0.0,1.0,0.0,0.0,0.0,0.0,1.0,;
100.0;
matrix;1.0,-0.0,0.0,0.00435,0.0,0.99999,0.00396,0.0,-0.0,-0.00396,0.99999,0.00027,0.0,0.0,0.0,1.0,;
matrix_basis;1.0,0.0,0.0,0.0,-0.0,1.0,0.0,0.0,0.0,0.0,1.0,0.0,0.0,0.0,0.0,1.0,;
40.0;
matrix;1.0,-0.0,0.0,0.00435,0.0,0.99999,0.00396,0.0,-0.0,-0.00396,0.99999,0.00027,0.0,0.0,0.0,1.0,;
matrix_basis;1.0,0.0,0.0,0.0,-0.0,1.0,0.0,0.0,0.0,0.0,1.0,0.0,0.0,0.0,0.0,1.0,;
105.0;
matrix;1.0,-0.0,0.0,0.00435,0.0,0.99999,0.00396,0.0,-0.0,-0.00396,0.99999,0.00027,0.0,0.0,0.0,1.0,;
matrix_basis;1.0,0.0,0.0,0.0,-0.0,1.0,0.0,0.0,0.0,0.0,1.0,0.0,0.0,0.0,0.0,1.0,;
106.0;
matrix;1.0,-0.0,0.0,0.00435,0.0,0.99999,0.00396,0.0,-0.0,-0.00396,0.99999,0.00027,0.0,0.0,0.0,1.0,;
matrix_basis;1.0,0.0,0.0,0.0,-0.0,1.0,0.0,0.0,0.0,0.0,1.0,0.0,0.0,0.0,0.0,1.0,;
107.0;
matrix;1.0,-0.0,0.0,0.00435,0.0,0.99999,0.00396,0.0,-0.0,-0.00396,0.99999,0.00027,0.0,0.0,0.0,1.0,;
matrix_basis;1.0,0.0,0.0,0.0,-0.0,1.0,0.0,0.0,0.0,0.0,1.0,0.0,0.0,0.0,0.0,1.0,;
45.0;
matrix;1.0,-0.0,0.0,0.00435,0.0,0.99999,0.00396,0.0,-0.0,-0.00396,0.99999,0.00027,0.0,0.0,0.0,1.0,;
matrix_basis;1.0,0.0,0.0,0.0,-0.0,1.0,0.0,0.0,0.0,0.0,1.0,0.0,0.0,0.0,0.0,1.0,;
110.0;
matrix;1.0,-0.0,0.0,0.00435,0.0,0.99999,0.00396,0.0,-0.0,-0.00396,0.99999,0.00027,0.0,0.0,0.0,1.0,;
matrix_basis;1.0,0.0,0.0,0.0,-0.0,1.0,0.0,0.0,0.0,0.0,1.0,0.0,0.0,0.0,0.0,1.0,;
113.0;
matrix;1.0,-0.0,0.0,0.00435,0.0,0.99999,0.00396,0.0,-0.0,-0.00396,0.99999,0.00027,0.0,0.0,0.0,1.0,;
matrix_basis;1.0,0.0,0.0,0.0,-0.0,1.0,0.0,0.0,0.0,0.0,1.0,0.0,0.0,0.0,0.0,1.0,;
50.0;
matrix;1.0,-0.0,0.0,0.00435,0.0,0.99999,0.00396,0.0,0.0,-0.00396,0.99999,0.00027,0.0,0.0,0.0,1.0,;
matrix_basis;1.0,0.0,0.0,0.0,-0.0,1.0,0.0,0.0,0.0,0.0,1.0,0.0,0.0,0.0,0.0,1.0,;
115.0;
matrix;1.0,-0.0,0.0,0.00435,0.0,0.99999,0.00396,0.0,-0.0,-0.00396,0.99999,0.00027,0.0,0.0,0.0,1.0,;
matrix_basis;1.0,0.0,0.0,0.0,-0.0,1.0,0.0,0.0,0.0,0.0,1.0,0.0,0.0,0.0,0.0,1.0,;
55.0;
matrix;1.0,-0.0,0.0,0.00435,0.0,0.99999,0.00396,0.0,-0.0,-0.00396,0.99999,0.00027,0.0,0.0,0.0,1.0,;
matrix_basis;1.0,0.0,0.0,0.0,-0.0,1.0,0.0,0.0,0.0,0.0,1.0,0.0,0.0,0.0,0.0,1.0,;
60.0;
matrix;1.0,-0.0,0.0,0.00435,0.0,0.99999,0.00396,0.0,0.0,-0.00396,0.99999,0.00027,0.0,0.0,0.0,1.0,;
matrix_basis;1.0,0.0,0.0,0.0,-0.0,1.0,0.0,0.0,0.0,0.0,1.0,0.0,0.0,0.0,0.0,1.0,;
}
}
anim{
rightLegmaeBone;
keys{
26;
0.0;
matrix;-0.00345,-0.99827,-0.05862,0.00435,0.99827,0.0,-0.05872,0.0,0.05862,-0.05872,0.99655,0.00027,0.0,0.0,0.0,1.0,;
matrix_basis;1.0,0.0,0.0,0.0,0.0,1.0,0.0,0.0,0.0,0.0,1.0,0.0,0.0,0.0,0.0,1.0,;
65.0;
matrix;-0.00345,-0.99827,-0.05862,0.00435,0.99827,0.0,-0.05872,0.0,0.05862,-0.05872,0.99655,0.00027,0.0,0.0,0.0,1.0,;
matrix_basis;1.0,0.0,0.0,0.0,-0.0,1.0,0.0,0.0,0.0,0.0,1.0,0.0,0.0,0.0,0.0,1.0,;
70.0;
matrix;-0.00345,-0.99827,-0.05862,0.00435,0.99827,0.0,-0.05872,0.0,0.05862,-0.05872,0.99655,0.00027,0.0,0.0,0.0,1.0,;
matrix_basis;1.0,0.0,0.0,0.0,-0.0,1.0,0.0,0.0,0.0,0.0,1.0,0.0,0.0,0.0,0.0,1.0,;
10.0;
matrix;-0.00345,-0.99827,-0.05862,0.00435,0.99827,0.0,-0.05872,0.0,0.05862,-0.05872,0.99655,0.00027,0.0,0.0,0.0,1.0,;
matrix_basis;1.0,0.0,0.0,0.0,0.0,1.0,0.0,0.0,0.0,0.0,1.0,0.0,0.0,0.0,0.0,1.0,;
75.0;
matrix;-0.00345,-0.99827,-0.05862,0.00435,0.99827,0.0,-0.05872,0.0,0.05862,-0.05872,0.99655,0.00027,0.0,0.0,0.0,1.0,;
matrix_basis;1.0,0.0,0.0,0.0,0.0,1.0,0.0,0.0,0.0,0.0,1.0,0.0,0.0,0.0,0.0,1.0,;
15.0;
matrix;-0.00345,-0.99827,-0.05862,0.00435,0.99827,0.0,-0.05872,0.0,0.05862,-0.05872,0.99655,0.00027,0.0,0.0,0.0,1.0,;
matrix_basis;1.0,0.0,0.0,0.0,0.0,1.0,0.0,0.0,0.0,0.0,1.0,0.0,0.0,0.0,0.0,1.0,;
80.0;
matrix;-0.00345,-0.99827,-0.05862,0.00435,0.99827,0.0,-0.05872,0.0,0.05862,-0.05872,0.99655,0.00027,0.0,0.0,0.0,1.0,;
matrix_basis;1.0,0.0,0.0,0.0,-0.0,1.0,0.0,0.0,0.0,0.0,1.0,0.0,0.0,0.0,0.0,1.0,;
20.0;
matrix;-0.00345,-0.99827,-0.05862,0.00435,0.99827,0.0,-0.05872,0.0,0.05862,-0.05872,0.99655,0.00027,0.0,0.0,0.0,1.0,;
matrix_basis;1.0,0.0,0.0,0.0,0.0,1.0,0.0,0.0,0.0,0.0,1.0,0.0,0.0,0.0,0.0,1.0,;
85.0;
matrix;-0.00345,-0.99827,-0.05862,0.00435,0.99827,0.0,-0.05872,0.0,0.05862,-0.05872,0.99655,0.00027,0.0,0.0,0.0,1.0,;
matrix_basis;1.0,0.0,0.0,0.0,-0.0,1.0,0.0,0.0,0.0,0.0,1.0,0.0,0.0,0.0,0.0,1.0,;
25.0;
matrix;-0.00345,-0.99827,-0.05862,0.00435,0.99827,0.0,-0.05872,0.0,0.05862,-0.05872,0.99655,0.00027,0.0,0.0,0.0,1.0,;
matrix_basis;1.0,0.0,0.0,0.0,-0.0,1.0,0.0,0.0,0.0,0.0,1.0,0.0,0.0,0.0,0.0,1.0,;
90.0;
matrix;-0.00345,-0.99827,-0.05862,0.00435,0.99827,0.0,-0.05872,0.0,0.05862,-0.05872,0.99655,0.00027,0.0,0.0,0.0,1.0,;
matrix_basis;1.0,0.0,0.0,0.0,-0.0,1.0,0.0,0.0,0.0,0.0,1.0,0.0,0.0,0.0,0.0,1.0,;
30.0;
matrix;-0.00345,-0.99827,-0.05862,0.00435,0.99827,0.0,-0.05872,0.0,0.05862,-0.05872,0.99655,0.00027,0.0,0.0,0.0,1.0,;
matrix_basis;1.0,0.0,0.0,0.0,0.0,1.0,0.0,0.0,0.0,0.0,1.0,0.0,0.0,0.0,0.0,1.0,;
95.0;
matrix;-0.00345,-0.99827,-0.05862,0.00435,0.99827,0.0,-0.05872,0.0,0.05862,-0.05872,0.99655,0.00027,0.0,0.0,0.0,1.0,;
matrix_basis;1.0,0.0,0.0,0.0,-0.0,1.0,0.0,0.0,0.0,0.0,1.0,0.0,0.0,0.0,0.0,1.0,;
35.0;
matrix;-0.00345,-0.99827,-0.05862,0.00435,0.99827,0.0,-0.05872,0.0,0.05862,-0.05872,0.99655,0.00027,0.0,0.0,0.0,1.0,;
matrix_basis;1.0,0.0,0.0,0.0,0.0,1.0,0.0,0.0,0.0,0.0,1.0,0.0,0.0,0.0,0.0,1.0,;
100.0;
matrix;-0.00345,-0.99827,-0.05862,0.00435,0.99827,0.0,-0.05872,0.0,0.05862,-0.05872,0.99655,0.00027,0.0,0.0,0.0,1.0,;
matrix_basis;1.0,0.0,0.0,0.0,-0.0,1.0,0.0,0.0,0.0,0.0,1.0,0.0,0.0,0.0,0.0,1.0,;
40.0;
matrix;-0.00345,-0.99827,-0.05862,0.00435,0.99827,0.0,-0.05872,0.0,0.05862,-0.05872,0.99655,0.00027,0.0,0.0,0.0,1.0,;
matrix_basis;1.0,0.0,0.0,0.0,-0.0,1.0,0.0,0.0,0.0,0.0,1.0,0.0,0.0,0.0,0.0,1.0,;
105.0;
matrix;-0.00345,-0.99827,-0.05862,0.00435,0.99827,0.0,-0.05872,0.0,0.05862,-0.05872,0.99655,0.00027,0.0,0.0,0.0,1.0,;
matrix_basis;1.0,0.0,0.0,0.0,-0.0,1.0,0.0,0.0,0.0,0.0,1.0,0.0,0.0,0.0,0.0,1.0,;
106.0;
matrix;-0.00345,-0.99827,-0.05862,0.00435,0.99827,0.0,-0.05872,0.0,0.05862,-0.05872,0.99655,0.00027,0.0,0.0,0.0,1.0,;
matrix_basis;1.0,0.0,0.0,0.0,-0.0,1.0,0.0,0.0,0.0,0.0,1.0,0.0,0.0,0.0,0.0,1.0,;
107.0;
matrix;-0.00345,-0.99827,-0.05862,0.00435,0.99827,0.0,-0.05872,0.0,0.05862,-0.05872,0.99655,0.00027,0.0,0.0,0.0,1.0,;
matrix_basis;1.0,0.0,0.0,0.0,-0.0,1.0,0.0,0.0,0.0,0.0,1.0,0.0,0.0,0.0,0.0,1.0,;
45.0;
matrix;-0.00345,-0.99827,-0.05862,0.00435,0.99827,0.0,-0.05872,0.0,0.05862,-0.05872,0.99655,0.00027,0.0,0.0,0.0,1.0,;
matrix_basis;1.0,0.0,0.0,0.0,-0.0,1.0,0.0,0.0,0.0,0.0,1.0,0.0,0.0,0.0,0.0,1.0,;
110.0;
matrix;-0.00345,-0.99827,-0.05862,0.00435,0.99827,0.0,-0.05872,0.0,0.05862,-0.05872,0.99655,0.00027,0.0,0.0,0.0,1.0,;
matrix_basis;1.0,0.0,0.0,0.0,-0.0,1.0,0.0,0.0,0.0,0.0,1.0,0.0,0.0,0.0,0.0,1.0,;
113.0;
matrix;-0.00345,-0.99827,-0.05862,0.00435,0.99827,0.0,-0.05872,0.0,0.05862,-0.05872,0.99655,0.00027,0.0,0.0,0.0,1.0,;
matrix_basis;1.0,0.0,0.0,0.0,-0.0,1.0,0.0,0.0,0.0,0.0,1.0,0.0,0.0,0.0,0.0,1.0,;
50.0;
matrix;-0.00345,-0.99827,-0.05862,0.00435,0.99827,0.0,-0.05872,0.0,0.05862,-0.05872,0.99655,0.00027,0.0,0.0,0.0,1.0,;
matrix_basis;1.0,0.0,0.0,0.0,0.0,1.0,0.0,0.0,0.0,0.0,1.0,0.0,0.0,0.0,0.0,1.0,;
115.0;
matrix;-0.00345,-0.99827,-0.05862,0.00435,0.99827,0.0,-0.05872,0.0,0.05862,-0.05872,0.99655,0.00027,0.0,0.0,0.0,1.0,;
matrix_basis;1.0,0.0,0.0,0.0,-0.0,1.0,0.0,0.0,0.0,0.0,1.0,0.0,0.0,0.0,0.0,1.0,;
55.0;
matrix;-0.00345,-0.99827,-0.05862,0.00435,0.99827,0.0,-0.05872,0.0,0.05862,-0.05872,0.99655,0.00027,0.0,0.0,0.0,1.0,;
matrix_basis;1.0,0.0,0.0,0.0,-0.0,1.0,0.0,0.0,0.0,0.0,1.0,0.0,0.0,0.0,0.0,1.0,;
60.0;
matrix;-0.00345,-0.99827,-0.05862,0.00435,0.99827,0.0,-0.05872,0.0,0.05862,-0.05872,0.99655,0.00027,0.0,0.0,0.0,1.0,;
matrix_basis;1.0,0.0,0.0,0.0,0.0,1.0,0.0,0.0,0.0,0.0,1.0,0.0,0.0,0.0,0.0,1.0,;
}
}
anim{
leftLegDownBone;
keys{
26;
0.0;
matrix;0.99957,0.02855,-0.00671,0.22147,0.00671,-0.00011,0.99998,-7e-05,0.02855,-0.99959,-0.0003,-0.66651,0.0,0.0,0.0,1.0,;
matrix_basis;1.0,0.0,0.0,0.0,0.0,1.0,0.0,0.0,0.0,0.0,1.0,0.0,0.0,0.0,0.0,1.0,;
65.0;
matrix;0.4585,-0.12776,-0.87946,0.47935,0.88711,0.12491,0.44434,-0.02286,0.05309,-0.98391,0.17061,-0.61147,0.0,0.0,0.0,1.0,;
matrix_basis;0.99152,-0.12389,0.03931,0.0,0.12608,0.84309,-0.52278,0.0,0.03162,0.5233,0.85156,0.0,0.0,0.0,0.0,1.0,;
70.0;
matrix;0.99825,0.05879,-0.00696,0.32027,-0.00377,0.18039,0.98359,-0.23749,0.05908,-0.98184,0.1803,-0.61323,0.0,0.0,0.0,1.0,;
matrix_basis;0.99152,-0.12389,0.03932,0.0,0.12608,0.84309,-0.52278,0.0,0.03162,0.5233,0.85156,0.0,0.0,0.0,0.0,1.0,;
10.0;
matrix;0.99782,0.06334,-0.01833,0.31953,0.04871,-0.52076,0.85231,0.36391,0.04444,-0.85135,-0.52272,-0.54647,0.0,0.0,0.0,1.0,;
matrix_basis;0.97944,0.03162,-0.19926,0.0,0.16829,0.41672,0.89332,0.0,0.11129,-0.90848,0.40283,0.0,0.0,0.0,0.0,1.0,;
75.0;
matrix;0.99782,0.06334,-0.01833,0.31953,0.04871,-0.52076,0.85231,0.36391,0.04444,-0.85135,-0.52272,-0.54647,0.0,0.0,0.0,1.0,;
matrix_basis;0.97944,0.03162,-0.19926,0.0,0.16829,0.41672,0.89332,0.0,0.11129,-0.90848,0.40283,0.0,0.0,0.0,0.0,1.0,;
15.0;
matrix;0.9983,0.05701,-0.0118,0.32077,0.00348,0.14398,0.98957,0.00462,0.05812,-0.98794,0.14354,-0.65832,0.0,0.0,0.0,1.0,;
matrix_basis;0.99087,-0.12889,-0.03946,0.0,0.12237,0.98289,-0.1377,0.0,0.05653,0.13161,0.98969,0.0,0.0,0.0,0.0,1.0,;
80.0;
matrix;0.99975,0.02109,-0.00676,0.28053,-0.01083,0.73196,0.68126,0.17248,0.01932,-0.68102,0.73201,-0.64025,0.0,0.0,0.0,1.0,;
matrix_basis;0.99505,-0.09342,0.03374,0.0,0.09723,0.84654,-0.52338,0.0,0.02033,0.52407,0.85143,0.0,0.0,0.0,0.0,1.0,;
20.0;
matrix;0.99782,0.06334,-0.01833,0.31953,0.04871,-0.52076,0.85231,0.36391,0.04444,-0.85135,-0.52272,-0.54647,0.0,0.0,0.0,1.0,;
matrix_basis;0.97944,0.03162,-0.19926,0.0,0.16829,0.41672,0.89332,0.0,0.11129,-0.90848,0.40283,0.0,0.0,0.0,0.0,1.0,;
85.0;
matrix;0.9997,0.02445,-0.00064,0.28029,-0.00378,0.18024,0.98361,-0.23749,0.02416,-0.98332,0.18028,-0.61871,0.0,0.0,0.0,1.0,;
matrix_basis;0.99505,-0.09342,0.03374,0.0,0.09723,0.84654,-0.52338,0.0,0.02033,0.52407,0.85143,0.0,0.0,0.0,0.0,1.0,;
25.0;
matrix;0.99776,0.06679,-0.00223,0.31719,-0.01786,0.29863,0.9542,-0.56018,0.0644,-0.95203,0.29915,-0.33591,0.0,0.0,0.0,1.0,;
matrix_basis;0.98751,-0.03341,0.15396,0.0,0.15753,0.22529,-0.96147,0.0,-0.00257,0.97372,0.22774,0.0,0.0,0.0,0.0,1.0,;
90.0;
matrix;0.77994,0.61624,-0.10928,0.52988,-0.00375,0.17921,0.9838,-0.23749,0.62585,-0.76689,0.14208,-0.53595,0.0,0.0,0.0,1.0,;
matrix_basis;0.99272,0.12036,-0.00535,0.0,-0.10536,0.84578,-0.52302,0.0,-0.05843,0.51978,0.8523,0.0,0.0,0.0,0.0,1.0,;
30.0;
matrix;0.99782,0.06334,-0.01833,0.31953,0.04871,-0.52076,0.85231,0.36391,0.04444,-0.85135,-0.52272,-0.54647,0.0,0.0,0.0,1.0,;
matrix_basis;0.97944,0.03162,-0.19926,0.0,0.16829,0.41672,0.89332,0.0,0.11129,-0.90848,0.40283,0.0,0.0,0.0,0.0,1.0,;
95.0;
matrix;0.9997,0.02445,-0.00064,0.28029,-0.00378,0.18024,0.98361,-0.23749,0.02416,-0.98332,0.18028,-0.61871,0.0,0.0,0.0,1.0,;
matrix_basis;0.99505,-0.09342,0.03374,0.0,0.09723,0.84654,-0.52338,0.0,0.02033,0.52407,0.85143,0.0,0.0,0.0,0.0,1.0,;
35.0;
matrix;0.99782,0.06334,-0.01833,0.31953,0.04871,-0.52076,0.85231,0.36391,0.04444,-0.85135,-0.52272,-0.54647,0.0,0.0,0.0,1.0,;
