animsets{
5;
anim{
boosterBone;
keys{
25;
0.0;
matrix;0.99984,-0.01266,-0.01266,0.00435,-0.01266,0.0,-0.99992,0.30353,0.01266,0.99992,-0.00016,-0.00093,0.0,0.0,0.0,1.0,;
matrix_basis;1.0,0.0,0.0,0.0,0.0,1.0,0.0,0.0,0.0,0.0,1.0,0.0,0.0,0.0,0.0,1.0,;
65.0;
matrix;0.99984,-0.01266,-0.01266,0.00435,-0.01266,0.0,-0.99992,0.30353,0.01266,0.99992,-0.00016,-0.00093,0.0,0.0,0.0,1.0,;
matrix_basis;1.0,0.0,0.0,0.0,0.0,1.0,0.0,0.0,0.0,0.0,1.0,0.0,0.0,0.0,0.0,1.0,;
70.0;
matrix;0.99984,-0.01266,-0.01266,0.00435,-0.01266,0.0,-0.99992,0.30353,0.01266,0.99992,-0.00016,-0.00093,0.0,0.0,0.0,1.0,;
matrix_basis;1.0,0.0,0.0,0.0,0.0,1.0,0.0,0.0,0.0,0.0,1.0,0.0,0.0,0.0,0.0,1.0,;
10.0;
matrix;0.99984,-0.01266,-0.01266,0.00435,-0.01266,0.0,-0.99992,0.30353,0.01266,0.99992,-0.00016,-0.00093,0.0,0.0,0.0,1.0,;
matrix_basis;1.0,0.0,0.0,0.0,0.0,1.0,0.0,0.0,0.0,0.0,1.0,0.0,0.0,0.0,0.0,1.0,;
75.0;
matrix;0.99984,-0.01266,-0.01266,0.00435,-0.01266,0.0,-0.99992,0.30353,0.01266,0.99992,-0.00016,-0.00093,0.0,0.0,0.0,1.0,;
matrix_basis;1.0,0.0,0.0,0.0,0.0,1.0,0.0,0.0,0.0,0.0,1.0,0.0,0.0,0.0,0.0,1.0,;
15.0;
matrix;0.99984,-0.01266,-0.01266,0.00435,-0.01266,0.0,-0.99992,0.30353,0.01266,0.99992,-0.00016,-0.00093,0.0,0.0,0.0,1.0,;
matrix_basis;1.0,0.0,0.0,0.0,0.0,1.0,0.0,0.0,0.0,0.0,1.0,0.0,0.0,0.0,0.0,1.0,;
80.0;
matrix;0.99984,-0.01266,-0.01266,0.00435,-0.01266,0.0,-0.99992,0.30353,0.01266,0.99992,-0.00016,-0.00093,0.0,0.0,0.0,1.0,;
matrix_basis;1.0,0.0,0.0,0.0,0.0,1.0,0.0,0.0,0.0,0.0,1.0,0.0,0.0,0.0,0.0,1.0,;
20.0;
matrix;0.99984,-0.01266,-0.01266,0.00435,-0.01266,0.0,-0.99992,0.30353,0.01266,0.99992,-0.00016,-0.00093,0.0,0.0,0.0,1.0,;
matrix_basis;1.0,0.0,0.0,0.0,0.0,1.0,0.0,0.0,0.0,0.0,1.0,0.0,0.0,0.0,0.0,1.0,;
85.0;
matrix;0.99984,-0.01266,-0.01266,0.00435,-0.01266,0.0,-0.99992,0.30353,0.01266,0.99992,-0.00016,-0.00093,0.0,0.0,0.0,1.0,;
matrix_basis;1.0,0.0,0.0,0.0,0.0,1.0,0.0,0.0,0.0,0.0,1.0,0.0,0.0,0.0,0.0,1.0,;
25.0;
matrix;0.99984,-0.01266,-0.01266,0.00435,-0.01266,0.0,-0.99992,0.30353,0.01266,0.99992,-0.00016,-0.00093,0.0,0.0,0.0,1.0,;
matrix_basis;1.0,0.0,0.0,0.0,0.0,1.0,0.0,0.0,0.0,0.0,1.0,0.0,0.0,0.0,0.0,1.0,;
90.0;
matrix;0.99984,-0.01266,-0.01266,0.00435,-0.01266,0.0,-0.99992,0.30353,0.01266,0.99992,-0.00016,-0.00093,0.0,0.0,0.0,1.0,;
matrix_basis;1.0,0.0,0.0,0.0,0.0,1.0,0.0,0.0,0.0,0.0,1.0,0.0,0.0,0.0,0.0,1.0,;
30.0;
matrix;0.99984,-0.01266,-0.01266,0.00435,-0.01266,0.0,-0.99992,0.30353,0.01266,0.99992,-0.00016,-0.00093,0.0,0.0,0.0,1.0,;
matrix_basis;1.0,0.0,0.0,0.0,0.0,1.0,0.0,0.0,0.0,0.0,1.0,0.0,0.0,0.0,0.0,1.0,;
95.0;
matrix;0.99984,-0.01266,-0.01266,0.00435,-0.01266,0.0,-0.99992,0.30353,0.01266,0.99992,-0.00016,-0.00093,0.0,0.0,0.0,1.0,;
matrix_basis;1.0,0.0,0.0,0.0,0.0,1.0,0.0,0.0,0.0,0.0,1.0,0.0,0.0,0.0,0.0,1.0,;
35.0;
matrix;0.99984,-0.01266,-0.01266,0.00435,-0.01266,0.0,-0.99992,0.30353,0.01266,0.99992,-0.00016,-0.00093,0.0,0.0,0.0,1.0,;
matrix_basis;1.0,0.0,0.0,0.0,0.0,1.0,0.0,0.0,0.0,0.0,1.0,0.0,0.0,0.0,0.0,1.0,;
100.0;
matrix;0.99984,-0.01266,-0.01266,0.00435,-0.01266,0.0,-0.99992,0.30353,0.01266,0.99992,-0.00016,-0.00093,0.0,0.0,0.0,1.0,;
matrix_basis;1.0,0.0,0.0,0.0,0.0,1.0,0.0,0.0,0.0,0.0,1.0,0.0,0.0,0.0,0.0,1.0,;
40.0;
matrix;0.99984,-0.01266,-0.01266,0.00435,-0.01266,0.0,-0.99992,0.30353,0.01266,0.99992,-0.00016,-0.00093,0.0,0.0,0.0,1.0,;
matrix_basis;1.0,0.0,0.0,0.0,0.0,1.0,0.0,0.0,0.0,0.0,1.0,0.0,0.0,0.0,0.0,1.0,;
105.0;
matrix;0.99984,-0.01266,-0.01266,0.00435,-0.01266,0.0,-0.99992,0.30353,0.01266,0.99992,-0.00016,-0.00093,0.0,0.0,0.0,1.0,;
matrix_basis;1.0,0.0,0.0,0.0,0.0,1.0,0.0,0.0,0.0,0.0,1.0,0.0,0.0,0.0,0.0,1.0,;
107.0;
matrix;0.99984,-0.01266,-0.01266,0.00435,-0.01266,0.0,-0.99992,0.30353,0.01266,0.99992,-0.00016,-0.00093,0.0,0.0,0.0,1.0,;
matrix_basis;1.0,0.0,0.0,0.0,0.0,1.0,0.0,0.0,0.0,0.0,1.0,0.0,0.0,0.0,0.0,1.0,;
45.0;
matrix;0.99984,-0.01266,-0.01266,0.00435,-0.01266,0.0,-0.99992,0.30353,0.01266,0.99992,-0.00016,-0.00093,0.0,0.0,0.0,1.0,;
matrix_basis;1.0,0.0,0.0,0.0,0.0,1.0,0.0,0.0,0.0,0.0,1.0,0.0,0.0,0.0,0.0,1.0,;
110.0;
matrix;0.99984,-0.01266,-0.01266,0.00435,-0.01266,0.0,-0.99992,0.30353,0.01266,0.99992,-0.00016,-0.00093,0.0,0.0,0.0,1.0,;
matrix_basis;1.0,0.0,0.0,0.0,0.0,1.0,0.0,0.0,0.0,0.0,1.0,0.0,0.0,0.0,0.0,1.0,;
113.0;
matrix;0.99984,-0.01266,-0.01266,0.00435,-0.01266,0.0,-0.99992,0.30353,0.01266,0.99992,-0.00016,-0.00093,0.0,0.0,0.0,1.0,;
matrix_basis;1.0,0.0,0.0,0.0,0.0,1.0,0.0,0.0,0.0,0.0,1.0,0.0,0.0,0.0,0.0,1.0,;
50.0;
matrix;0.99984,-0.01266,-0.01266,0.00435,-0.01266,0.0,-0.99992,0.30353,0.01266,0.99992,-0.00016,-0.00093,0.0,0.0,0.0,1.0,;
matrix_basis;1.0,0.0,0.0,0.0,0.0,1.0,0.0,0.0,0.0,0.0,1.0,0.0,0.0,0.0,0.0,1.0,;
115.0;
matrix;0.99984,-0.01266,-0.01266,0.00435,-0.01266,0.0,-0.99992,0.30353,0.01266,0.99992,-0.00016,-0.00093,0.0,0.0,0.0,1.0,;
matrix_basis;1.0,0.0,0.0,0.0,0.0,1.0,0.0,0.0,0.0,0.0,1.0,0.0,0.0,0.0,0.0,1.0,;
55.0;
matrix;0.99984,-0.01266,-0.01266,0.00435,-0.01266,0.0,-0.99992,0.30353,0.01266,0.99992,-0.00016,-0.00093,0.0,0.0,0.0,1.0,;
matrix_basis;1.0,0.0,0.0,0.0,0.0,1.0,0.0,0.0,0.0,0.0,1.0,0.0,0.0,0.0,0.0,1.0,;
60.0;
matrix;0.99984,-0.01266,-0.01266,0.00435,-0.01266,0.0,-0.99992,0.30353,0.01266,0.99992,-0.00016,-0.00093,0.0,0.0,0.0,1.0,;
matrix_basis;1.0,0.0,0.0,0.0,0.0,1.0,0.0,0.0,0.0,0.0,1.0,0.0,0.0,0.0,0.0,1.0,;
}
}
anim{
rightLegDownBone;
keys{
25;
0.0;
matrix;0.99996,0.00183,-0.00826,0.00435,0.00826,-0.0,0.99997,0.0,0.00183,-1.0,-2e-05,0.00027,0.0,0.0,0.0,1.0,;
matrix_basis;1.0,0.0,0.0,0.0,0.0,1.0,0.0,0.0,0.0,0.0,1.0,0.0,0.0,0.0,0.0,1.0,;
65.0;
matrix;0.99997,0.00183,-0.00826,0.00435,0.00826,-0.0,0.99997,0.0,0.00183,-1.0,-2e-05,0.00027,0.0,0.0,0.0,1.0,;
matrix_basis;1.0,-0.0,0.0,0.0,0.0,1.0,0.0,0.0,0.0,0.0,1.0,0.0,0.0,0.0,0.0,1.0,;
70.0;
matrix;0.99997,0.00183,-0.00826,0.00435,0.00826,-0.0,0.99997,0.0,0.00183,-1.0,-2e-05,0.00027,0.0,0.0,0.0,1.0,;
matrix_basis;1.0,-0.0,0.0,0.0,0.0,1.0,0.0,0.0,0.0,0.0,1.0,0.0,0.0,0.0,0.0,1.0,;
10.0;
matrix;0.99996,0.00183,-0.00826,0.00435,0.00826,-0.0,0.99997,0.0,0.00183,-1.0,-2e-05,0.00027,0.0,0.0,0.0,1.0,;
matrix_basis;1.0,0.0,0.0,0.0,0.0,1.0,0.0,0.0,0.0,0.0,1.0,0.0,0.0,0.0,0.0,1.0,;
75.0;
matrix;0.99997,0.00183,-0.00826,0.00435,0.00826,-0.0,0.99997,0.0,0.00183,-1.0,-2e-05,0.00027,0.0,0.0,0.0,1.0,;
matrix_basis;1.0,-0.0,0.0,0.0,0.0,1.0,0.0,0.0,0.0,0.0,1.0,0.0,0.0,0.0,0.0,1.0,;
15.0;
matrix;0.99996,0.00183,-0.00826,0.00435,0.00826,-0.0,0.99997,0.0,0.00183,-1.0,-2e-05,0.00027,0.0,0.0,0.0,1.0,;
matrix_basis;1.0,0.0,0.0,0.0,0.0,1.0,0.0,0.0,0.0,0.0,1.0,0.0,0.0,0.0,0.0,1.0,;
80.0;
matrix;0.99997,0.00183,-0.00826,0.00435,0.00826,-0.0,0.99997,0.0,0.00183,-1.0,-2e-05,0.00027,0.0,0.0,0.0,1.0,;
matrix_basis;1.0,-0.0,0.0,0.0,0.0,1.0,0.0,0.0,0.0,0.0,1.0,0.0,0.0,0.0,0.0,1.0,;
20.0;
matrix;0.99996,0.00183,-0.00826,0.00435,0.00826,-0.0,0.99997,0.0,0.00183,-1.0,-2e-05,0.00027,0.0,0.0,0.0,1.0,;
matrix_basis;1.0,0.0,0.0,0.0,0.0,1.0,0.0,0.0,0.0,0.0,1.0,0.0,0.0,0.0,0.0,1.0,;
85.0;
matrix;0.99997,0.00183,-0.00826,0.00435,0.00826,-0.0,0.99997,0.0,0.00183,-1.0,-2e-05,0.00027,0.0,0.0,0.0,1.0,;
matrix_basis;1.0,-0.0,0.0,0.0,0.0,1.0,0.0,0.0,0.0,0.0,1.0,0.0,0.0,0.0,0.0,1.0,;
25.0;
matrix;0.99996,0.00183,-0.00826,0.00435,0.00826,-0.0,0.99997,0.0,0.00183,-1.0,-2e-05,0.00027,0.0,0.0,0.0,1.0,;
matrix_basis;1.0,-0.0,0.0,0.0,0.0,1.0,0.0,0.0,0.0,0.0,1.0,0.0,0.0,0.0,0.0,1.0,;
90.0;
matrix;0.99997,0.00183,-0.00826,0.00435,0.00826,-0.0,0.99997,0.0,0.00183,-1.0,-2e-05,0.00027,0.0,0.0,0.0,1.0,;
matrix_basis;1.0,-0.0,0.0,0.0,0.0,1.0,0.0,0.0,0.0,0.0,1.0,0.0,0.0,0.0,0.0,1.0,;
30.0;
matrix;0.99996,0.00183,-0.00826,0.00435,0.00826,-0.0,0.99997,0.0,0.00183,-1.0,-2e-05,0.00027,0.0,0.0,0.0,1.0,;
matrix_basis;1.0,-0.0,0.0,0.0,0.0,1.0,0.0,0.0,0.0,0.0,1.0,0.0,0.0,0.0,0.0,1.0,;
95.0;
matrix;0.99997,0.00183,-0.00826,0.00435,0.00826,-0.0,0.99997,0.0,0.00183,-1.0,-2e-05,0.00027,0.0,0.0,0.0,1.0,;
matrix_basis;1.0,-0.0,0.0,0.0,0.0,1.0,0.0,0.0,0.0,0.0,1.0,0.0,0.0,0.0,0.0,1.0,;
35.0;
matrix;0.99996,0.00183,-0.00826,0.00435,0.00826,-0.0,0.99997,0.0,0.00183,-1.0,-2e-05,0.00027,0.0,0.0,0.0,1.0,;
matrix_basis;1.0,-0.0,0.0,0.0,0.0,1.0,0.0,0.0,0.0,0.0,1.0,0.0,0.0,0.0,0.0,1.0,;
100.0;
matrix;0.99997,0.00183,-0.00826,0.00435,0.00826,-0.0,0.99997,0.0,0.00183,-1.0,-2e-05,0.00027,0.0,0.0,0.0,1.0,;
matrix_basis;1.0,-0.0,0.0,0.0,0.0,1.0,0.0,0.0,0.0,0.0,1.0,0.0,0.0,0.0,0.0,1.0,;
40.0;
matrix;0.99997,0.00183,-0.00826,0.00435,0.00826,-0.0,0.99997,0.0,0.00183,-1.0,-2e-05,0.00027,0.0,0.0,0.0,1.0,;
matrix_basis;1.0,-0.0,0.0,0.0,0.0,1.0,0.0,0.0,0.0,0.0,1.0,0.0,0.0,0.0,0.0,1.0,;
105.0;
matrix;0.99997,0.00183,-0.00826,0.00435,0.00826,-0.0,0.99997,0.0,0.00183,-1.0,-2e-05,0.00027,0.0,0.0,0.0,1.0,;
matrix_basis;1.0,-0.0,0.0,0.0,0.0,1.0,0.0,0.0,0.0,0.0,1.0,0.0,0.0,0.0,0.0,1.0,;
107.0;
matrix;0.99997,0.00183,-0.00826,0.00435,0.00826,-0.0,0.99997,0.0,0.00183,-1.0,-2e-05,0.00027,0.0,0.0,0.0,1.0,;
matrix_basis;1.0,-0.0,0.0,0.0,0.0,1.0,0.0,0.0,0.0,0.0,1.0,0.0,0.0,0.0,0.0,1.0,;
45.0;
matrix;0.99997,0.00183,-0.00826,0.00435,0.00826,-0.0,0.99997,0.0,0.00183,-1.0,-2e-05,0.00027,0.0,0.0,0.0,1.0,;
matrix_basis;1.0,-0.0,0.0,0.0,0.0,1.0,0.0,0.0,0.0,0.0,1.0,0.0,0.0,0.0,0.0,1.0,;
110.0;
matrix;0.99997,0.00183,-0.00826,0.00435,0.00826,-0.0,0.99997,0.0,0.00183,-1.0,-2e-05,0.00027,0.0,0.0,0.0,1.0,;
matrix_basis;1.0,-0.0,0.0,0.0,0.0,1.0,0.0,0.0,0.0,0.0,1.0,0.0,0.0,0.0,0.0,1.0,;
113.0;
matrix;0.99997,0.00183,-0.00826,0.00435,0.00826,-0.0,0.99997,0.0,0.00183,-1.0,-2e-05,0.00027,0.0,0.0,0.0,1.0,;
matrix_basis;1.0,-0.0,0.0,0.0,0.0,1.0,0.0,0.0,0.0,0.0,1.0,0.0,0.0,0.0,0.0,1.0,;
50.0;
matrix;0.99997,0.00183,-0.00826,0.00435,0.00826,-0.0,0.99997,0.0,0.00183,-1.0,-2e-05,0.00027,0.0,0.0,0.0,1.0,;
matrix_basis;1.0,-0.0,0.0,0.0,0.0,1.0,0.0,0.0,0.0,0.0,1.0,0.0,0.0,0.0,0.0,1.0,;
115.0;
matrix;0.99997,0.00183,-0.00826,0.00435,0.00826,-0.0,0.99997,0.0,0.00183,-1.0,-2e-05,0.00027,0.0,0.0,0.0,1.0,;
matrix_basis;1.0,-0.0,0.0,0.0,0.0,1.0,0.0,0.0,0.0,0.0,1.0,0.0,0.0,0.0,0.0,1.0,;
55.0;
matrix;0.99997,0.00183,-0.00826,0.00435,0.00826,-0.0,0.99997,0.0,0.00183,-1.0,-2e-05,0.00027,0.0,0.0,0.0,1.0,;
matrix_basis;1.0,-0.0,0.0,0.0,0.0,1.0,0.0,0.0,0.0,0.0,1.0,0.0,0.0,0.0,0.0,1.0,;
60.0;
matrix;0.99997,0.00183,-0.00826,0.00435,0.00826,-0.0,0.99997,0.0,0.00183,-1.0,-2e-05,0.00027,0.0,0.0,0.0,1.0,;
matrix_basis;1.0,-0.0,0.0,0.0,0.0,1.0,0.0,0.0,0.0,0.0,1.0,0.0,0.0,0.0,0.0,1.0,;
}
}
anim{
boostermaeBone;
keys{
25;
0.0;
matrix;1.0,-0.0,0.0,0.00435,0.0,0.99999,0.00396,0.0,0.0,-0.00396,0.99999,0.00027,0.0,0.0,0.0,1.0,;
matrix_basis;1.0,0.0,0.0,0.0,-0.0,1.0,0.0,0.0,0.0,0.0,1.0,0.0,0.0,0.0,0.0,1.0,;
65.0;
matrix;1.0,-0.0,0.0,0.00435,0.0,0.99999,0.00396,0.0,-0.0,-0.00396,0.99999,0.00027,0.0,0.0,0.0,1.0,;
matrix_basis;1.0,0.0,0.0,0.0,-0.0,1.0,0.0,0.0,0.0,0.0,1.0,0.0,0.0,0.0,0.0,1.0,;
70.0;
matrix;1.0,-0.0,0.0,0.00435,0.0,0.99999,0.00396,0.0,-0.0,-0.00396,0.99999,0.00027,0.0,0.0,0.0,1.0,;
matrix_basis;1.0,0.0,0.0,0.0,-0.0,1.0,0.0,0.0,0.0,0.0,1.0,0.0,0.0,0.0,0.0,1.0,;
10.0;
matrix;1.0,-0.0,0.0,0.00435,0.0,0.99999,0.00396,0.0,0.0,-0.00396,0.99999,0.00027,0.0,0.0,0.0,1.0,;
matrix_basis;1.0,0.0,0.0,0.0,-0.0,1.0,0.0,0.0,0.0,0.0,1.0,0.0,0.0,0.0,0.0,1.0,;
75.0;
matrix;1.0,-0.0,0.0,0.00435,0.0,0.99999,0.00396,0.0,-0.0,-0.00396,0.99999,0.00027,0.0,0.0,0.0,1.0,;
matrix_basis;1.0,0.0,0.0,0.0,-0.0,1.0,0.0,0.0,0.0,0.0,1.0,0.0,0.0,0.0,0.0,1.0,;
15.0;
matrix;1.0,-0.0,0.0,0.00435,0.0,0.99999,0.00396,0.0,-0.0,-0.00396,0.99999,0.00027,0.0,0.0,0.0,1.0,;
matrix_basis;1.0,0.0,0.0,0.0,-0.0,1.0,0.0,0.0,0.0,0.0,1.0,0.0,0.0,0.0,0.0,1.0,;
80.0;
matrix;1.0,-0.0,0.0,0.00435,0.0,0.99999,0.00396,0.0,-0.0,-0.00396,0.99999,0.00027,0.0,0.0,0.0,1.0,;
matrix_basis;1.0,0.0,0.0,0.0,-0.0,1.0,0.0,0.0,0.0,0.0,1.0,0.0,0.0,0.0,0.0,1.0,;
20.0;
matrix;1.0,-0.0,0.0,0.00435,0.0,0.99999,0.00396,0.0,-0.0,-0.00396,0.99999,0.00027,0.0,0.0,0.0,1.0,;
matrix_basis;1.0,0.0,0.0,0.0,-0.0,1.0,0.0,0.0,0.0,0.0,1.0,0.0,0.0,0.0,0.0,1.0,;
85.0;
matrix;1.0,-0.0,0.0,0.00435,0.0,0.99999,0.00396,0.0,-0.0,-0.00396,0.99999,0.00027,0.0,0.0,0.0,1.0,;
matrix_basis;1.0,0.0,0.0,0.0,-0.0,1.0,0.0,0.0,0.0,0.0,1.0,0.0,0.0,0.0,0.0,1.0,;
25.0;
matrix;1.0,-0.0,0.0,0.00435,0.0,0.99999,0.00396,0.0,-0.0,-0.00396,0.99999,0.00027,0.0,0.0,0.0,1.0,;
matrix_basis;1.0,0.0,0.0,0.0,-0.0,1.0,0.0,0.0,0.0,0.0,1.0,0.0,0.0,0.0,0.0,1.0,;
90.0;
matrix;1.0,-0.0,0.0,0.00435,0.0,0.99999,0.00396,0.0,-0.0,-0.00396,0.99999,0.00027,0.0,0.0,0.0,1.0,;
matrix_basis;1.0,0.0,0.0,0.0,-0.0,1.0,0.0,0.0,0.0,0.0,1.0,0.0,0.0,0.0,0.0,1.0,;
30.0;
matrix;1.0,-0.0,0.0,0.00435,0.0,0.99999,0.00396,0.0,-0.0,-0.00396,0.99999,0.00027,0.0,0.0,0.0,1.0,;
matrix_basis;1.0,0.0,0.0,0.0,-0.0,1.0,0.0,0.0,0.0,0.0,1.0,0.0,0.0,0.0,0.0,1.0,;
95.0;
matrix;1.0,-0.0,0.0,0.00435,0.0,0.99999,0.00396,0.0,-0.0,-0.00396,0.99999,0.00027,0.0,0.0,0.0,1.0,;
matrix_basis;1.0,0.0,0.0,0.0,-0.0,1.0,0.0,0.0,0.0,0.0,1.0,0.0,0.0,0.0,0.0,1.0,;
35.0;
matrix;1.0,-0.0,0.0,0.00435,0.0,0.99999,0.00396,0.0,-0.0,-0.00396,0.99999,0.00027,0.0,0.0,0.0,1.0,;
matrix_basis;1.0,0.0,0.0,0.0,-0.0,1.0,0.0,0.0,0.0,0.0,1.0,0.0,0.0,0.0,0.0,1.0,;
100.0;
matrix;1.0,-0.0,0.0,0.00435,0.0,0.99999,0.00396,0.0,-0.0,-0.00396,0.99999,0.00027,0.0,0.0,0.0,1.0,;
matrix_basis;1.0,0.0,0.0,0.0,-0.0,1.0,0.0,0.0,0.0,0.0,1.0,0.0,0.0,0.0,0.0,1.0,;
40.0;
matrix;1.0,-0.0,0.0,0.00435,0.0,0.99999,0.00396,0.0,-0.0,-0.00396,0.99999,0.00027,0.0,0.0,0.0,1.0,;
matrix_basis;1.0,0.0,0.0,0.0,-0.0,1.0,0.0,0.0,0.0,0.0,1.0,0.0,0.0,0.0,0.0,1.0,;
105.0;
matrix;1.0,-0.0,0.0,0.00435,0.0,0.99999,0.00396,0.0,-0.0,-0.00396,0.99999,0.00027,0.0,0.0,0.0,1.0,;
matrix_basis;1.0,0.0,0.0,0.0,-0.0,1.0,0.0,0.0,0.0,0.0,1.0,0.0,0.0,0.0,0.0,1.0,;
107.0;
matrix;1.0,-0.0,0.0,0.00435,0.0,0.99999,0.00396,0.0,-0.0,-0.00396,0.99999,0.00027,0.0,0.0,0.0,1.0,;
matrix_basis;1.0,0.0,0.0,0.0,-0.0,1.0,0.0,0.0,0.0,0.0,1.0,0.0,0.0,0.0,0.0,1.0,;
45.0;
matrix;1.0,-0.0,0.0,0.00435,0.0,0.99999,0.00396,0.0,-0.0,-0.00396,0.99999,0.00027,0.0,0.0,0.0,1.0,;
matrix_basis;1.0,0.0,0.0,0.0,-0.0,1.0,0.0,0.0,0.0,0.0,1.0,0.0,0.0,0.0,0.0,1.0,;
110.0;
matrix;1.0,-0.0,0.0,0.00435,0.0,0.99999,0.00396,0.0,-0.0,-0.00396,0.99999,0.00027,0.0,0.0,0.0,1.0,;
matrix_basis;1.0,0.0,0.0,0.0,-0.0,1.0,0.0,0.0,0.0,0.0,1.0,0.0,0.0,0.0,0.0,1.0,;
113.0;
matrix;1.0,-0.0,0.0,0.00435,0.0,0.99999,0.00396,0.0,-0.0,-0.00396,0.99999,0.00027,0.0,0.0,0.0,1.0,;
matrix_basis;1.0,0.0,0.0,0.0,-0.0,1.0,0.0,0.0,0.0,0.0,1.0,0.0,0.0,0.0,0.0,1.0,;
50.0;
matrix;1.0,-0.0,0.0,0.00435,0.0,0.99999,0.00396,0.0,-0.0,-0.00396,0.99999,0.00027,0.0,0.0,0.0,1.0,;
matrix_basis;1.0,0.0,0.0,0.0,-0.0,1.0,0.0,0.0,0.0,0.0,1.0,0.0,0.0,0.0,0.0,1.0,;
115.0;
matrix;1.0,-0.0,0.0,0.00435,0.0,0.99999,0.00396,0.0,-0.0,-0.00396,0.99999,0.00027,0.0,0.0,0.0,1.0,;
matrix_basis;1.0,0.0,0.0,0.0,-0.0,1.0,0.0,0.0,0.0,0.0,1.0,0.0,0.0,0.0,0.0,1.0,;
55.0;
matrix;1.0,-0.0,0.0,0.00435,0.0,0.99999,0.00396,0.0,-0.0,-0.00396,0.99999,0.00027,0.0,0.0,0.0,1.0,;
matrix_basis;1.0,0.0,0.0,0.0,-0.0,1.0,0.0,0.0,0.0,0.0,1.0,0.0,0.0,0.0,0.0,1.0,;
60.0;
matrix;1.0,-0.0,0.0,0.00435,0.0,0.99999,0.00396,0.0,-0.0,-0.00396,0.99999,0.00027,0.0,0.0,0.0,1.0,;
matrix_basis;1.0,0.0,0.0,0.0,-0.0,1.0,0.0,0.0,0.0,0.0,1.0,0.0,0.0,0.0,0.0,1.0,;
}
}
anim{
modoruBone;
keys{
25;
0.0;
matrix;0.9998,0.01428,-0.01428,0.0,0.01428,0.0,0.9999,0.0,0.01428,-0.9999,-0.0002,0.30453,0.0,0.0,0.0,1.0,;
matrix_basis;1.0,-0.0,0.0,0.0,0.0,1.0,0.0,0.0,0.0,0.0,1.0,0.0,0.0,0.0,0.0,1.0,;
65.0;
matrix;0.9998,0.01428,-0.01428,0.0,0.01428,0.0,0.9999,0.0,0.01428,-0.9999,-0.0002,0.30453,0.0,0.0,0.0,1.0,;
matrix_basis;1.0,-0.0,0.0,0.0,0.0,1.0,0.0,0.0,0.0,0.0,1.0,0.0,0.0,0.0,0.0,1.0,;
70.0;
matrix;0.9998,0.01428,-0.01428,0.0,0.01428,0.0,0.9999,0.0,0.01428,-0.9999,-0.0002,0.30453,0.0,0.0,0.0,1.0,;
matrix_basis;1.0,-0.0,0.0,0.0,0.0,1.0,0.0,0.0,0.0,0.0,1.0,0.0,0.0,0.0,0.0,1.0,;
10.0;
matrix;0.9998,0.01428,-0.01428,0.0,0.01428,0.0,0.9999,0.0,0.01428,-0.9999,-0.0002,0.30453,0.0,0.0,0.0,1.0,;
matrix_basis;1.0,-0.0,0.0,0.0,0.0,1.0,0.0,0.0,0.0,0.0,1.0,0.0,0.0,0.0,0.0,1.0,;
75.0;
matrix;0.9998,0.01428,-0.01428,0.0,0.01428,0.0,0.9999,0.0,0.01428,-0.9999,-0.0002,0.30453,0.0,0.0,0.0,1.0,;
matrix_basis;1.0,-0.0,0.0,0.0,0.0,1.0,0.0,0.0,0.0,0.0,1.0,0.0,0.0,0.0,0.0,1.0,;
15.0;
matrix;0.9998,0.01428,-0.01428,0.0,0.01428,0.0,0.9999,0.0,0.01428,-0.9999,-0.0002,0.30453,0.0,0.0,0.0,1.0,;
matrix_basis;1.0,-0.0,0.0,0.0,0.0,1.0,0.0,0.0,0.0,0.0,1.0,0.0,0.0,0.0,0.0,1.0,;
80.0;
matrix;0.9998,0.01428,-0.01428,0.0,0.01428,0.0,0.9999,0.0,0.01428,-0.9999,-0.0002,0.30453,0.0,0.0,0.0,1.0,;
matrix_basis;1.0,-0.0,0.0,0.0,0.0,1.0,0.0,0.0,0.0,0.0,1.0,0.0,0.0,0.0,0.0,1.0,;
20.0;
matrix;0.9998,0.01428,-0.01428,0.0,0.01428,0.0,0.9999,0.0,0.01428,-0.9999,-0.0002,0.30453,0.0,0.0,0.0,1.0,;
matrix_basis;1.0,-0.0,0.0,0.0,0.0,1.0,0.0,0.0,0.0,0.0,1.0,0.0,0.0,0.0,0.0,1.0,;
85.0;
matrix;0.9998,0.01428,-0.01428,0.0,0.01428,0.0,0.9999,0.0,0.01428,-0.9999,-0.0002,0.30453,0.0,0.0,0.0,1.0,;
matrix_basis;1.0,-0.0,0.0,0.0,0.0,1.0,0.0,0.0,0.0,0.0,1.0,0.0,0.0,0.0,0.0,1.0,;
25.0;
matrix;0.9998,0.01428,-0.01428,0.0,0.01428,0.0,0.9999,0.0,0.01428,-0.9999,-0.0002,0.30453,0.0,0.0,0.0,1.0,;
matrix_basis;1.0,-0.0,0.0,0.0,0.0,1.0,0.0,0.0,0.0,0.0,1.0,0.0,0.0,0.0,0.0,1.0,;
90.0;
matrix;0.9998,0.01428,-0.01428,0.0,0.01428,0.0,0.9999,0.0,0.01428,-0.9999,-0.0002,0.30453,0.0,0.0,0.0,1.0,;
matrix_basis;1.0,-0.0,0.0,0.0,0.0,1.0,0.0,0.0,0.0,0.0,1.0,0.0,0.0,0.0,0.0,1.0,;
30.0;
matrix;0.9998,0.01428,-0.01428,0.0,0.01428,0.0,0.9999,0.0,0.01428,-0.9999,-0.0002,0.30453,0.0,0.0,0.0,1.0,;
matrix_basis;1.0,-0.0,0.0,0.0,0.0,1.0,0.0,0.0,0.0,0.0,1.0,0.0,0.0,0.0,0.0,1.0,;
95.0;
matrix;0.9998,0.01428,-0.01428,0.0,0.01428,0.0,0.9999,0.0,0.01428,-0.9999,-0.0002,0.30453,0.0,0.0,0.0,1.0,;
matrix_basis;1.0,-0.0,0.0,0.0,0.0,1.0,0.0,0.0,0.0,0.0,1.0,0.0,0.0,0.0,0.0,1.0,;
35.0;
matrix;0.9998,0.01428,-0.01428,0.0,0.01428,0.0,0.9999,0.0,0.01428,-0.9999,-0.0002,0.30453,0.0,0.0,0.0,1.0,;
matrix_basis;1.0,-0.0,0.0,0.0,0.0,1.0,0.0,0.0,0.0,0.0,1.0,0.0,0.0,0.0,0.0,1.0,;
100.0;
matrix;0.9998,0.01428,-0.01428,0.0,0.01428,0.0,0.9999,0.0,0.01428,-0.9999,-0.0002,0.30453,0.0,0.0,0.0,1.0,;
matrix_basis;1.0,-0.0,0.0,0.0,0.0,1.0,0.0,0.0,0.0,0.0,1.0,0.0,0.0,0.0,0.0,1.0,;
40.0;
matrix;0.9998,0.01428,-0.01428,0.0,0.01428,0.0,0.9999,0.0,0.01428,-0.9999,-0.0002,0.30453,0.0,0.0,0.0,1.0,;
matrix_basis;1.0,-0.0,0.0,0.0,0.0,1.0,0.0,0.0,0.0,0.0,1.0,0.0,0.0,0.0,0.0,1.0,;
105.0;
matrix;0.9998,0.01428,-0.01428,0.0,0.01428,0.0,0.9999,0.0,0.01428,-0.9999,-0.0002,0.30453,0.0,0.0,0.0,1.0,;
matrix_basis;1.0,-0.0,0.0,0.0,0.0,1.0,0.0,0.0,0.0,0.0,1.0,0.0,0.0,0.0,0.0,1.0,;
107.0;
matrix;0.9998,0.01428,-0.01428,0.0,0.01428,0.0,0.9999,0.0,0.01428,-0.9999,-0.0002,0.30453,0.0,0.0,0.0,1.0,;
matrix_basis;1.0,-0.0,0.0,0.0,0.0,1.0,0.0,0.0,0.0,0.0,1.0,0.0,0.0,0.0,0.0,1.0,;
45.0;
matrix;0.9998,0.01428,-0.01428,0.0,0.01428,0.0,0.9999,0.0,0.01428,-0.9999,-0.0002,0.30453,0.0,0.0,0.0,1.0,;
matrix_basis;1.0,-0.0,0.0,0.0,0.0,1.0,0.0,0.0,0.0,0.0,1.0,0.0,0.0,0.0,0.0,1.0,;
110.0;
matrix;0.9998,0.01428,-0.01428,0.0,0.01428,0.0,0.9999,0.0,0.01428,-0.9999,-0.0002,0.30453,0.0,0.0,0.0,1.0,;
matrix_basis;1.0,-0.0,0.0,0.0,0.0,1.0,0.0,0.0,0.0,0.0,1.0,0.0,0.0,0.0,0.0,1.0,;
113.0;
matrix;0.9998,0.01428,-0.01428,0.0,0.01428,0.0,0.9999,0.0,0.01428,-0.9999,-0.0002,0.30453,0.0,0.0,0.0,1.0,;
matrix_basis;1.0,-0.0,0.0,0.0,0.0,1.0,0.0,0.0,0.0,0.0,1.0,0.0,0.0,0.0,0.0,1.0,;
50.0;
matrix;0.9998,0.01428,-0.01428,0.0,0.01428,0.0,0.9999,0.0,0.01428,-0.9999,-0.0002,0.30453,0.0,0.0,0.0,1.0,;
matrix_basis;1.0,-0.0,0.0,0.0,0.0,1.0,0.0,0.0,0.0,0.0,1.0,0.0,0.0,0.0,0.0,1.0,;
115.0;
matrix;0.9998,0.01428,-0.01428,0.0,0.01428,0.0,0.9999,0.0,0.01428,-0.9999,-0.0002,0.30453,0.0,0.0,0.0,1.0,;
matrix_basis;1.0,-0.0,0.0,0.0,0.0,1.0,0.0,0.0,0.0,0.0,1.0,0.0,0.0,0.0,0.0,1.0,;
55.0;
matrix;0.9998,0.01428,-0.01428,0.0,0.01428,0.0,0.9999,0.0,0.01428,-0.9999,-0.0002,0.30453,0.0,0.0,0.0,1.0,;
matrix_basis;1.0,-0.0,0.0,0.0,0.0,1.0,0.0,0.0,0.0,0.0,1.0,0.0,0.0,0.0,0.0,1.0,;
60.0;
matrix;0.9998,0.01428,-0.01428,0.0,0.01428,0.0,0.9999,0.0,0.01428,-0.9999,-0.0002,0.30453,0.0,0.0,0.0,1.0,;
matrix_basis;1.0,-0.0,0.0,0.0,0.0,1.0,0.0,0.0,0.0,0.0,1.0,0.0,0.0,0.0,0.0,1.0,;
}
}
anim{
doBone;
keys{
25;
0.0;
matrix;1.0,0.0,0.0,0.0,0.0,0.0,-1.0,0.0,0.0,1.0,0.0,0.0,0.0,0.0,0.0,1.0,;
matrix_basis;1.0,0.0,0.0,0.0,0.0,1.0,0.0,0.0,0.0,0.0,1.0,0.0,0.0,0.0,0.0,1.0,;
65.0;
matrix;1.0,0.0,0.0,0.0,0.0,0.0,-1.0,0.0,0.0,1.0,0.0,0.0,0.0,0.0,0.0,1.0,;
matrix_basis;1.0,0.0,0.0,0.0,0.0,1.0,0.0,0.0,0.0,0.0,1.0,0.0,0.0,0.0,0.0,1.0,;
70.0;
matrix;1.0,0.0,0.0,0.0,0.0,0.0,-1.0,0.0,0.0,1.0,0.0,0.0,0.0,0.0,0.0,1.0,;
matrix_basis;1.0,0.0,0.0,0.0,0.0,1.0,0.0,0.0,0.0,0.0,1.0,0.0,0.0,0.0,0.0,1.0,;
10.0;
matrix;1.0,0.0,0.0,0.0,0.0,0.0,-1.0,0.0,0.0,1.0,0.0,0.0,0.0,0.0,0.0,1.0,;
matrix_basis;1.0,0.0,0.0,0.0,0.0,1.0,0.0,0.0,0.0,0.0,1.0,0.0,0.0,0.0,0.0,1.0,;
75.0;
matrix;1.0,0.0,0.0,0.0,0.0,0.0,-1.0,0.0,0.0,1.0,0.0,0.0,0.0,0.0,0.0,1.0,;
matrix_basis;1.0,0.0,0.0,0.0,0.0,1.0,0.0,0.0,0.0,0.0,1.0,0.0,0.0,0.0,0.0,1.0,;
15.0;
matrix;1.0,0.0,0.0,0.0,0.0,0.0,-1.0,0.0,0.0,1.0,0.0,0.0,0.0,0.0,0.0,1.0,;
matrix_basis;1.0,0.0,0.0,0.0,0.0,1.0,0.0,0.0,0.0,0.0,1.0,0.0,0.0,0.0,0.0,1.0,;
80.0;
matrix;1.0,0.0,0.0,0.0,0.0,0.0,-1.0,0.0,0.0,1.0,0.0,0.0,0.0,0.0,0.0,1.0,;
matrix_basis;1.0,0.0,0.0,0.0,0.0,1.0,0.0,0.0,0.0,0.0,1.0,0.0,0.0,0.0,0.0,1.0,;
20.0;
matrix;1.0,0.0,0.0,0.0,0.0,0.0,-1.0,0.0,0.0,1.0,0.0,0.0,0.0,0.0,0.0,1.0,;
matrix_basis;1.0,0.0,0.0,0.0,0.0,1.0,0.0,0.0,0.0,0.0,1.0,0.0,0.0,0.0,0.0,1.0,;
85.0;
matrix;1.0,0.0,0.0,0.0,0.0,0.0,-1.0,0.0,0.0,1.0,0.0,0.0,0.0,0.0,0.0,1.0,;
matrix_basis;1.0,0.0,0.0,0.0,0.0,1.0,0.0,0.0,0.0,0.0,1.0,0.0,0.0,0.0,0.0,1.0,;
25.0;
matrix;1.0,0.0,0.0,0.0,0.0,0.0,-1.0,0.0,0.0,1.0,0.0,0.0,0.0,0.0,0.0,1.0,;
matrix_basis;1.0,0.0,0.0,0.0,0.0,1.0,0.0,0.0,0.0,0.0,1.0,0.0,0.0,0.0,0.0,1.0,;
90.0;
matrix;1.0,0.0,0.0,0.0,0.0,0.0,-1.0,0.0,0.0,1.0,0.0,0.0,0.0,0.0,0.0,1.0,;
matrix_basis;1.0,0.0,0.0,0.0,0.0,1.0,0.0,0.0,0.0,0.0,1.0,0.0,0.0,0.0,0.0,1.0,;
30.0;
matrix;1.0,0.0,0.0,0.0,0.0,0.0,-1.0,0.0,0.0,1.0,0.0,0.0,0.0,0.0,0.0,1.0,;
matrix_basis;1.0,0.0,0.0,0.0,0.0,1.0,0.0,0.0,0.0,0.0,1.0,0.0,0.0,0.0,0.0,1.0,;
95.0;
matrix;1.0,0.0,0.0,0.0,0.0,0.0,-1.0,0.0,0.0,1.0,0.0,0.0,0.0,0.0,0.0,1.0,;
matrix_basis;1.0,0.0,0.0,0.0,0.0,1.0,0.0,0.0,0.0,0.0,1.0,0.0,0.0,0.0,0.0,1.0,;
35.0;
matrix;1.0,0.0,0.0,0.0,0.0,0.0,-1.0,0.0,0.0,1.0,0.0,0.0,0.0,0.0,0.0,1.0,;
matrix_basis;1.0,0.0,0.0,0.0,0.0,1.0,0.0,0.0,0.0,0.0,1.0,0.0,0.0,0.0,0.0,1.0,;
100.0;
matrix;1.0,0.0,0.0,0.0,0.0,0.0,-1.0,0.0,0.0,1.0,0.0,0.0,0.0,0.0,0.0,1.0,;
matrix_basis;1.0,0.0,0.0,0.0,0.0,1.0,0.0,0.0,0.0,0.0,1.0,0.0,0.0,0.0,0.0,1.0,;
40.0;
matrix;1.0,0.0,0.0,0.0,0.0,0.0,-1.0,0.0,0.0,1.0,0.0,0.0,0.0,0.0,0.0,1.0,;
matrix_basis;1.0,0.0,0.0,0.0,0.0,1.0,0.0,0.0,0.0,0.0,1.0,0.0,0.0,0.0,0.0,1.0,;
105.0;
matrix;1.0,0.0,0.0,0.0,0.0,0.0,-1.0,0.0,0.0,1.0,0.0,0.0,0.0,0.0,0.0,1.0,;
matrix_basis;1.0,0.0,0.0,0.0,0.0,1.0,0.0,0.0,0.0,0.0,1.0,0.0,0.0,0.0,0.0,1.0,;
107.0;
matrix;1.0,0.0,0.0,0.0,0.0,0.0,-1.0,0.0,0.0,1.0,0.0,0.0,0.0,0.0,0.0,1.0,;
matrix_basis;1.0,0.0,0.0,0.0,0.0,1.0,0.0,0.0,0.0,0.0,1.0,0.0,0.0,0.0,0.0,1.0,;
45.0;
matrix;1.0,0.0,0.0,0.0,0.0,0.0,-1.0,0.0,0.0,1.0,0.0,0.0,0.0,0.0,0.0,1.0,;
matrix_basis;1.0,0.0,0.0,0.0,0.0,1.0,0.0,0.0,0.0,0.0,1.0,0.0,0.0,0.0,0.0,1.0,;
110.0;
matrix;1.0,0.0,0.0,0.0,0.0,0.0,-1.0,0.0,0.0,1.0,0.0,0.0,0.0,0.0,0.0,1.0,;
matrix_basis;1.0,0.0,0.0,0.0,0.0,1.0,0.0,0.0,0.0,0.0,1.0,0.0,0.0,0.0,0.0,1.0,;
113.0;
matrix;1.0,0.0,0.0,0.0,0.0,0.0,-1.0,0.0,0.0,1.0,0.0,0.0,0.0,0.0,0.0,1.0,;
matrix_basis;1.0,0.0,0.0,0.0,0.0,1.0,0.0,0.0,0.0,0.0,1.0,0.0,0.0,0.0,0.0,1.0,;
50.0;
matrix;1.0,0.0,0.0,0.0,0.0,0.0,-1.0,0.0,0.0,1.0,0.0,0.0,0.0,0.0,0.0,1.0,;
matrix_basis;1.0,0.0,0.0,0.0,0.0,1.0,0.0,0.0,0.0,0.0,1.0,0.0,0.0,0.0,0.0,1.0,;
115.0;
matrix;1.0,0.0,0.0,0.0,0.0,0.0,-1.0,0.0,0.0,1.0,0.0,0.0,0.0,0.0,0.0,1.0,;
matrix_basis;1.0,0.0,0.0,0.0,0.0,1.0,0.0,0.0,0.0,0.0,1.0,0.0,0.0,0.0,0.0,1.0,;
55.0;
matrix;1.0,0.0,0.0,0.0,0.0,0.0,-1.0,0.0,0.0,1.0,0.0,0.0,0.0,0.0,0.0,1.0,;
matrix_basis;1.0,0.0,0.0,0.0,0.0,1.0,0.0,0.0,0.0,0.0,1.0,0.0,0.0,0.0,0.0,1.0,;
60.0;
matrix;1.0,0.0,0.0,0.0,0.0,0.0,-1.0,0.0,0.0,1.0,0.0,0.0,0.0,0.0,0.0,1.0,;
matrix_basis;1.0,0.0,0.0,0.0,0.0,1.0,0.0,0.0,0.0,0.0,1.0,0.0,0.0,0.0,0.0,1.0,;
}
}
}
