verts{
96;
0,-0.68258,-0.15345,0.46559,-0.57735,-0.57735,0.57735,0.69656,0.80511,;
1,-0.68258,-0.15345,0.16559,-0.57735,-0.57735,-0.57735,0.69718,0.60404,;
2,-0.53258,-0.15345,0.46559,0.57735,-0.57735,0.57735,0.79709,0.80541,;
3,-0.53258,-0.15345,0.16559,0.57735,-0.57735,-0.57735,0.79771,0.60435,;
4,-0.53258,0.14655,0.46559,0.57735,0.57735,0.57735,0.33218,0.20168,;
5,-0.53258,0.14655,0.16559,0.57735,0.57735,-0.57735,0.53324,0.20106,;
6,-0.68258,0.14655,0.46559,-0.57735,0.57735,0.57735,0.89824,0.80541,;
7,-0.68258,0.14655,0.16559,-0.57735,0.57735,-0.57735,0.89885,0.60435,;
8,0.5308,-0.15345,0.46559,-0.57735,-0.57735,0.57735,0.9366,0.0,;
9,0.5308,-0.15345,0.16559,-0.57735,-0.57735,-0.57735,0.93721,0.20106,;
10,0.6808,-0.15345,0.46559,0.57735,-0.57735,0.57735,0.83607,0.00031,;
11,0.6808,-0.15345,0.16559,0.57735,-0.57735,-0.57735,0.83668,0.20137,;
12,0.6808,0.14655,0.46559,0.57735,0.57735,0.57735,0.33218,0.40335,;
13,0.6808,0.14655,0.16559,0.57735,0.57735,-0.57735,0.53324,0.40274,;
14,0.5308,0.14655,0.46559,-0.57735,0.57735,0.57735,0.99938,0.80541,;
15,0.5308,0.14655,0.16559,-0.57735,0.57735,-0.57735,1.0,0.60435,;
16,-0.61125,-0.06345,0.37559,-0.57735,-0.57735,0.57735,0.16578,0.00025,;
17,-0.61125,-0.06345,0.25559,-0.57735,-0.57735,-0.57735,0.24621,0.0,;
18,0.58875,-0.06345,0.37559,0.57735,-0.57735,0.57735,0.16825,0.80449,;
19,0.58875,-0.06345,0.25559,0.57735,-0.57735,-0.57735,0.24867,0.80424,;
20,0.58875,0.05655,0.37559,0.57735,0.57735,0.57735,0.00025,0.88516,;
21,0.58875,0.05655,0.25559,0.57735,0.57735,-0.57735,0.08067,0.88491,;
22,-0.61125,0.05655,0.37559,-0.57735,0.57735,0.57735,0.24867,0.80424,;
23,-0.61125,0.05655,0.25559,-0.57735,0.57735,-0.57735,0.3291,0.80449,;
24,-0.07125,-0.06345,0.61559,-0.57735,-0.57735,0.57735,0.61367,0.20168,;
25,-0.07125,-0.06345,0.01559,-0.57735,-0.57735,-0.57735,0.6149,0.6038,;
26,0.04875,-0.06345,0.61559,0.57735,-0.57735,0.57735,0.53324,0.20192,;
27,0.04875,-0.06345,0.01559,0.57735,-0.57735,-0.57735,0.53448,0.60405,;
28,0.04875,0.05655,0.61559,0.57735,0.57735,0.57735,0.85987,0.6038,;
29,0.04875,0.05655,0.01559,0.57735,0.57735,-0.57735,0.85864,0.20168,;
30,-0.07125,0.05655,0.61559,-0.57735,0.57735,0.57735,0.6149,0.20192,;
31,-0.07125,0.05655,0.01559,-0.57735,0.57735,-0.57735,0.61613,0.60404,;
32,-0.53258,-0.15345,0.46559,0.57735,-0.57735,0.57735,0.33157,0.00062,;
33,-0.53258,-0.15345,0.16559,0.57735,-0.57735,-0.57735,0.53263,0.0,;
34,-0.53258,0.14655,0.46559,0.57735,0.57735,0.57735,0.79771,0.80511,;
35,-0.53258,0.14655,0.16559,0.57735,0.57735,-0.57735,0.79832,0.60404,;
36,-0.68258,-0.15345,0.16559,-0.57735,-0.57735,-0.57735,0.7343,0.0,;
37,-0.68258,-0.15345,0.46559,-0.57735,-0.57735,0.57735,0.73492,0.20106,;
38,-0.68258,0.14655,0.46559,-0.57735,0.57735,0.57735,0.53386,0.20168,;
39,-0.68258,0.14655,0.16559,-0.57735,0.57735,-0.57735,0.53324,0.00062,;
40,-0.68258,0.14655,0.46559,-0.57735,0.57735,0.57735,0.53386,0.80541,;
41,-0.68258,-0.15345,0.46559,-0.57735,-0.57735,0.57735,0.53324,0.60435,;
42,-0.53258,-0.15345,0.46559,0.57735,-0.57735,0.57735,0.63377,0.60405,;
43,-0.53258,0.14655,0.46559,0.57735,0.57735,0.57735,0.63439,0.80511,;
44,-0.68258,-0.15345,0.16559,-0.57735,-0.57735,-0.57735,0.33218,0.8064,;
45,-0.68258,0.14655,0.16559,-0.57735,0.57735,-0.57735,0.33157,0.60534,;
46,-0.53258,0.14655,0.16559,0.57735,0.57735,-0.57735,0.4321,0.60503,;
47,-0.53258,-0.15345,0.16559,0.57735,-0.57735,-0.57735,0.43271,0.80609,;
48,0.6808,-0.15345,0.46559,0.57735,-0.57735,0.57735,0.33157,0.20229,;
49,0.6808,-0.15345,0.16559,0.57735,-0.57735,-0.57735,0.53263,0.20168,;
50,0.6808,0.14655,0.46559,0.57735,0.57735,0.57735,0.89885,0.80511,;
51,0.6808,0.14655,0.16559,0.57735,0.57735,-0.57735,0.89947,0.60404,;
52,0.5308,0.14655,0.46559,-0.57735,0.57735,0.57735,0.33218,0.60503,;
53,0.5308,0.14655,0.16559,-0.57735,0.57735,-0.57735,0.33157,0.40397,;
54,0.5308,-0.15345,0.16559,-0.57735,-0.57735,-0.57735,0.53263,0.40335,;
55,0.5308,-0.15345,0.46559,-0.57735,-0.57735,0.57735,0.53324,0.60442,;
56,0.5308,0.14655,0.46559,-0.57735,0.57735,0.57735,0.86049,0.60404,;
57,0.5308,-0.15345,0.46559,-0.57735,-0.57735,0.57735,0.85987,0.40298,;
58,0.6808,-0.15345,0.46559,0.57735,-0.57735,0.57735,0.9604,0.40268,;
59,0.6808,0.14655,0.46559,0.57735,0.57735,0.57735,0.96102,0.60374,;
60,0.5308,-0.15345,0.16559,-0.57735,-0.57735,-0.57735,0.73554,0.20137,;
61,0.5308,0.14655,0.16559,-0.57735,0.57735,-0.57735,0.73492,0.00031,;
62,0.6808,0.14655,0.16559,0.57735,0.57735,-0.57735,0.83545,0.0,;
63,0.6808,-0.15345,0.16559,0.57735,-0.57735,-0.57735,0.83607,0.20106,;
64,0.58875,-0.06345,0.37559,0.57735,-0.57735,0.57735,0.0,0.80474,;
65,0.58875,-0.06345,0.25559,0.57735,-0.57735,-0.57735,0.08042,0.80449,;
66,0.58875,0.05655,0.37559,0.57735,0.57735,0.57735,0.25114,0.0,;
67,0.58875,0.05655,0.25559,0.57735,0.57735,-0.57735,0.33157,0.00025,;
68,-0.61125,0.05655,0.37559,-0.57735,0.57735,0.57735,0.51314,0.76637,;
69,-0.61125,0.05655,0.25559,-0.57735,0.57735,-0.57735,0.43271,0.76613,;
70,-0.61125,-0.06345,0.25559,-0.57735,-0.57735,-0.57735,0.43296,0.6857,;
71,-0.61125,-0.06345,0.37559,-0.57735,-0.57735,0.57735,0.51338,0.68595,;
72,-0.61125,0.05655,0.37559,-0.57735,0.57735,0.57735,0.16332,0.80449,;
73,-0.61125,-0.06345,0.37559,-0.57735,-0.57735,0.57735,0.08289,0.80424,;
74,0.58875,-0.06345,0.37559,0.57735,-0.57735,0.57735,0.08536,0.0,;
75,0.58875,0.05655,0.37559,0.57735,0.57735,0.57735,0.16578,0.00025,;
76,-0.61125,-0.06345,0.25559,-0.57735,-0.57735,-0.57735,0.08289,0.80424,;
77,-0.61125,0.05655,0.25559,-0.57735,0.57735,-0.57735,0.00247,0.80449,;
78,0.58875,0.05655,0.25559,0.57735,0.57735,-0.57735,0.0,0.00025,;
79,0.58875,-0.06345,0.25559,0.57735,-0.57735,-0.57735,0.08042,0.0,;
80,0.04875,-0.06345,0.61559,0.57735,-0.57735,0.57735,0.77945,0.60404,;
81,0.04875,-0.06345,0.01559,0.57735,-0.57735,-0.57735,0.77822,0.20192,;
82,0.04875,0.05655,0.61559,0.57735,0.57735,0.57735,0.69533,0.20168,;
83,0.04875,0.05655,0.01559,0.57735,0.57735,-0.57735,0.69656,0.6038,;
84,-0.07125,0.05655,0.61559,-0.57735,0.57735,0.57735,0.69779,0.60404,;
85,-0.07125,0.05655,0.01559,-0.57735,0.57735,-0.57735,0.69656,0.20192,;
86,-0.07125,-0.06345,0.01559,-0.57735,-0.57735,-0.57735,0.77698,0.20168,;
87,-0.07125,-0.06345,0.61559,-0.57735,-0.57735,0.57735,0.77822,0.6038,;
88,-0.07125,0.05655,0.61559,-0.57735,0.57735,0.57735,0.43296,0.6857,;
89,-0.07125,-0.06345,0.61559,-0.57735,-0.57735,0.57735,0.43271,0.60528,;
90,0.04875,-0.06345,0.61559,0.57735,-0.57735,0.57735,0.51314,0.60503,;
91,0.04875,0.05655,0.61559,0.57735,0.57735,0.57735,0.51338,0.68546,;
92,-0.07125,-0.06345,0.01559,-0.57735,-0.57735,-0.57735,0.51338,0.8468,;
93,-0.07125,0.05655,0.01559,-0.57735,0.57735,-0.57735,0.43296,0.84704,;
94,0.04875,0.05655,0.01559,0.57735,0.57735,-0.57735,0.43271,0.76662,;
95,0.04875,-0.06345,0.01559,0.57735,-0.57735,-0.57735,0.51314,0.76637,;
}
polygons{
48;
0,0.0,-1.0,0.0,0,0,1,3,;
1,1.0,0.0,0.0,0,32,33,5,;
2,0.0,1.0,-0.0,0,34,35,7,;
3,-1.0,-0.0,0.0,0,36,37,38,;
4,0.0,0.0,1.0,0,40,41,42,;
5,0.0,-0.0,-1.0,0,44,45,46,;
6,0.0,-1.0,0.0,0,8,9,11,;
7,1.0,0.0,0.0,0,48,49,13,;
8,0.0,1.0,-0.0,0,50,51,15,;
9,-1.0,0.0,0.0,0,52,53,54,;
10,0.0,0.0,1.0,0,56,57,58,;
11,0.0,-0.0,-1.0,0,60,61,62,;
12,0.0,-1.0,0.0,0,16,17,19,;
13,1.0,0.0,0.0,0,64,65,21,;
14,0.0,1.0,-0.0,0,66,67,23,;
15,-1.0,0.0,0.0,0,68,69,70,;
16,0.0,0.0,1.0,0,72,73,74,;
17,-0.0,0.0,-1.0,0,76,77,78,;
18,0.0,-1.0,0.0,0,24,25,27,;
19,1.0,0.0,0.0,0,80,81,29,;
20,0.0,1.0,-0.0,0,82,83,31,;
21,-1.0,0.0,0.0,0,84,85,86,;
22,0.0,0.0,1.0,0,88,89,90,;
23,0.0,-0.0,-1.0,0,92,93,94,;
24,0.0,-1.0,0.0,0,0,3,2,;
25,1.0,0.0,0.0,0,32,5,4,;
26,0.0,1.0,-0.0,0,34,7,6,;
27,-1.0,-0.0,0.0,0,36,38,39,;
28,0.0,0.0,1.0,0,40,42,43,;
29,0.0,-0.0,-1.0,0,44,46,47,;
30,0.0,-1.0,0.0,0,8,11,10,;
31,1.0,0.0,0.0,0,48,13,12,;
32,0.0,1.0,-0.0,0,50,15,14,;
33,-1.0,0.0,0.0,0,52,54,55,;
34,0.0,0.0,1.0,0,56,58,59,;
35,0.0,-0.0,-1.0,0,60,62,63,;
36,0.0,-1.0,0.0,0,16,19,18,;
37,1.0,0.0,0.0,0,64,21,20,;
38,0.0,1.0,-0.0,0,66,23,22,;
39,-1.0,0.0,0.0,0,68,70,71,;
40,0.0,0.0,1.0,0,72,74,75,;
41,-0.0,0.0,-1.0,0,76,78,79,;
42,0.0,-1.0,0.0,0,24,27,26,;
43,1.0,0.0,0.0,0,80,29,28,;
44,0.0,1.0,-0.0,0,82,31,30,;
45,-1.0,0.0,0.0,0,84,86,87,;
46,0.0,0.0,1.0,0,88,90,91,;
47,0.0,-0.0,-1.0,0,92,94,95,;
}
materials{
1;
0,1.0,1.0,1.0,none.png,;
}
boneinfo{
13;
0,doBone,;
matrix;1.0,0.0,0.0,0.0,0.0,0.0,-1.0,0.0,0.0,1.0,0.0,0.0,0.0,0.0,0.0,1.0,;
matrix_local;1.0,0.0,0.0,0.0,0.0,0.0,-1.0,0.0,0.0,1.0,0.0,0.0,0.0,0.0,0.0,1.0,;
1,legmaeBone,;
matrix;0.99935,0.0315,-0.01753,0.0,0.0315,-0.9995,-0.00055,0.0,-0.01754,-0.0,-0.99985,0.0,0.0,0.0,0.0,1.0,;
matrix_local;0.99935,0.0315,-0.01753,0.0,0.01754,0.0,0.99985,0.0,0.0315,-0.9995,-0.00055,0.23184,0.0,0.0,0.0,1.0,;
2,legJointBone,;
matrix;0.99901,0.04414,-0.0049,0.0,0.04415,-0.99902,0.00056,0.0,-0.00487,-0.00077,-0.99999,0.0,0.0,0.0,0.0,1.0,;
matrix_local;0.99984,0.01266,0.01266,0.00751,0.01266,-0.0,-0.99992,0.0,-0.01266,0.99992,-0.00016,-0.00645,0.0,0.0,0.0,1.0,;
3,headBone,;
matrix;1.0,0.0,-0.0,0.0,-0.0,1.0,0.0,0.0,0.0,0.0,1.0,0.0,0.0,0.0,0.0,1.0,;
matrix_local;1.0,0.0,-0.0,0.0,-0.0,0.0,-1.0,0.0,-0.0,1.0,0.0,0.23184,0.0,0.0,0.0,1.0,;
4,headJointBone,;
matrix;1.0,-0.0,-0.0,0.0,0.0,1.0,-0.0,0.0,0.0,0.0,1.0,0.0,0.0,0.0,0.0,1.0,;
matrix_local;1.0,0.0,-0.0,0.0,-0.0,0.0,-1.0,0.0,-0.0,1.0,0.0,0.61974,0.0,0.0,0.0,1.0,;
5,rightArmBone,;
matrix;-0.0023,-0.99896,0.04545,0.0,-0.05052,0.04551,0.99769,0.0,-0.99872,-0.0,-0.05057,0.0,0.0,0.0,0.0,1.0,;
matrix_local;-0.0023,-0.99896,0.04545,0.0,0.99872,0.0,0.05057,0.0,-0.05052,0.04551,0.99769,0.23184,0.0,0.0,0.0,1.0,;
6,rightArmJointBone,;
matrix;0.01525,-0.05038,-0.99861,0.0,-0.99614,0.0856,-0.01953,0.0,0.08647,0.99505,-0.04888,0.0,0.0,0.0,0.0,1.0,;
matrix_local;0.999,-0.04017,0.01959,-0.62988,0.0196,-0.0,-0.99981,0.0,0.04016,0.99919,0.00079,0.26054,0.0,0.0,0.0,1.0,;
7,leftArmBone,;
matrix;0.00645,0.99627,0.08606,0.0,-0.07451,0.0863,-0.99348,0.0,-0.9972,0.0,0.07479,0.0,0.0,0.0,0.0,1.0,;
matrix_local;0.00645,0.99627,0.08606,0.0,0.9972,-0.0,-0.07479,0.0,-0.07451,0.0863,-0.99348,0.23184,0.0,0.0,0.0,1.0,;
8,leftArmJointBone,;
matrix;0.00782,-0.07438,-0.9972,0.0,0.99452,0.10454,-0.0,0.0,0.10425,-0.99174,0.07479,0.0,0.0,0.0,0.0,1.0,;
matrix_local;0.99983,0.01832,-0.0,0.70644,-0.0,-0.0,-1.0,0.0,-0.01832,0.99983,-0.0,0.29304,0.0,0.0,0.0,1.0,;
9,rightKataBone,;
matrix;-0.6428,-0.62942,0.43662,0.0,-0.52066,0.77707,0.35366,0.0,-0.56188,0.0,-0.82722,0.0,0.0,0.0,0.0,1.0,;
matrix_local;-0.6428,-0.62942,0.43662,0.0,0.56188,-0.0,0.82722,0.0,-0.52066,0.77707,0.35366,0.23184,0.0,0.0,0.0,1.0,;
10,rightKataJointBone,;
matrix;-0.64313,-0.52027,-0.56188,0.0,-0.62894,0.77746,0.0,0.0,0.43684,0.35339,-0.82722,0.0,0.0,0.0,0.0,1.0,;
matrix_local;1.0,-0.00062,-0.0,-0.37589,-0.0,-0.0,-1.0,-0.0,0.00062,1.0,-0.0,0.69591,0.0,0.0,0.0,1.0,;
11,leftKataBone,;
matrix;0.61748,0.67027,0.41165,0.0,-0.5577,0.74212,-0.3718,0.0,-0.5547,0.0,0.83205,0.0,0.0,0.0,0.0,1.0,;
matrix_local;0.61748,0.67027,0.41165,0.0,0.5547,-0.0,-0.83205,0.0,-0.5577,0.74212,-0.3718,0.23184,0.0,0.0,0.0,1.0,;
12,leftKataJointBone,;
matrix;0.61744,-0.55774,-0.5547,0.0,0.67032,0.74207,-0.0,0.0,0.41163,-0.37183,0.83205,0.0,0.0,0.0,0.0,1.0,;
matrix_local;1.0,-7e-05,-0.0,0.38399,-0.0,-0.0,-1.0,-0.0,7e-05,1.0,-0.0,0.657,0.0,0.0,0.0,1.0,;
}
bone_layer{
doBone;
6;
  bone_layer{
  legmaeBone;
  1;
    bone_layer{
    legJointBone;
    0;
    }
  }
  bone_layer{
  headBone;
  1;
    bone_layer{
    headJointBone;
    0;
    }
  }
  bone_layer{
  rightArmBone;
  1;
    bone_layer{
    rightArmJointBone;
    0;
    }
  }
  bone_layer{
  leftArmBone;
  1;
    bone_layer{
    leftArmJointBone;
    0;
    }
  }
  bone_layer{
  rightKataBone;
  1;
    bone_layer{
    rightKataJointBone;
    0;
    }
  }
  bone_layer{
  leftKataBone;
  1;
    bone_layer{
    leftKataJointBone;
    0;
    }
  }
}
boneweights{
96;
0,2,5,0.04233,6,0.95383,;
1,2,5,0.42951,6,0.57048,;
2,2,5,0.04242,6,0.95379,;
3,2,5,0.2862,6,0.7138,;
4,2,5,0.0078,6,0.9711,;
5,2,5,0.144,6,0.856,;
6,2,5,0.05214,6,0.94786,;
7,2,5,0.4224,6,0.5776,;
8,2,8,0.86351,7,0.13649,;
9,2,8,0.38883,7,0.61116,;
10,2,8,0.84777,7,0.15223,;
11,2,8,0.20567,7,0.79433,;
12,2,8,0.90116,7,0.09884,;
13,2,8,0.23017,7,0.76983,;
14,2,8,0.87617,7,0.12383,;
15,2,8,0.4026,7,0.5974,;
16,1,6,0.99517,;
17,1,6,0.97702,;
18,1,7,0.98908,;
19,2,6,0.00583,7,0.97209,;
20,1,7,0.98986,;
21,2,6,0.0053,7,0.97235,;
22,1,6,0.99247,;
23,1,6,0.97612,;
24,2,2,0.1523,3,0.83824,;
25,2,0,0.82173,2,0.16776,;
26,2,2,0.90001,3,0.09819,;
27,2,0,0.08735,2,0.91087,;
28,2,2,0.92285,3,0.07567,;
29,2,0,0.09724,2,0.9011,;
30,2,2,0.15855,3,0.83163,;
31,2,0,0.84497,2,0.14589,;
32,2,5,0.04242,6,0.95379,;
33,2,5,0.2862,6,0.7138,;
34,2,5,0.0078,6,0.9711,;
35,2,5,0.144,6,0.856,;
36,2,5,0.42951,6,0.57048,;
37,2,5,0.04233,6,0.95383,;
38,2,5,0.05214,6,0.94786,;
39,2,5,0.4224,6,0.5776,;
40,2,5,0.05214,6,0.94786,;
41,2,5,0.04233,6,0.95383,;
42,2,5,0.04242,6,0.95379,;
43,2,5,0.0078,6,0.9711,;
44,2,5,0.42951,6,0.57048,;
45,2,5,0.4224,6,0.5776,;
46,2,5,0.144,6,0.856,;
47,2,5,0.2862,6,0.7138,;
48,2,8,0.84777,7,0.15223,;
49,2,8,0.20567,7,0.79433,;
50,2,8,0.90116,7,0.09884,;
51,2,8,0.23017,7,0.76983,;
52,2,8,0.87617,7,0.12383,;
53,2,8,0.4026,7,0.5974,;
54,2,8,0.38883,7,0.61116,;
55,2,8,0.86351,7,0.13649,;
56,2,8,0.87617,7,0.12383,;
57,2,8,0.86351,7,0.13649,;
58,2,8,0.84777,7,0.15223,;
59,2,8,0.90116,7,0.09884,;
60,2,8,0.38883,7,0.61116,;
61,2,8,0.4026,7,0.5974,;
62,2,8,0.23017,7,0.76983,;
63,2,8,0.20567,7,0.79433,;
64,1,7,0.98908,;
65,2,6,0.00583,7,0.97209,;
66,1,7,0.98986,;
67,2,6,0.0053,7,0.97235,;
68,1,6,0.99247,;
69,1,6,0.97612,;
70,1,6,0.97702,;
71,1,6,0.99517,;
72,1,6,0.99247,;
73,1,6,0.99517,;
74,1,7,0.98908,;
75,1,7,0.98986,;
76,1,6,0.97702,;
77,1,6,0.97612,;
78,2,6,0.0053,7,0.97235,;
79,2,6,0.00583,7,0.97209,;
80,2,2,0.90001,3,0.09819,;
81,2,0,0.08735,2,0.91087,;
82,2,2,0.92285,3,0.07567,;
83,2,0,0.09724,2,0.9011,;
84,2,2,0.15855,3,0.83163,;
85,2,0,0.84497,2,0.14589,;
86,2,0,0.82173,2,0.16776,;
87,2,2,0.1523,3,0.83824,;
88,2,2,0.15855,3,0.83163,;
89,2,2,0.1523,3,0.83824,;
90,2,2,0.90001,3,0.09819,;
91,2,2,0.92285,3,0.07567,;
92,2,0,0.82173,2,0.16776,;
93,2,0,0.84497,2,0.14589,;
94,2,0,0.09724,2,0.9011,;
95,2,0,0.08735,2,0.91087,;
}
