verts{
102;
0,0.05205,-0.03992,1.63919,-0.16666,-0.18513,0.96847,0.52603,1.3196,;
1,0.05524,-0.02491,1.63803,0.00681,0.36143,0.93234,0.52762,1.31902,;
2,0.04076,-0.0291,1.63545,-0.52467,0.19807,0.82791,0.52038,1.31772,;
3,0.05817,-0.05149,1.63483,0.10068,-0.67342,0.73235,0.60713,0.9468,;
4,0.0669,-0.03797,1.63707,0.40306,-0.08472,0.91122,0.53345,1.31853,;
5,0.07625,-0.03004,1.63103,0.67144,0.13831,0.72802,0.53812,1.31551,;
6,0.04496,-0.05555,1.62825,-0.34608,-0.68853,0.63726,0.39508,0.82581,;
7,0.07199,-0.05127,1.62826,0.56197,-0.57649,0.59313,0.85411,0.82046,;
8,0.06823,-0.01691,1.6299,0.42232,0.6245,0.65694,0.53412,1.31495,;
9,0.05189,-0.01182,1.62824,-0.10367,0.78124,0.6155,0.52594,1.31412,;
10,0.08113,-0.02656,1.62211,0.90872,0.29203,0.2982,0.54057,1.31106,;
11,0.03591,-0.01941,1.62558,-0.65981,0.50951,0.55229,0.51795,1.31279,;
12,0.02792,-0.02824,1.61877,-0.91821,0.21149,0.33485,0.51396,1.30938,;
13,0.05775,-0.06277,1.61878,0.10187,-0.92856,0.35688,0.69876,0.63693,;
14,0.05317,-0.00598,1.6136,-0.05142,0.99377,0.09867,0.52658,1.3068,;
15,0.04035,-0.01016,1.61651,-0.5165,0.83297,0.19834,0.52018,1.30825,;
16,0.03265,-0.04156,1.6267,-0.75555,-0.22776,0.61415,0.51632,1.31335,;
17,0.08282,-0.04133,1.61878,0.91272,-0.22724,0.33952,0.94303,0.64055,;
18,0.06869,-0.00884,1.61536,0.41157,0.87301,0.26157,0.53435,1.30768,;
19,0.02943,-0.0481,1.61539,-0.89911,-0.41713,0.13254,0.51472,1.3077,;
20,0.0389,-0.05783,1.61768,-0.53383,-0.78686,0.30961,0.29577,0.61585,;
21,0.05089,-0.0641,1.61069,-0.17258,-0.98498,-0.00269,0.5747,0.465,;
22,0.07065,-0.05948,1.61419,0.51381,-0.83615,0.1919,0.91582,0.54388,;
23,0.08195,-0.04827,1.61069,0.87704,-0.47761,0.05161,1.0,0.48829,;
24,0.08482,-0.03016,1.61069,0.97617,0.20139,0.08054,0.87147,0.50893,;
25,0.07907,-0.01767,1.61304,0.80184,0.5782,0.1507,0.53953,1.30652,;
26,0.03456,-0.05577,1.61069,-0.71496,-0.6979,-0.04135,0.51728,1.30535,;
27,0.06011,-0.06372,1.606,0.13742,-0.98392,-0.11399,0.75501,0.36625,;
28,0.07624,-0.05551,1.606,0.69005,-0.70669,-0.15607,0.97693,0.38544,;
29,0.08445,-0.03938,1.606,0.98346,-0.1279,-0.12803,0.95097,0.41673,;
30,0.07864,-0.01954,1.60211,0.77279,0.51549,-0.37016,0.53932,1.30105,;
31,0.06882,-0.00871,1.606,0.43394,0.87551,-0.21247,0.53441,1.303,;
32,0.04314,-0.01057,1.59992,-0.38121,0.83041,-0.40629,0.52157,1.29996,;
33,0.03055,-0.01952,1.6072,-0.8439,0.51802,-0.13941,0.51527,1.3036,;
34,0.02642,-0.03483,1.60835,-0.99353,-0.008,-0.11304,0.51321,1.30417,;
35,0.06833,-0.05992,1.60142,0.42613,-0.85354,-0.29975,0.87601,0.28156,;
36,0.08065,-0.04761,1.60142,0.83914,-0.40846,-0.35914,0.97022,0.31646,;
37,0.06139,-0.01015,1.59619,0.15967,0.83242,-0.53056,0.5307,1.2981,;
38,0.02962,-0.04556,1.60261,-0.87854,-0.37294,-0.29841,0.06886,0.3436,;
39,0.04089,-0.05873,1.60261,-0.48418,-0.79467,-0.3661,0.33913,0.3095,;
40,0.08191,-0.03269,1.59823,0.88131,0.12986,-0.45433,0.84815,0.29764,;
41,0.03308,-0.03253,1.59253,-0.78445,0.03565,-0.61913,0.51654,1.29627,;
42,0.05534,-0.0594,1.59524,-0.05527,-0.80636,-0.58882,0.62091,0.1571,;
43,0.0713,-0.0532,1.59415,0.51082,-0.59548,-0.62001,0.86117,0.16026,;
44,0.07657,-0.04189,1.59125,0.77154,-0.27525,-0.57353,0.53829,1.29563,;
45,0.03792,-0.02172,1.59149,-0.579,0.48683,-0.65398,0.11419,0.21754,;
46,0.06005,-0.04446,1.58358,0.13764,-0.41408,-0.89975,0.58518,0.0,;
47,0.06977,-0.03574,1.58493,0.53688,0.01508,-0.8435,0.68005,0.06266,;
48,0.06691,-0.02188,1.58723,0.42732,0.45628,-0.78048,0.53346,1.29362,;
49,0.04362,-0.0461,1.58696,-0.43315,-0.4218,-0.7965,0.3134,0.05426,;
50,0.05512,-0.02417,1.58373,-0.00171,0.47499,-0.87997,0.52756,1.29187,;
51,0.04674,-0.02881,1.58303,-0.34925,0.21125,-0.91287,0.27543,0.05892,;
52,0.0561,-0.03447,1.58107,0.02521,-0.00473,-0.99966,0.52805,1.29054,;
53,0.05205,-0.03992,1.63919,-0.16666,-0.18513,0.96847,0.41982,1.0,;
54,0.0669,-0.03797,1.63707,0.40306,-0.08472,0.91122,0.65053,0.95851,;
55,0.05205,-0.03992,1.63919,-0.16666,-0.18513,0.96847,0.41982,1.0,;
56,0.03265,-0.04156,1.6267,-0.75555,-0.22776,0.61415,0.10502,0.78156,;
57,0.05205,-0.03992,1.63919,-0.16666,-0.18513,0.96847,0.41982,1.0,;
58,0.0669,-0.03797,1.63707,0.40306,-0.08472,0.91122,0.65053,0.95851,;
59,0.07625,-0.03004,1.63103,0.67144,0.13831,0.72802,0.73787,0.84352,;
60,0.0669,-0.03797,1.63707,0.40306,-0.08472,0.91122,0.65053,0.95851,;
61,0.07625,-0.03004,1.63103,0.67144,0.13831,0.72802,0.73787,0.84352,;
62,0.08282,-0.04133,1.61878,0.91272,-0.22724,0.33952,0.54141,1.30939,;
63,0.08282,-0.04133,1.61878,0.91272,-0.22724,0.33952,0.54141,1.30939,;
64,0.03265,-0.04156,1.6267,-0.75555,-0.22776,0.61415,0.10502,0.78156,;
65,0.03456,-0.05577,1.61069,-0.71496,-0.6979,-0.04135,0.20264,0.47799,;
66,0.08482,-0.03016,1.61069,0.97617,0.20139,0.08054,0.54241,1.30535,;
67,0.08445,-0.03938,1.606,0.98346,-0.1279,-0.12803,0.54223,1.303,;
68,0.02943,-0.0481,1.61539,-0.89911,-0.41713,0.13254,0.07537,0.57625,;
69,0.03265,-0.04156,1.6267,-0.75555,-0.22776,0.61415,0.10502,0.78156,;
70,0.03456,-0.05577,1.61069,-0.71496,-0.6979,-0.04135,0.20264,0.47799,;
71,0.08482,-0.03016,1.61069,0.97617,0.20139,0.08054,0.54241,1.30535,;
72,0.08282,-0.04133,1.61878,0.91272,-0.22724,0.33952,0.54141,1.30939,;
73,0.02962,-0.04556,1.60261,-0.87854,-0.37294,-0.29841,0.51481,1.30131,;
74,0.03456,-0.05577,1.61069,-0.71496,-0.6979,-0.04135,0.20264,0.47799,;
75,0.02943,-0.0481,1.61539,-0.89911,-0.41713,0.13254,0.07537,0.57625,;
76,0.08482,-0.03016,1.61069,0.97617,0.20139,0.08054,0.54241,1.30535,;
77,0.02962,-0.04556,1.60261,-0.87854,-0.37294,-0.29841,0.51481,1.30131,;
78,0.03456,-0.05577,1.61069,-0.71496,-0.6979,-0.04135,0.20264,0.47799,;
79,0.08191,-0.03269,1.59823,0.88131,0.12986,-0.45433,0.54096,1.29911,;
80,0.08445,-0.03938,1.606,0.98346,-0.1279,-0.12803,0.54223,1.303,;
81,0.03055,-0.01952,1.6072,-0.8439,0.51802,-0.13941,0.0,0.46519,;
82,0.04314,-0.01057,1.59992,-0.38121,0.83041,-0.40629,0.14947,0.36934,;
83,0.08191,-0.03269,1.59823,0.88131,0.12986,-0.45433,0.54096,1.29911,;
84,0.03792,-0.02172,1.59149,-0.579,0.48683,-0.65398,0.51896,1.29574,;
85,0.03308,-0.03253,1.59253,-0.78445,0.03565,-0.61913,0.07859,0.2028,;
86,0.03055,-0.01952,1.6072,-0.8439,0.51802,-0.13941,0.0,0.46519,;
87,0.03308,-0.03253,1.59253,-0.78445,0.03565,-0.61913,0.07859,0.2028,;
88,0.07657,-0.04189,1.59125,0.77154,-0.27525,-0.57353,0.84367,0.14922,;
89,0.08191,-0.03269,1.59823,0.88131,0.12986,-0.45433,0.54096,1.29911,;
90,0.03308,-0.03253,1.59253,-0.78445,0.03565,-0.61913,0.07859,0.2028,;
91,0.07657,-0.04189,1.59125,0.77154,-0.27525,-0.57353,0.84367,0.14922,;
92,0.06977,-0.03574,1.58493,0.53688,0.01508,-0.8435,0.53489,1.29246,;
93,0.06977,-0.03574,1.58493,0.53688,0.01508,-0.8435,0.53489,1.29246,;
94,0.04674,-0.02881,1.58303,-0.34925,0.21125,-0.91287,0.52337,1.29152,;
95,0.03792,-0.02172,1.59149,-0.579,0.48683,-0.65398,0.51896,1.29574,;
96,0.03308,-0.03253,1.59253,-0.78445,0.03565,-0.61913,0.07859,0.2028,;
97,0.04674,-0.02881,1.58303,-0.34925,0.21125,-0.91287,0.52337,1.29152,;
98,0.0561,-0.03447,1.58107,0.02521,-0.00473,-0.99966,0.4524,0.00254,;
99,0.0561,-0.03447,1.58107,0.02521,-0.00473,-0.99966,0.4524,0.00254,;
100,0.06977,-0.03574,1.58493,0.53688,0.01508,-0.8435,0.53489,1.29246,;
101,0.0561,-0.03447,1.58107,0.02521,-0.00473,-0.99966,0.4524,0.00254,;
}
polygons{
102;
0,0.13541,0.04749,0.98965,0,1,0,4,;
1,0.17066,-0.26689,0.9485,0,53,3,54,;
2,0.1115,0.61354,0.78175,0,1,8,9,;
3,-0.36628,0.49547,0.78762,0,1,9,11,;
4,-0.20781,0.11908,0.9709,0,2,0,1,;
5,0.14986,-0.94737,0.28289,0,3,6,7,;
6,0.33873,0.28365,0.89711,0,5,8,4,;
7,0.38226,0.27573,0.88196,0,8,1,4,;
8,0.68603,0.46661,0.55824,0,5,10,8,;
9,-0.50979,-0.24677,0.82415,0,16,0,2,;
10,-0.82161,0.14857,0.55035,0,2,11,16,;
11,-0.48847,-0.34061,0.80336,0,6,55,56,;
12,-0.27706,-0.46339,0.84173,0,3,57,6,;
13,0.39991,-0.39482,0.82715,0,7,58,3,;
14,-0.30543,0.60006,0.73935,0,11,2,1,;
15,0.7679,-0.5824,0.26672,0,7,22,17,;
16,0.65624,-0.22562,0.72003,0,59,60,7,;
17,0.10496,0.86803,0.4853,0,8,18,14,;
18,-0.21949,0.9125,0.3452,0,9,14,15,;
19,-0.25664,-0.9038,0.34246,0,6,20,13,;
20,0.11242,-0.71131,0.69383,0,13,7,6,;
21,0.75235,-0.23143,0.61678,0,17,61,7,;
22,0.8783,-0.00764,0.47806,0,10,5,62,;
23,0.9866,0.1337,-0.09347,0,10,63,25,;
24,0.68907,0.62416,0.36826,0,10,18,8,;
25,0.23997,0.89416,0.378,0,14,9,8,;
26,-0.72794,0.1409,0.67101,0,16,11,12,;
27,-0.93169,-0.12889,0.33963,0,16,12,19,;
28,0.36588,-0.81845,0.44303,0,22,7,13,;
29,0.23378,-0.97154,-0.03821,0,13,21,22,;
30,0.9873,-0.15641,0.02781,0,17,23,24,;
31,-0.43403,0.72845,0.53008,0,15,11,9,;
32,-0.96571,0.25845,-0.02461,0,12,33,34,;
33,-0.67558,-0.53853,0.50357,0,20,6,64,;
34,-0.86531,-0.37386,-0.33386,0,19,34,26,;
35,-0.45442,-0.89057,0.01977,0,20,65,21,;
36,0.45019,-0.88462,-0.12157,0,22,27,28,;
37,0.83207,-0.424,-0.35761,0,23,28,29,;
38,0.89027,0.17858,-0.41897,0,66,67,30,;
39,0.63173,0.62058,0.46453,0,18,10,25,;
40,0.70626,0.69274,-0.146,0,25,30,31,;
41,-0.77528,0.59108,0.22262,0,15,33,11,;
42,-0.80347,0.54867,0.23109,0,33,12,11,;
43,-0.62105,0.77394,-0.12372,0,33,15,32,;
44,-0.67548,-0.53855,0.50367,0,68,20,69,;
45,-0.71568,-0.61232,-0.33596,0,70,38,39,;
46,-0.16459,-0.90323,-0.39634,0,21,39,27,;
47,0.16934,-0.88622,-0.43121,0,27,42,35,;
48,0.70172,-0.57643,0.41872,0,23,17,22,;
49,0.62195,-0.62262,-0.47488,0,28,35,36,;
50,0.79097,0.2596,0.55405,0,71,25,72,;
51,0.8853,-0.16756,-0.43378,0,29,36,40,;
52,0.53964,0.6716,-0.50768,0,31,30,37,;
53,-0.32522,0.9424,-0.07819,0,32,15,14,;
54,-0.97172,-0.10974,0.20909,0,34,19,12,;
55,-0.91647,-0.06198,-0.39527,0,34,41,73,;
56,-0.72201,-0.64135,0.25955,0,74,20,75,;
57,-0.25571,-0.89533,0.3647,0,21,13,20,;
58,0.17445,-0.94808,0.26592,0,27,22,21,;
59,0.72005,-0.67413,0.16457,0,28,23,22,;
60,0.25395,-0.75984,-0.59846,0,35,42,43,;
61,0.96228,-0.15244,0.22532,0,29,24,23,;
62,0.67483,-0.20837,-0.70794,0,36,43,40,;
63,0.89524,0.43211,-0.10875,0,30,25,76,;
64,0.6504,0.75934,0.01988,0,31,18,25,;
65,0.1793,0.98366,0.01636,0,14,18,31,;
66,-0.91014,0.21902,-0.35167,0,33,41,34,;
67,-0.92894,-0.34655,0.1303,0,77,26,34,;
68,-0.45431,-0.89036,-0.02926,0,39,21,78,;
69,0.45231,-0.88874,0.07455,0,35,28,27,;
70,0.88846,-0.45273,0.07535,0,36,29,28,;
71,0.96056,0.26437,-0.08627,0,79,30,80,;
72,0.07344,0.9772,-0.19919,0,37,14,31,;
73,-0.67315,0.6203,-0.40261,0,45,81,82,;
74,-0.19186,-0.93714,-0.29149,0,42,27,39,;
75,-0.35066,-0.6979,-0.62448,0,39,49,42,;
76,0.664,-0.66468,-0.34249,0,43,36,35,;
77,-0.07688,0.96083,-0.26627,0,32,14,37,;
78,0.65974,0.17137,-0.73169,0,83,44,48,;
79,-0.23176,0.65375,-0.72035,0,32,50,84,;
80,-0.83552,0.3313,-0.43834,0,85,86,45,;
81,-0.71656,-0.29744,-0.63093,0,87,49,38,;
82,-0.63493,-0.54323,-0.54933,0,49,39,38,;
83,0.8917,-0.44107,-0.10166,0,88,40,43,;
84,0.45554,-0.38433,-0.80298,0,43,46,47,;
85,-0.15959,0.69471,-0.70136,0,50,32,37,;
86,0.7056,0.35615,-0.61261,0,48,30,89,;
87,0.53848,0.6566,-0.52813,0,37,30,48,;
88,0.10435,0.63415,-0.76613,0,48,50,37,;
89,-0.55255,-0.08895,-0.82872,0,90,51,49,;
90,-0.10557,-0.59106,-0.79969,0,46,42,49,;
91,0.19812,-0.64118,-0.74137,0,46,43,42,;
92,0.40508,-0.3991,-0.82258,0,47,91,43,;
93,0.77253,0.25614,-0.58102,0,92,48,44,;
94,0.24112,0.20733,-0.94809,0,93,50,48,;
95,-0.26157,0.58773,-0.76561,0,94,95,50,;
96,-0.5952,0.19072,-0.78061,0,51,96,45,;
97,-0.05444,0.24449,-0.96812,0,97,50,52,;
98,-0.1636,-0.30032,-0.9397,0,98,46,49,;
99,0.25673,-0.13849,-0.95651,0,46,99,47,;
100,0.28435,0.26481,-0.92143,0,52,50,100,;
101,-0.29432,-0.16122,-0.94201,0,101,49,51,;
}
materials{
1;
0,1.0,1.0,1.0,resrc/ponko/ponkoeye2.png,;
}
boneinfo{
25;
0,doBone,;
matrix;1.0,-0.0,0.0,0.0,0.0,0.02632,-0.99965,0.0,-0.0,0.99965,0.02632,0.0,0.0,0.0,0.0,1.0,;
matrix_local;1.0,-0.0,0.0,0.0,0.0,0.02632,-0.99965,-0.03665,-0.0,0.99965,0.02632,1.06769,0.0,0.0,0.0,1.0,;
1,dousitaBone,;
matrix;-1.0,0.0,0.0,0.0,-0.0,-0.99136,-0.13118,0.0,0.0,-0.13118,0.99136,0.0,0.0,0.0,0.0,1.0,;
matrix_local;-1.0,-0.0,0.0,-0.0,-0.0,0.10504,-0.99447,-0.0316,-0.0,-0.99447,-0.10504,1.25948,0.0,0.0,0.0,1.0,;
2,migikosiBone,;
matrix;-0.46778,0.72954,-0.49896,0.0,0.41957,0.68016,0.60112,0.0,0.77791,0.07184,-0.62425,0.0,0.0,0.0,0.0,1.0,;
matrix_local;0.46778,-0.72954,0.49896,-0.0,-0.72954,0.0,0.68394,0.0,-0.49896,-0.68394,-0.53222,0.96032,0.0,0.0,0.0,1.0,;
3,migimomoBone,;
matrix;0.59433,0.47395,-0.64973,0.0,-0.64972,0.75909,-0.04059,0.0,0.47397,0.44626,0.75908,0.0,0.0,0.0,0.0,1.0,;
matrix_local;0.98849,-0.10942,0.10443,-0.09768,-0.10942,-0.04055,0.99317,0.0,-0.10443,-0.99317,-0.05205,0.86874,0.0,0.0,0.0,1.0,;
4,migisuneBone,;
matrix;0.99976,0.01036,-0.01945,0.0,-0.01188,0.99675,-0.07972,0.0,0.01856,0.07993,0.99663,0.0,0.0,0.0,0.0,1.0,;
matrix_local;0.99149,-0.09047,0.09358,-0.13737,-0.09047,0.03783,0.99518,-0.01471,-0.09358,-0.99518,0.02933,0.50852,0.0,0.0,0.0,1.0,;
5,migiasiBone,;
matrix;0.99149,0.09358,-0.09047,0.0,-0.09047,0.99518,0.03784,0.0,0.09358,-0.02933,0.99518,0.0,0.0,0.0,0.0,1.0,;
matrix_local;1.0,-0.0,-0.0,-0.17254,0.0,-0.0,1.0,-0.0,0.0,-1.0,-0.0,0.12169,0.0,0.0,0.0,1.0,;
6,migifootBone,;
matrix;-0.96156,-0.17742,0.20958,0.0,-0.21574,0.01598,-0.97632,0.0,0.16987,-0.984,-0.05364,0.0,0.0,0.0,0.0,1.0,;
matrix_local;-0.96156,-0.17742,0.20958,-0.17254,0.16987,-0.98401,-0.05364,-0.0,0.21574,-0.01598,0.97632,0.0074,0.0,0.0,0.0,1.0,;
7,hidarikosiBone,;
matrix;-0.53614,-0.65201,0.53614,0.0,-0.38421,0.75402,0.53276,0.0,-0.75162,0.07964,-0.65477,0.0,0.0,0.0,0.0,1.0,;
matrix_local;0.53614,0.65201,-0.53614,-0.0,0.70711,0.0,0.70711,0.0,0.46104,-0.75821,-0.46104,0.96032,0.0,0.0,0.0,1.0,;
8,Bone.009,;
matrix;-0.55527,0.68572,0.4706,0.0,-0.43369,0.24409,-0.86737,0.0,-0.70964,-0.68572,0.16185,0.0,0.0,0.0,0.0,1.0,;
matrix_local;-0.2,0.89443,-0.4,0.0937,-0.89443,-0.0,0.44721,0.0,0.4,0.44721,0.8,0.85135,0.0,0.0,0.0,1.0,;
9,hidarimomoBone,;
matrix;-0.69116,-0.41298,-0.59308,0.0,-0.5352,0.84395,0.03603,0.0,0.48565,0.34232,-0.80433,0.0,0.0,0.0,0.0,1.0,;
matrix_local;-0.97989,0.14531,0.13675,0.0937,-0.14531,-0.04996,-0.98812,0.0,-0.13675,-0.98812,0.07007,0.85135,0.0,0.0,0.0,1.0,;
10,hidarisuneBone,;
matrix;-0.99698,0.04594,-0.06263,0.0,0.05206,0.99364,-0.09985,0.0,0.05764,-0.10281,-0.99303,0.0,0.0,0.0,0.0,1.0,;
matrix_local;0.99238,0.08531,-0.08894,0.14457,0.08531,0.04527,0.99533,-0.01749,0.08894,-0.99532,0.03765,0.50539,0.0,0.0,0.0,1.0,;
11,hidariasiBone,;
matrix;0.99596,-0.06529,0.06162,0.0,0.06266,0.99707,0.04379,0.0,-0.0643,-0.03975,0.99714,0.0,0.0,0.0,0.0,1.0,;
matrix_local;0.99943,0.0238,-0.0238,0.17754,0.0238,0.0,0.99972,0.0,0.0238,-0.99972,-0.00057,0.12077,0.0,0.0,0.0,1.0,;
12,hidarifootBone,;
matrix;0.88624,0.29641,0.35597,0.0,-0.31221,-0.18546,0.93173,0.0,0.3422,-0.93688,-0.07182,0.0,0.0,0.0,0.0,1.0,;
matrix_local;0.87017,0.31412,0.37965,0.18009,0.36319,-0.92956,-0.06333,0.0,0.33302,0.193,-0.92296,0.01393,0.0,0.0,0.0,1.0,;
13,douueBone,;
matrix;0.99993,0.00733,0.00887,0.0,-0.00867,0.98662,0.16278,0.0,-0.00756,-0.16284,0.98662,0.0,0.0,0.0,0.0,1.0,;
matrix_local;0.99993,0.00733,0.00887,-0.0,0.00733,0.18876,-0.982,-0.0316,-0.00887,0.982,0.18869,1.25948,0.0,0.0,0.0,1.0,;
14,kubisitaBone,;
matrix;0.99438,0.0742,0.07551,0.0,-0.05832,0.97921,-0.19427,0.0,-0.08836,0.18878,0.97804,0.0,0.0,0.0,0.0,1.0,;
matrix_local;0.9931,0.08305,0.08276,0.00123,0.08305,-0.0,-0.99655,0.0,-0.08276,0.99655,-0.0069,1.42386,0.0,0.0,0.0,1.0,;
15,kubiBone,;
matrix;0.9879,-0.10956,-0.10978,0.0,0.1099,0.99394,-0.00297,0.0,0.10944,-0.00913,0.99395,0.0,0.0,0.0,0.0,1.0,;
matrix_local;0.99927,-0.02702,-0.02701,0.00613,-0.02702,-0.0,-0.99963,0.0,0.02701,0.99963,-0.00073,1.48274,0.0,0.0,0.0,1.0,;
16,atamaBone,;
matrix;-0.99963,0.01926,-0.01927,0.0,0.01927,0.99981,-0.00015,0.0,0.01926,-0.00052,-0.99981,0.0,0.0,0.0,0.0,1.0,;
matrix_local;-0.99994,-0.00775,0.00775,0.00437,0.00775,-0.0,0.99997,0.0,-0.00775,0.99997,6e-05,1.5481,0.0,0.0,0.0,1.0,;
17,migisakotuBone,;
matrix;-0.10359,-0.98468,0.14024,0.0,-0.31526,-0.10123,-0.94359,0.0,0.94334,-0.14196,-0.29994,0.0,0.0,0.0,0.0,1.0,;
matrix_local;-0.09752,-0.98662,0.13066,0.00123,-0.98662,0.11308,0.11746,0.0,-0.13066,-0.11745,-0.98445,1.42386,0.0,0.0,0.0,1.0,;
18,migiarmBone,;
matrix;0.99386,0.06413,-0.09022,0.0,-0.07039,0.9952,-0.06797,0.0,0.08542,0.0739,0.9936,0.0,0.0,0.0,0.0,1.0,;
matrix_local;-0.01631,-0.97848,0.20568,-0.10561,-0.97848,0.05794,0.19803,0.01224,-0.20568,-0.19803,-0.95837,1.41114,0.0,0.0,0.0,1.0,;
19,migiarm2Bone,;
matrix;-0.99043,0.08523,-0.10859,0.0,0.09748,0.9888,-0.11306,0.0,0.09773,-0.12256,-0.98764,0.0,0.0,0.0,0.0,1.0,;
matrix_local;-0.05912,-0.99412,-0.09074,-0.31929,0.99412,-0.05037,-0.09588,0.0249,0.09074,-0.09588,0.99125,1.36789,0.0,0.0,0.0,1.0,;
20,migihandJointBone,;
matrix;0.05912,0.07477,0.99545,0.0,0.99412,-0.09506,-0.0519,0.0,0.09074,0.99266,-0.07995,0.0,0.0,0.0,0.0,1.0,;
matrix_local;-1.0,0.0,0.0,-0.56095,0.0,-0.01606,0.99987,0.01265,0.0,0.99987,0.01606,1.34459,0.0,0.0,0.0,1.0,;
21,hidarisakotuBone,;
matrix;0.12828,0.97997,0.1523,0.0,-0.34264,-0.10032,0.93409,0.0,0.93066,-0.17202,0.32291,0.0,0.0,0.0,0.0,1.0,;
matrix_local;0.13402,0.97765,0.162,0.00123,-0.97765,0.15716,-0.13966,0.0,-0.162,-0.13966,0.97686,1.42386,0.0,0.0,0.0,1.0,;
22,hidariarmBone,;
matrix;0.98831,0.14686,0.04083,0.0,-0.14739,0.98902,0.01038,0.0,-0.03886,-0.01628,0.99911,0.0,0.0,0.0,0.0,1.0,;
matrix_local;-0.01794,0.98396,0.17748,0.10806,-0.98396,0.01413,-0.17782,0.01717,-0.17748,-0.17782,0.96793,1.4086,0.0,0.0,0.0,1.0,;
23,hidariarm2Bone,;
matrix;0.99764,-0.00267,-0.06863,0.0,-0.00251,0.99716,-0.07521,0.0,0.06864,0.0752,0.9948,0.0,0.0,0.0,0.0,1.0,;
matrix_local;-0.00818,0.99457,0.10379,0.31919,-0.99388,0.00335,-0.11043,0.02021,-0.11018,-0.10405,0.98845,1.37044,0.0,0.0,0.0,1.0,;
24,hidarihandJointBone,;
matrix;-0.00015,-0.11048,0.99388,0.0,0.99351,-0.11309,-0.01242,0.0,0.11377,0.98742,0.10978,0.0,0.0,0.0,0.0,1.0,;
matrix_local;0.99992,-0.00909,-0.00909,0.56232,-0.00909,0.00038,-0.99996,0.02103,0.00909,0.99996,0.0003,1.345,0.0,0.0,0.0,1.0,;
}
bone_layer{
doBone;
2;
  bone_layer{
  dousitaBone;
  2;
    bone_layer{
    migikosiBone;
    1;
      bone_layer{
      migimomoBone;
      1;
        bone_layer{
        migisuneBone;
        1;
          bone_layer{
          migiasiBone;
          1;
            bone_layer{
            migifootBone;
            0;
            }
          }
        }
      }
    }
    bone_layer{
    hidarikosiBone;
    2;
      bone_layer{
      Bone.009;
      0;
      }
      bone_layer{
      hidarimomoBone;
      1;
        bone_layer{
        hidarisuneBone;
        1;
          bone_layer{
          hidariasiBone;
          1;
            bone_layer{
            hidarifootBone;
            0;
            }
          }
        }
      }
    }
  }
  bone_layer{
  douueBone;
  3;
    bone_layer{
    kubisitaBone;
    1;
      bone_layer{
      kubiBone;
      1;
        bone_layer{
        atamaBone;
        0;
        }
      }
    }
    bone_layer{
    migisakotuBone;
    1;
      bone_layer{
      migiarmBone;
      1;
        bone_layer{
        migiarm2Bone;
        1;
          bone_layer{
          migihandJointBone;
          0;
          }
        }
      }
    }
    bone_layer{
    hidarisakotuBone;
    1;
      bone_layer{
      hidariarmBone;
      1;
        bone_layer{
        hidariarm2Bone;
        1;
          bone_layer{
          hidarihandJointBone;
          0;
          }
        }
      }
    }
  }
}
boneweights{
102;
0,2,16,0.82211,15,0.17787,;
1,2,16,0.8138,15,0.18617,;
2,2,16,0.81227,15,0.18771,;
3,2,16,0.85309,15,0.14689,;
4,2,16,0.84539,15,0.15458,;
5,2,16,0.85731,15,0.14267,;
6,2,16,0.862,15,0.13798,;
7,2,16,0.8678,15,0.13217,;
8,2,16,0.84496,15,0.15502,;
9,2,16,0.81938,15,0.18059,;
10,2,16,0.86218,15,0.1378,;
11,2,16,0.81557,15,0.18441,;
12,2,16,0.83253,15,0.16745,;
13,2,16,0.87724,15,0.12274,;
14,2,16,0.8452,15,0.15477,;
15,2,16,0.82887,15,0.1711,;
16,2,16,0.84479,15,0.15518,;
17,2,16,0.87238,15,0.12759,;
18,2,16,0.85495,15,0.14502,;
19,2,16,0.86145,15,0.13852,;
20,2,16,0.87073,15,0.12925,;
21,2,16,0.88022,15,0.11976,;
22,2,16,0.879,15,0.12098,;
23,2,16,0.87514,15,0.12483,;
24,2,16,0.87144,15,0.12853,;
25,2,16,0.86298,15,0.13699,;
26,2,16,0.87233,15,0.12765,;
27,2,16,0.8823,15,0.11768,;
28,2,16,0.87774,15,0.12224,;
29,2,16,0.87386,15,0.12612,;
30,2,16,0.86847,15,0.1315,;
31,2,16,0.86298,15,0.13699,;
32,2,16,0.85371,15,0.14626,;
33,2,16,0.84257,15,0.1574,;
34,2,16,0.85345,15,0.14652,;
35,2,16,0.88016,15,0.11981,;
36,2,16,0.87614,15,0.12384,;
37,2,16,0.86671,15,0.13326,;
38,2,16,0.86789,15,0.13209,;
39,2,16,0.87927,15,0.12071,;
40,2,16,0.87318,15,0.12679,;
41,2,16,0.86528,15,0.13469,;
42,2,16,0.88341,15,0.11656,;
43,2,16,0.87907,15,0.12091,;
44,2,16,0.87648,15,0.1235,;
45,2,16,0.86162,15,0.13835,;
46,2,16,0.88101,15,0.11897,;
47,2,16,0.87721,15,0.12276,;
48,2,16,0.87557,15,0.1244,;
49,2,16,0.87834,15,0.12164,;
50,2,16,0.87387,15,0.1261,;
51,2,16,0.87235,15,0.12762,;
52,2,16,0.87755,15,0.12242,;
53,2,16,0.82211,15,0.17787,;
54,2,16,0.84539,15,0.15458,;
55,2,16,0.82211,15,0.17787,;
56,2,16,0.84479,15,0.15518,;
57,2,16,0.82211,15,0.17787,;
58,2,16,0.84539,15,0.15458,;
59,2,16,0.85731,15,0.14267,;
60,2,16,0.84539,15,0.15458,;
61,2,16,0.85731,15,0.14267,;
62,2,16,0.87238,15,0.12759,;
63,2,16,0.87238,15,0.12759,;
64,2,16,0.84479,15,0.15518,;
65,2,16,0.87233,15,0.12765,;
66,2,16,0.87144,15,0.12853,;
67,2,16,0.87386,15,0.12612,;
68,2,16,0.86145,15,0.13852,;
69,2,16,0.84479,15,0.15518,;
70,2,16,0.87233,15,0.12765,;
71,2,16,0.87144,15,0.12853,;
72,2,16,0.87238,15,0.12759,;
73,2,16,0.86789,15,0.13209,;
74,2,16,0.87233,15,0.12765,;
75,2,16,0.86145,15,0.13852,;
76,2,16,0.87144,15,0.12853,;
77,2,16,0.86789,15,0.13209,;
78,2,16,0.87233,15,0.12765,;
79,2,16,0.87318,15,0.12679,;
80,2,16,0.87386,15,0.12612,;
81,2,16,0.84257,15,0.1574,;
82,2,16,0.85371,15,0.14626,;
83,2,16,0.87318,15,0.12679,;
84,2,16,0.86162,15,0.13835,;
85,2,16,0.86528,15,0.13469,;
86,2,16,0.84257,15,0.1574,;
87,2,16,0.86528,15,0.13469,;
88,2,16,0.87648,15,0.1235,;
89,2,16,0.87318,15,0.12679,;
90,2,16,0.86528,15,0.13469,;
91,2,16,0.87648,15,0.1235,;
92,2,16,0.87721,15,0.12276,;
93,2,16,0.87721,15,0.12276,;
94,2,16,0.87235,15,0.12762,;
95,2,16,0.86162,15,0.13835,;
96,2,16,0.86528,15,0.13469,;
97,2,16,0.87235,15,0.12762,;
98,2,16,0.87755,15,0.12242,;
99,2,16,0.87755,15,0.12242,;
100,2,16,0.87721,15,0.12276,;
101,2,16,0.87755,15,0.12242,;
}
