animsets{
10;
anim{
boosterBone;
keys{
25;
0.0;
matrix;0.99984,-0.01266,-0.01266,0.00435,-0.01266,0.0,-0.99992,0.30353,0.01266,0.99992,-0.00016,-0.00093,0.0,0.0,0.0,1.0,;
matrix_basis;1.0,0.0,0.0,0.0,0.0,1.0,0.0,0.0,0.0,0.0,1.0,0.0,0.0,0.0,0.0,1.0,;
65.0;
matrix;0.99984,-0.01266,-0.01266,0.00435,-0.01266,0.0,-0.99992,0.30353,0.01266,0.99992,-0.00016,-0.00093,0.0,0.0,0.0,1.0,;
matrix_basis;1.0,0.0,0.0,0.0,0.0,1.0,0.0,0.0,0.0,0.0,1.0,0.0,0.0,0.0,0.0,1.0,;
70.0;
matrix;0.99984,-0.01266,-0.01266,0.00435,-0.01266,0.0,-0.99992,0.30353,0.01266,0.99992,-0.00016,-0.00093,0.0,0.0,0.0,1.0,;
matrix_basis;1.0,0.0,0.0,0.0,0.0,1.0,0.0,0.0,0.0,0.0,1.0,0.0,0.0,0.0,0.0,1.0,;
10.0;
matrix;0.99984,-0.01266,-0.01266,0.00435,-0.01266,0.0,-0.99992,0.30353,0.01266,0.99992,-0.00016,-0.00093,0.0,0.0,0.0,1.0,;
matrix_basis;1.0,0.0,0.0,0.0,0.0,1.0,0.0,0.0,0.0,0.0,1.0,0.0,0.0,0.0,0.0,1.0,;
75.0;
matrix;0.99984,-0.01266,-0.01266,0.00435,-0.01266,0.0,-0.99992,0.30353,0.01266,0.99992,-0.00016,-0.00093,0.0,0.0,0.0,1.0,;
matrix_basis;1.0,0.0,0.0,0.0,0.0,1.0,0.0,0.0,0.0,0.0,1.0,0.0,0.0,0.0,0.0,1.0,;
15.0;
matrix;0.99984,-0.01266,-0.01266,0.00435,-0.01266,0.0,-0.99992,0.30353,0.01266,0.99992,-0.00016,-0.00093,0.0,0.0,0.0,1.0,;
matrix_basis;1.0,0.0,0.0,0.0,0.0,1.0,0.0,0.0,0.0,0.0,1.0,0.0,0.0,0.0,0.0,1.0,;
80.0;
matrix;0.99984,-0.01266,-0.01266,0.00435,-0.01266,0.0,-0.99992,0.30353,0.01266,0.99992,-0.00016,-0.00093,0.0,0.0,0.0,1.0,;
matrix_basis;1.0,0.0,0.0,0.0,0.0,1.0,0.0,0.0,0.0,0.0,1.0,0.0,0.0,0.0,0.0,1.0,;
20.0;
matrix;0.99984,-0.01266,-0.01266,0.00435,-0.01266,0.0,-0.99992,0.30353,0.01266,0.99992,-0.00016,-0.00093,0.0,0.0,0.0,1.0,;
matrix_basis;1.0,0.0,0.0,0.0,0.0,1.0,0.0,0.0,0.0,0.0,1.0,0.0,0.0,0.0,0.0,1.0,;
85.0;
matrix;0.99984,-0.01266,-0.01266,0.00435,-0.01266,0.0,-0.99992,0.30353,0.01266,0.99992,-0.00016,-0.00093,0.0,0.0,0.0,1.0,;
matrix_basis;1.0,0.0,0.0,0.0,0.0,1.0,0.0,0.0,0.0,0.0,1.0,0.0,0.0,0.0,0.0,1.0,;
25.0;
matrix;0.99984,-0.01266,-0.01266,0.00435,-0.01266,0.0,-0.99992,0.30353,0.01266,0.99992,-0.00016,-0.00093,0.0,0.0,0.0,1.0,;
matrix_basis;1.0,0.0,0.0,0.0,0.0,1.0,0.0,0.0,0.0,0.0,1.0,0.0,0.0,0.0,0.0,1.0,;
90.0;
matrix;0.99984,-0.01266,-0.01266,0.00435,-0.01266,0.0,-0.99992,0.30353,0.01266,0.99992,-0.00016,-0.00093,0.0,0.0,0.0,1.0,;
matrix_basis;1.0,0.0,0.0,0.0,0.0,1.0,0.0,0.0,0.0,0.0,1.0,0.0,0.0,0.0,0.0,1.0,;
30.0;
matrix;0.99984,-0.01266,-0.01266,0.00435,-0.01266,0.0,-0.99992,0.30353,0.01266,0.99992,-0.00016,-0.00093,0.0,0.0,0.0,1.0,;
matrix_basis;1.0,0.0,0.0,0.0,0.0,1.0,0.0,0.0,0.0,0.0,1.0,0.0,0.0,0.0,0.0,1.0,;
95.0;
matrix;0.99984,-0.01266,-0.01266,0.00435,-0.01266,0.0,-0.99992,0.30353,0.01266,0.99992,-0.00016,-0.00093,0.0,0.0,0.0,1.0,;
matrix_basis;1.0,0.0,0.0,0.0,0.0,1.0,0.0,0.0,0.0,0.0,1.0,0.0,0.0,0.0,0.0,1.0,;
35.0;
matrix;0.99984,-0.01266,-0.01266,0.00435,-0.01266,0.0,-0.99992,0.30353,0.01266,0.99992,-0.00016,-0.00093,0.0,0.0,0.0,1.0,;
matrix_basis;1.0,0.0,0.0,0.0,0.0,1.0,0.0,0.0,0.0,0.0,1.0,0.0,0.0,0.0,0.0,1.0,;
100.0;
matrix;0.99984,-0.01266,-0.01266,0.00435,-0.01266,0.0,-0.99992,0.30353,0.01266,0.99992,-0.00016,-0.00093,0.0,0.0,0.0,1.0,;
matrix_basis;1.0,0.0,0.0,0.0,0.0,1.0,0.0,0.0,0.0,0.0,1.0,0.0,0.0,0.0,0.0,1.0,;
40.0;
matrix;0.99984,-0.01266,-0.01266,0.00435,-0.01266,0.0,-0.99992,0.30353,0.01266,0.99992,-0.00016,-0.00093,0.0,0.0,0.0,1.0,;
matrix_basis;1.0,0.0,0.0,0.0,0.0,1.0,0.0,0.0,0.0,0.0,1.0,0.0,0.0,0.0,0.0,1.0,;
105.0;
matrix;0.99984,-0.01266,-0.01266,0.00435,-0.01266,0.0,-0.99992,0.30353,0.01266,0.99992,-0.00016,-0.00093,0.0,0.0,0.0,1.0,;
matrix_basis;1.0,0.0,0.0,0.0,0.0,1.0,0.0,0.0,0.0,0.0,1.0,0.0,0.0,0.0,0.0,1.0,;
107.0;
matrix;0.99984,-0.01266,-0.01266,0.00435,-0.01266,0.0,-0.99992,0.30353,0.01266,0.99992,-0.00016,-0.00093,0.0,0.0,0.0,1.0,;
matrix_basis;1.0,0.0,0.0,0.0,0.0,1.0,0.0,0.0,0.0,0.0,1.0,0.0,0.0,0.0,0.0,1.0,;
45.0;
matrix;0.99984,-0.01266,-0.01266,0.00435,-0.01266,0.0,-0.99992,0.30353,0.01266,0.99992,-0.00016,-0.00093,0.0,0.0,0.0,1.0,;
matrix_basis;1.0,0.0,0.0,0.0,0.0,1.0,0.0,0.0,0.0,0.0,1.0,0.0,0.0,0.0,0.0,1.0,;
110.0;
matrix;0.99984,-0.01266,-0.01266,0.00435,-0.01266,0.0,-0.99992,0.30353,0.01266,0.99992,-0.00016,-0.00093,0.0,0.0,0.0,1.0,;
matrix_basis;1.0,0.0,0.0,0.0,0.0,1.0,0.0,0.0,0.0,0.0,1.0,0.0,0.0,0.0,0.0,1.0,;
113.0;
matrix;0.99984,-0.01266,-0.01266,0.00435,-0.01266,0.0,-0.99992,0.30353,0.01266,0.99992,-0.00016,-0.00093,0.0,0.0,0.0,1.0,;
matrix_basis;1.0,0.0,0.0,0.0,0.0,1.0,0.0,0.0,0.0,0.0,1.0,0.0,0.0,0.0,0.0,1.0,;
50.0;
matrix;0.99984,-0.01266,-0.01266,0.00435,-0.01266,0.0,-0.99992,0.30353,0.01266,0.99992,-0.00016,-0.00093,0.0,0.0,0.0,1.0,;
matrix_basis;1.0,0.0,0.0,0.0,0.0,1.0,0.0,0.0,0.0,0.0,1.0,0.0,0.0,0.0,0.0,1.0,;
115.0;
matrix;0.99984,-0.01266,-0.01266,0.00435,-0.01266,0.0,-0.99992,0.30353,0.01266,0.99992,-0.00016,-0.00093,0.0,0.0,0.0,1.0,;
matrix_basis;1.0,0.0,0.0,0.0,0.0,1.0,0.0,0.0,0.0,0.0,1.0,0.0,0.0,0.0,0.0,1.0,;
55.0;
matrix;0.99984,-0.01266,-0.01266,0.00435,-0.01266,0.0,-0.99992,0.30353,0.01266,0.99992,-0.00016,-0.00093,0.0,0.0,0.0,1.0,;
matrix_basis;1.0,0.0,0.0,0.0,0.0,1.0,0.0,0.0,0.0,0.0,1.0,0.0,0.0,0.0,0.0,1.0,;
60.0;
matrix;0.99984,-0.01266,-0.01266,0.00435,-0.01266,0.0,-0.99992,0.30353,0.01266,0.99992,-0.00016,-0.00093,0.0,0.0,0.0,1.0,;
matrix_basis;1.0,0.0,0.0,0.0,0.0,1.0,0.0,0.0,0.0,0.0,1.0,0.0,0.0,0.0,0.0,1.0,;
}
}
anim{
doBone;
keys{
25;
0.0;
matrix;1.0,0.0,0.0,0.0,0.0,0.0,-1.0,0.0,0.0,1.0,0.0,0.0,0.0,0.0,0.0,1.0,;
matrix_basis;1.0,0.0,0.0,0.0,0.0,1.0,0.0,0.0,0.0,0.0,1.0,0.0,0.0,0.0,0.0,1.0,;
65.0;
matrix;1.0,0.0,0.0,0.0,0.0,0.0,-1.0,0.0,0.0,1.0,0.0,0.0,0.0,0.0,0.0,1.0,;
matrix_basis;1.0,0.0,0.0,0.0,0.0,1.0,0.0,0.0,0.0,0.0,1.0,0.0,0.0,0.0,0.0,1.0,;
70.0;
matrix;1.0,0.0,0.0,0.0,0.0,0.0,-1.0,0.0,0.0,1.0,0.0,0.0,0.0,0.0,0.0,1.0,;
matrix_basis;1.0,0.0,0.0,0.0,0.0,1.0,0.0,0.0,0.0,0.0,1.0,0.0,0.0,0.0,0.0,1.0,;
10.0;
matrix;1.0,0.0,0.0,0.0,0.0,0.0,-1.0,0.0,0.0,1.0,0.0,0.0,0.0,0.0,0.0,1.0,;
matrix_basis;1.0,0.0,0.0,0.0,0.0,1.0,0.0,0.0,0.0,0.0,1.0,0.0,0.0,0.0,0.0,1.0,;
75.0;
matrix;1.0,0.0,0.0,0.0,0.0,0.0,-1.0,0.0,0.0,1.0,0.0,0.0,0.0,0.0,0.0,1.0,;
matrix_basis;1.0,0.0,0.0,0.0,0.0,1.0,0.0,0.0,0.0,0.0,1.0,0.0,0.0,0.0,0.0,1.0,;
15.0;
matrix;1.0,0.0,0.0,0.0,0.0,0.0,-1.0,0.0,0.0,1.0,0.0,0.0,0.0,0.0,0.0,1.0,;
matrix_basis;1.0,0.0,0.0,0.0,0.0,1.0,0.0,0.0,0.0,0.0,1.0,0.0,0.0,0.0,0.0,1.0,;
80.0;
matrix;1.0,0.0,0.0,0.0,0.0,0.0,-1.0,0.0,0.0,1.0,0.0,0.0,0.0,0.0,0.0,1.0,;
matrix_basis;1.0,0.0,0.0,0.0,0.0,1.0,0.0,0.0,0.0,0.0,1.0,0.0,0.0,0.0,0.0,1.0,;
20.0;
matrix;1.0,0.0,0.0,0.0,0.0,0.0,-1.0,0.0,0.0,1.0,0.0,0.0,0.0,0.0,0.0,1.0,;
matrix_basis;1.0,0.0,0.0,0.0,0.0,1.0,0.0,0.0,0.0,0.0,1.0,0.0,0.0,0.0,0.0,1.0,;
85.0;
matrix;1.0,0.0,0.0,0.0,0.0,0.0,-1.0,0.0,0.0,1.0,0.0,0.0,0.0,0.0,0.0,1.0,;
matrix_basis;1.0,0.0,0.0,0.0,0.0,1.0,0.0,0.0,0.0,0.0,1.0,0.0,0.0,0.0,0.0,1.0,;
25.0;
matrix;1.0,0.0,0.0,0.0,0.0,0.0,-1.0,0.0,0.0,1.0,0.0,0.0,0.0,0.0,0.0,1.0,;
matrix_basis;1.0,0.0,0.0,0.0,0.0,1.0,0.0,0.0,0.0,0.0,1.0,0.0,0.0,0.0,0.0,1.0,;
90.0;
matrix;1.0,0.0,0.0,0.0,0.0,0.0,-1.0,0.0,0.0,1.0,0.0,0.0,0.0,0.0,0.0,1.0,;
matrix_basis;1.0,0.0,0.0,0.0,0.0,1.0,0.0,0.0,0.0,0.0,1.0,0.0,0.0,0.0,0.0,1.0,;
30.0;
matrix;1.0,0.0,0.0,0.0,0.0,0.0,-1.0,0.0,0.0,1.0,0.0,0.0,0.0,0.0,0.0,1.0,;
matrix_basis;1.0,0.0,0.0,0.0,0.0,1.0,0.0,0.0,0.0,0.0,1.0,0.0,0.0,0.0,0.0,1.0,;
95.0;
matrix;1.0,0.0,0.0,0.0,0.0,0.0,-1.0,0.0,0.0,1.0,0.0,0.0,0.0,0.0,0.0,1.0,;
matrix_basis;1.0,0.0,0.0,0.0,0.0,1.0,0.0,0.0,0.0,0.0,1.0,0.0,0.0,0.0,0.0,1.0,;
35.0;
matrix;1.0,0.0,0.0,0.0,0.0,0.0,-1.0,0.0,0.0,1.0,0.0,0.0,0.0,0.0,0.0,1.0,;
matrix_basis;1.0,0.0,0.0,0.0,0.0,1.0,0.0,0.0,0.0,0.0,1.0,0.0,0.0,0.0,0.0,1.0,;
100.0;
matrix;1.0,0.0,0.0,0.0,0.0,0.0,-1.0,0.0,0.0,1.0,0.0,0.0,0.0,0.0,0.0,1.0,;
matrix_basis;1.0,0.0,0.0,0.0,0.0,1.0,0.0,0.0,0.0,0.0,1.0,0.0,0.0,0.0,0.0,1.0,;
40.0;
matrix;1.0,0.0,0.0,0.0,0.0,0.0,-1.0,0.0,0.0,1.0,0.0,0.0,0.0,0.0,0.0,1.0,;
matrix_basis;1.0,0.0,0.0,0.0,0.0,1.0,0.0,0.0,0.0,0.0,1.0,0.0,0.0,0.0,0.0,1.0,;
105.0;
matrix;1.0,0.0,0.0,0.0,0.0,0.0,-1.0,0.0,0.0,1.0,0.0,0.0,0.0,0.0,0.0,1.0,;
matrix_basis;1.0,0.0,0.0,0.0,0.0,1.0,0.0,0.0,0.0,0.0,1.0,0.0,0.0,0.0,0.0,1.0,;
107.0;
matrix;1.0,0.0,0.0,0.0,0.0,0.0,-1.0,0.0,0.0,1.0,0.0,0.0,0.0,0.0,0.0,1.0,;
matrix_basis;1.0,0.0,0.0,0.0,0.0,1.0,0.0,0.0,0.0,0.0,1.0,0.0,0.0,0.0,0.0,1.0,;
45.0;
matrix;1.0,0.0,0.0,0.0,0.0,0.0,-1.0,0.0,0.0,1.0,0.0,0.0,0.0,0.0,0.0,1.0,;
matrix_basis;1.0,0.0,0.0,0.0,0.0,1.0,0.0,0.0,0.0,0.0,1.0,0.0,0.0,0.0,0.0,1.0,;
110.0;
matrix;1.0,0.0,0.0,0.0,0.0,0.0,-1.0,0.0,0.0,1.0,0.0,0.0,0.0,0.0,0.0,1.0,;
matrix_basis;1.0,0.0,0.0,0.0,0.0,1.0,0.0,0.0,0.0,0.0,1.0,0.0,0.0,0.0,0.0,1.0,;
113.0;
matrix;1.0,0.0,0.0,0.0,0.0,0.0,-1.0,0.0,0.0,1.0,0.0,0.0,0.0,0.0,0.0,1.0,;
matrix_basis;1.0,0.0,0.0,0.0,0.0,1.0,0.0,0.0,0.0,0.0,1.0,0.0,0.0,0.0,0.0,1.0,;
50.0;
matrix;1.0,0.0,0.0,0.0,0.0,0.0,-1.0,0.0,0.0,1.0,0.0,0.0,0.0,0.0,0.0,1.0,;
matrix_basis;1.0,0.0,0.0,0.0,0.0,1.0,0.0,0.0,0.0,0.0,1.0,0.0,0.0,0.0,0.0,1.0,;
115.0;
matrix;1.0,0.0,0.0,0.0,0.0,0.0,-1.0,0.0,0.0,1.0,0.0,0.0,0.0,0.0,0.0,1.0,;
matrix_basis;1.0,0.0,0.0,0.0,0.0,1.0,0.0,0.0,0.0,0.0,1.0,0.0,0.0,0.0,0.0,1.0,;
55.0;
matrix;1.0,0.0,0.0,0.0,0.0,0.0,-1.0,0.0,0.0,1.0,0.0,0.0,0.0,0.0,0.0,1.0,;
matrix_basis;1.0,0.0,0.0,0.0,0.0,1.0,0.0,0.0,0.0,0.0,1.0,0.0,0.0,0.0,0.0,1.0,;
60.0;
matrix;1.0,0.0,0.0,0.0,0.0,0.0,-1.0,0.0,0.0,1.0,0.0,0.0,0.0,0.0,0.0,1.0,;
matrix_basis;1.0,0.0,0.0,0.0,0.0,1.0,0.0,0.0,0.0,0.0,1.0,0.0,0.0,0.0,0.0,1.0,;
}
}
anim{
leftLegmaeBone;
keys{
25;
0.0;
matrix;-0.00311,0.99845,0.05564,0.00435,-0.99845,0.0,-0.05573,0.0,-0.05564,-0.05573,0.99689,0.00027,0.0,0.0,0.0,1.0,;
matrix_basis;1.0,-0.0,0.0,0.0,0.0,1.0,0.0,0.0,0.0,0.0,1.0,0.0,0.0,0.0,0.0,1.0,;
65.0;
matrix;-0.00311,0.99845,0.05564,0.00435,-0.99845,0.0,-0.05573,0.0,-0.05564,-0.05573,0.99689,0.00027,0.0,0.0,0.0,1.0,;
matrix_basis;1.0,-0.0,0.0,0.0,0.0,1.0,0.0,0.0,0.0,0.0,1.0,0.0,0.0,0.0,0.0,1.0,;
70.0;
matrix;-0.00311,0.99845,0.05564,0.00435,-0.99845,0.0,-0.05573,0.0,-0.05564,-0.05573,0.99689,0.00027,0.0,0.0,0.0,1.0,;
matrix_basis;1.0,-0.0,0.0,0.0,0.0,1.0,0.0,0.0,0.0,0.0,1.0,0.0,0.0,0.0,0.0,1.0,;
10.0;
matrix;-0.00311,0.99845,0.05564,0.00435,-0.99845,0.0,-0.05573,0.0,-0.05564,-0.05573,0.99689,0.00027,0.0,0.0,0.0,1.0,;
matrix_basis;1.0,-0.0,0.0,0.0,0.0,1.0,0.0,0.0,0.0,0.0,1.0,0.0,0.0,0.0,0.0,1.0,;
75.0;
matrix;-0.00311,0.99845,0.05564,0.00435,-0.99845,0.0,-0.05573,0.0,-0.05564,-0.05573,0.99689,0.00027,0.0,0.0,0.0,1.0,;
matrix_basis;1.0,-0.0,0.0,0.0,0.0,1.0,0.0,0.0,0.0,0.0,1.0,0.0,0.0,0.0,0.0,1.0,;
15.0;
matrix;-0.00311,0.99845,0.05564,0.00435,-0.99845,0.0,-0.05573,0.0,-0.05564,-0.05573,0.99689,0.00027,0.0,0.0,0.0,1.0,;
matrix_basis;1.0,-0.0,0.0,0.0,0.0,1.0,0.0,0.0,0.0,0.0,1.0,0.0,0.0,0.0,0.0,1.0,;
80.0;
matrix;-0.00311,0.99845,0.05564,0.00435,-0.99845,0.0,-0.05573,0.0,-0.05564,-0.05573,0.99689,0.00027,0.0,0.0,0.0,1.0,;
matrix_basis;1.0,-0.0,0.0,0.0,0.0,1.0,0.0,0.0,0.0,0.0,1.0,0.0,0.0,0.0,0.0,1.0,;
20.0;
matrix;-0.00311,0.99845,0.05564,0.00435,-0.99845,0.0,-0.05573,0.0,-0.05564,-0.05573,0.99689,0.00027,0.0,0.0,0.0,1.0,;
matrix_basis;1.0,-0.0,0.0,0.0,0.0,1.0,0.0,0.0,0.0,0.0,1.0,0.0,0.0,0.0,0.0,1.0,;
85.0;
matrix;-0.00311,0.99845,0.05564,0.00435,-0.99845,0.0,-0.05573,0.0,-0.05564,-0.05573,0.99689,0.00027,0.0,0.0,0.0,1.0,;
matrix_basis;1.0,-0.0,0.0,0.0,0.0,1.0,0.0,0.0,0.0,0.0,1.0,0.0,0.0,0.0,0.0,1.0,;
25.0;
matrix;-0.00311,0.99845,0.05564,0.00435,-0.99845,0.0,-0.05573,0.0,-0.05564,-0.05573,0.99689,0.00027,0.0,0.0,0.0,1.0,;
matrix_basis;1.0,-0.0,0.0,0.0,0.0,1.0,0.0,0.0,0.0,0.0,1.0,0.0,0.0,0.0,0.0,1.0,;
90.0;
matrix;-0.00311,0.99845,0.05564,0.00435,-0.99845,0.0,-0.05573,0.0,-0.05564,-0.05573,0.99689,0.00027,0.0,0.0,0.0,1.0,;
matrix_basis;1.0,-0.0,0.0,0.0,0.0,1.0,0.0,0.0,0.0,0.0,1.0,0.0,0.0,0.0,0.0,1.0,;
30.0;
matrix;-0.00311,0.99845,0.05564,0.00435,-0.99845,0.0,-0.05573,0.0,-0.05564,-0.05573,0.99689,0.00027,0.0,0.0,0.0,1.0,;
matrix_basis;1.0,-0.0,0.0,0.0,0.0,1.0,0.0,0.0,0.0,0.0,1.0,0.0,0.0,0.0,0.0,1.0,;
95.0;
matrix;-0.00311,0.99845,0.05564,0.00435,-0.99845,0.0,-0.05573,0.0,-0.05564,-0.05573,0.99689,0.00027,0.0,0.0,0.0,1.0,;
matrix_basis;1.0,-0.0,0.0,0.0,0.0,1.0,0.0,0.0,0.0,0.0,1.0,0.0,0.0,0.0,0.0,1.0,;
35.0;
matrix;-0.00311,0.99845,0.05564,0.00435,-0.99845,0.0,-0.05573,0.0,-0.05564,-0.05573,0.99689,0.00027,0.0,0.0,0.0,1.0,;
matrix_basis;1.0,-0.0,0.0,0.0,0.0,1.0,0.0,0.0,0.0,0.0,1.0,0.0,0.0,0.0,0.0,1.0,;
100.0;
matrix;-0.00311,0.99845,0.05564,0.00435,-0.99845,0.0,-0.05573,0.0,-0.05564,-0.05573,0.99689,0.00027,0.0,0.0,0.0,1.0,;
matrix_basis;1.0,-0.0,0.0,0.0,0.0,1.0,0.0,0.0,0.0,0.0,1.0,0.0,0.0,0.0,0.0,1.0,;
40.0;
matrix;-0.00311,0.99845,0.05564,0.00435,-0.99845,0.0,-0.05573,0.0,-0.05564,-0.05573,0.99689,0.00027,0.0,0.0,0.0,1.0,;
matrix_basis;1.0,-0.0,0.0,0.0,0.0,1.0,0.0,0.0,0.0,0.0,1.0,0.0,0.0,0.0,0.0,1.0,;
105.0;
matrix;-0.00311,0.99845,0.05564,0.00435,-0.99845,0.0,-0.05573,0.0,-0.05564,-0.05573,0.99689,0.00027,0.0,0.0,0.0,1.0,;
matrix_basis;1.0,-0.0,0.0,0.0,0.0,1.0,0.0,0.0,0.0,0.0,1.0,0.0,0.0,0.0,0.0,1.0,;
107.0;
matrix;-0.00311,0.99845,0.05564,0.00435,-0.99845,0.0,-0.05573,0.0,-0.05564,-0.05573,0.99689,0.00027,0.0,0.0,0.0,1.0,;
matrix_basis;1.0,-0.0,0.0,0.0,0.0,1.0,0.0,0.0,0.0,0.0,1.0,0.0,0.0,0.0,0.0,1.0,;
45.0;
matrix;-0.00311,0.99845,0.05564,0.00435,-0.99845,0.0,-0.05573,0.0,-0.05564,-0.05573,0.99689,0.00027,0.0,0.0,0.0,1.0,;
matrix_basis;1.0,-0.0,0.0,0.0,0.0,1.0,0.0,0.0,0.0,0.0,1.0,0.0,0.0,0.0,0.0,1.0,;
110.0;
matrix;-0.00311,0.99845,0.05564,0.00435,-0.99845,0.0,-0.05573,0.0,-0.05564,-0.05573,0.99689,0.00027,0.0,0.0,0.0,1.0,;
matrix_basis;1.0,-0.0,0.0,0.0,0.0,1.0,0.0,0.0,0.0,0.0,1.0,0.0,0.0,0.0,0.0,1.0,;
113.0;
matrix;-0.00311,0.99845,0.05564,0.00435,-0.99845,0.0,-0.05573,0.0,-0.05564,-0.05573,0.99689,0.00027,0.0,0.0,0.0,1.0,;
matrix_basis;1.0,-0.0,0.0,0.0,0.0,1.0,0.0,0.0,0.0,0.0,1.0,0.0,0.0,0.0,0.0,1.0,;
50.0;
matrix;-0.00311,0.99845,0.05564,0.00435,-0.99845,0.0,-0.05573,0.0,-0.05564,-0.05573,0.99689,0.00027,0.0,0.0,0.0,1.0,;
matrix_basis;1.0,-0.0,0.0,0.0,0.0,1.0,0.0,0.0,0.0,0.0,1.0,0.0,0.0,0.0,0.0,1.0,;
115.0;
matrix;-0.00311,0.99845,0.05564,0.00435,-0.99845,0.0,-0.05573,0.0,-0.05564,-0.05573,0.99689,0.00027,0.0,0.0,0.0,1.0,;
matrix_basis;1.0,-0.0,0.0,0.0,0.0,1.0,0.0,0.0,0.0,0.0,1.0,0.0,0.0,0.0,0.0,1.0,;
55.0;
matrix;-0.00311,0.99845,0.05564,0.00435,-0.99845,0.0,-0.05573,0.0,-0.05564,-0.05573,0.99689,0.00027,0.0,0.0,0.0,1.0,;
matrix_basis;1.0,-0.0,0.0,0.0,0.0,1.0,0.0,0.0,0.0,0.0,1.0,0.0,0.0,0.0,0.0,1.0,;
60.0;
matrix;-0.00311,0.99845,0.05564,0.00435,-0.99845,0.0,-0.05573,0.0,-0.05564,-0.05573,0.99689,0.00027,0.0,0.0,0.0,1.0,;
matrix_basis;1.0,-0.0,0.0,0.0,0.0,1.0,0.0,0.0,0.0,0.0,1.0,0.0,0.0,0.0,0.0,1.0,;
}
}
anim{
leftLegUpBone;
keys{
25;
0.0;
matrix;0.99955,0.00631,0.02918,0.21751,-0.02918,-0.00036,0.99957,0.0,0.00631,-0.99998,-0.00017,-0.01163,0.0,0.0,0.0,1.0,;
matrix_basis;0.99971,0.02411,-0.0,0.0,-0.02411,0.99971,-0.00035,0.0,-0.0,0.00035,1.0,0.0,0.0,0.0,0.0,1.0,;
65.0;
matrix;0.4734,0.40007,-0.78475,0.21751,0.86351,-0.03491,0.50312,0.0,0.17389,-0.91582,-0.36199,-0.01163,0.0,0.0,0.0,1.0,;
matrix_basis;0.44483,0.41716,-0.79253,0.0,-0.18229,0.90855,0.37591,0.0,0.87687,-0.02275,0.48019,0.0,0.0,0.0,0.0,1.0,;
70.0;
matrix;0.98329,0.15716,0.09183,0.21751,-0.02903,-0.36264,0.93148,0.0,0.17969,-0.91858,-0.35202,-0.01163,0.0,0.0,0.0,1.0,;
matrix_basis;0.98037,0.184,0.07086,0.0,-0.19717,0.91564,0.35033,0.0,-0.00042,-0.35742,0.93394,0.0,0.0,0.0,0.0,1.0,;
10.0;
matrix;0.98329,0.15716,0.09183,0.21751,-0.02903,-0.36264,0.93148,0.0,0.17969,-0.91858,-0.35202,-0.01163,0.0,0.0,0.0,1.0,;
matrix_basis;0.98037,0.184,0.07086,0.0,-0.19717,0.91564,0.35033,0.0,-0.00042,-0.35742,0.93394,0.0,0.0,0.0,0.0,1.0,;
75.0;
matrix;0.99302,0.09611,0.06837,0.21751,-0.02903,-0.36264,0.93148,0.0,0.11432,-0.92696,-0.35732,-0.01163,0.0,0.0,0.0,1.0,;
matrix_basis;0.99125,0.12314,0.0475,0.0,-0.13199,0.9251,0.35604,0.0,-0.0001,-0.3592,0.93326,0.0,0.0,0.0,0.0,1.0,;
15.0;
matrix;0.98356,0.15794,0.08758,0.21751,-0.08982,0.00705,0.99593,0.0,0.15668,-0.98742,0.02112,-0.01163,0.0,0.0,0.0,1.0,;
matrix_basis;0.98281,0.17522,0.05809,0.0,-0.17417,0.98445,-0.02268,0.0,-0.06116,0.01217,0.99805,0.0,0.0,0.0,0.0,1.0,;
80.0;
matrix;0.99345,0.09649,0.06123,0.21751,-0.08481,0.26337,0.96096,0.0,0.07659,-0.95986,0.26983,-0.01163,0.0,0.0,0.0,1.0,;
matrix_basis;0.99398,0.10583,0.02835,0.0,-0.09427,0.95799,-0.27087,0.0,-0.05582,0.26657,0.9622,0.0,0.0,0.0,0.0,1.0,;
20.0;
matrix;0.98329,0.15716,0.09183,0.21751,-0.02903,-0.36264,0.93148,0.0,0.17969,-0.91858,-0.35202,-0.01163,0.0,0.0,0.0,1.0,;
matrix_basis;0.98037,0.184,0.07086,0.0,-0.19717,0.91564,0.35033,0.0,-0.00042,-0.35742,0.93394,0.0,0.0,0.0,0.0,1.0,;
85.0;
matrix;0.99302,0.09611,0.06837,0.21751,-0.02903,-0.36264,0.93148,0.0,0.11432,-0.92696,-0.35732,-0.01163,0.0,0.0,0.0,1.0,;
matrix_basis;0.99125,0.12314,0.0475,0.0,-0.13199,0.9251,0.35604,0.0,-0.0001,-0.3592,0.93326,0.0,0.0,0.0,0.0,1.0,;
25.0;
matrix;0.9835,0.15234,0.09754,0.21751,0.08176,-0.85537,0.51153,0.0,0.16136,-0.49512,-0.85371,-0.01163,0.0,0.0,0.0,1.0,;
matrix_basis;0.97767,0.18603,0.09775,0.0,-0.17885,0.49233,0.85184,0.0,0.11034,-0.8503,0.5146,0.0,0.0,0.0,0.0,1.0,;
90.0;
matrix;0.85276,0.47719,0.21236,0.21751,-0.02903,-0.36264,0.93148,0.0,0.5215,-0.80049,-0.29539,-0.01163,0.0,0.0,0.0,1.0,;
matrix_basis;0.84382,0.50175,0.19031,0.0,-0.53661,0.79186,0.29156,0.0,-0.00441,-0.34814,0.93743,0.0,0.0,0.0,0.0,1.0,;
30.0;
matrix;0.98329,0.15716,0.09183,0.21751,-0.02903,-0.36264,0.93148,0.0,0.17969,-0.91858,-0.35202,-0.01163,0.0,0.0,0.0,1.0,;
matrix_basis;0.98037,0.184,0.07086,0.0,-0.19717,0.91564,0.35033,0.0,-0.00042,-0.35742,0.93394,0.0,0.0,0.0,0.0,1.0,;
95.0;
matrix;0.99302,0.09611,0.06837,0.21751,-0.02903,-0.36264,0.93148,0.0,0.11432,-0.92696,-0.35732,-0.01163,0.0,0.0,0.0,1.0,;
matrix_basis;0.99125,0.12314,0.0475,0.0,-0.13199,0.9251,0.35604,0.0,-0.0001,-0.3592,0.93326,0.0,0.0,0.0,0.0,1.0,;
35.0;
matrix;0.79043,0.56209,0.24347,0.21751,-0.02903,-0.36264,0.93148,0.0,0.61187,-0.74333,-0.27032,-0.01163,0.0,0.0,0.0,1.0,;
matrix_basis;0.77992,0.58558,0.22095,0.0,-0.62585,0.73321,0.26594,0.0,-0.00627,-0.3457,0.93833,0.0,0.0,0.0,0.0,1.0,;
100.0;
matrix;0.78845,0.56448,0.24434,0.21751,-0.02903,-0.36264,0.93148,0.0,0.61441,-0.74152,-0.26953,-0.01163,0.0,0.0,0.0,1.0,;
matrix_basis;0.7779,0.58794,0.22181,0.0,-0.62835,0.73135,0.26514,0.0,-0.00633,-0.34563,0.93835,0.0,0.0,0.0,0.0,1.0,;
40.0;
matrix;0.98329,0.15716,0.09183,0.21751,-0.02903,-0.36264,0.93148,0.0,0.17969,-0.91858,-0.35202,-0.01163,0.0,0.0,0.0,1.0,;
matrix_basis;0.98037,0.184,0.07086,0.0,-0.19717,0.91564,0.35033,0.0,-0.00042,-0.35742,0.93394,0.0,0.0,0.0,0.0,1.0,;
105.0;
matrix;0.99302,0.09611,0.06837,0.21751,-0.02903,-0.36264,0.93148,0.0,0.11432,-0.92696,-0.35732,-0.01163,0.0,0.0,0.0,1.0,;
matrix_basis;0.99125,0.12314,0.0475,0.0,-0.13199,0.9251,0.35604,0.0,-0.0001,-0.3592,0.93326,0.0,0.0,0.0,0.0,1.0,;
107.0;
matrix;0.6856,0.67091,0.28256,0.21751,-0.02903,-0.36264,0.93148,0.0,0.7274,-0.64682,-0.22915,-0.01163,0.0,0.0,0.0,1.0,;
matrix_basis;0.6731,0.69261,0.25929,0.0,-0.73949,0.63477,0.22408,0.0,-0.00939,-0.34257,0.93945,0.0,0.0,0.0,0.0,1.0,;
45.0;
matrix;0.97869,-0.19983,-0.04729,0.21751,-0.02903,-0.36264,0.93148,0.0,-0.20329,-0.91025,-0.36071,-0.01163,0.0,0.0,0.0,1.0,;
matrix_basis;0.98258,-0.17293,-0.06803,0.0,0.18583,0.91367,0.3615,0.0,-0.00036,-0.36784,0.92989,0.0,0.0,0.0,0.0,1.0,;
110.0;
matrix;0.6856,0.67091,0.28256,0.21751,-0.02903,-0.36264,0.93148,0.0,0.7274,-0.64682,-0.22915,-0.01163,0.0,0.0,0.0,1.0,;
matrix_basis;0.6731,0.69261,0.25929,0.0,-0.73949,0.63477,0.22408,0.0,-0.00939,-0.34257,0.93945,0.0,0.0,0.0,0.0,1.0,;
113.0;
matrix;0.98166,-0.186,-0.04181,0.21751,-0.02903,-0.36264,0.93148,0.0,-0.18841,-0.91318,-0.36139,-0.01163,0.0,0.0,0.0,1.0,;
matrix_basis;0.98529,-0.15905,-0.06254,0.0,0.1709,0.91635,0.36207,0.0,-0.00028,-0.36744,0.93005,0.0,0.0,0.0,0.0,1.0,;
50.0;
matrix;0.98329,0.15716,0.09183,0.21751,-0.02903,-0.36264,0.93148,0.0,0.17969,-0.91858,-0.35202,-0.01163,0.0,0.0,0.0,1.0,;
matrix_basis;0.98037,0.184,0.07086,0.0,-0.19717,0.91564,0.35033,0.0,-0.00042,-0.35742,0.93394,0.0,0.0,0.0,0.0,1.0,;
115.0;
matrix;0.98329,0.15716,0.09183,0.21751,-0.02903,-0.36264,0.93148,0.0,0.17969,-0.91858,-0.35202,-0.01163,0.0,0.0,0.0,1.0,;
matrix_basis;0.98037,0.184,0.07086,0.0,-0.19717,0.91564,0.35033,0.0,-0.00042,-0.35742,0.93394,0.0,0.0,0.0,0.0,1.0,;
55.0;
matrix;0.99069,-0.13444,-0.02146,0.21751,-0.02903,-0.36264,0.93148,0.0,-0.13301,-0.92218,-0.36316,-0.01163,0.0,0.0,0.0,1.0,;
matrix_basis;0.99332,-0.10736,-0.04217,0.0,0.11535,0.92443,0.36349,0.0,-4e-05,-0.36593,0.93064,0.0,0.0,0.0,0.0,1.0,;
60.0;
matrix;0.98329,0.15716,0.09183,0.21751,-0.02903,-0.36264,0.93148,0.0,0.17969,-0.91858,-0.35202,-0.01163,0.0,0.0,0.0,1.0,;
matrix_basis;0.98037,0.184,0.07086,0.0,-0.19717,0.91564,0.35033,0.0,-0.00042,-0.35742,0.93394,0.0,0.0,0.0,0.0,1.0,;
}
}
anim{
modoruBone;
keys{
25;
0.0;
matrix;0.9998,0.01428,-0.01428,0.0,0.01428,0.0,0.9999,0.0,0.01428,-0.9999,-0.0002,0.30453,0.0,0.0,0.0,1.0,;
matrix_basis;1.0,-0.0,0.0,0.0,0.0,1.0,0.0,0.0,0.0,0.0,1.0,0.0,0.0,0.0,0.0,1.0,;
65.0;
matrix;0.9998,0.01428,-0.01428,0.0,0.01428,0.0,0.9999,0.0,0.01428,-0.9999,-0.0002,0.30453,0.0,0.0,0.0,1.0,;
matrix_basis;1.0,-0.0,0.0,0.0,0.0,1.0,0.0,0.0,0.0,0.0,1.0,0.0,0.0,0.0,0.0,1.0,;
70.0;
matrix;0.9998,0.01428,-0.01428,0.0,0.01428,0.0,0.9999,0.0,0.01428,-0.9999,-0.0002,0.30453,0.0,0.0,0.0,1.0,;
matrix_basis;1.0,-0.0,0.0,0.0,0.0,1.0,0.0,0.0,0.0,0.0,1.0,0.0,0.0,0.0,0.0,1.0,;
10.0;
matrix;0.9998,0.01428,-0.01428,0.0,0.01428,0.0,0.9999,0.0,0.01428,-0.9999,-0.0002,0.30453,0.0,0.0,0.0,1.0,;
matrix_basis;1.0,-0.0,0.0,0.0,0.0,1.0,0.0,0.0,0.0,0.0,1.0,0.0,0.0,0.0,0.0,1.0,;
75.0;
matrix;0.9998,0.01428,-0.01428,0.0,0.01428,0.0,0.9999,0.0,0.01428,-0.9999,-0.0002,0.30453,0.0,0.0,0.0,1.0,;
matrix_basis;1.0,-0.0,0.0,0.0,0.0,1.0,0.0,0.0,0.0,0.0,1.0,0.0,0.0,0.0,0.0,1.0,;
15.0;
matrix;0.9998,0.01428,-0.01428,0.0,0.01428,0.0,0.9999,0.0,0.01428,-0.9999,-0.0002,0.30453,0.0,0.0,0.0,1.0,;
matrix_basis;1.0,-0.0,0.0,0.0,0.0,1.0,0.0,0.0,0.0,0.0,1.0,0.0,0.0,0.0,0.0,1.0,;
80.0;
matrix;0.9998,0.01428,-0.01428,0.0,0.01428,0.0,0.9999,0.0,0.01428,-0.9999,-0.0002,0.30453,0.0,0.0,0.0,1.0,;
matrix_basis;1.0,-0.0,0.0,0.0,0.0,1.0,0.0,0.0,0.0,0.0,1.0,0.0,0.0,0.0,0.0,1.0,;
20.0;
matrix;0.9998,0.01428,-0.01428,0.0,0.01428,0.0,0.9999,0.0,0.01428,-0.9999,-0.0002,0.30453,0.0,0.0,0.0,1.0,;
matrix_basis;1.0,-0.0,0.0,0.0,0.0,1.0,0.0,0.0,0.0,0.0,1.0,0.0,0.0,0.0,0.0,1.0,;
85.0;
matrix;0.9998,0.01428,-0.01428,0.0,0.01428,0.0,0.9999,0.0,0.01428,-0.9999,-0.0002,0.30453,0.0,0.0,0.0,1.0,;
matrix_basis;1.0,-0.0,0.0,0.0,0.0,1.0,0.0,0.0,0.0,0.0,1.0,0.0,0.0,0.0,0.0,1.0,;
25.0;
matrix;0.9998,0.01428,-0.01428,0.0,0.01428,0.0,0.9999,0.0,0.01428,-0.9999,-0.0002,0.30453,0.0,0.0,0.0,1.0,;
matrix_basis;1.0,-0.0,0.0,0.0,0.0,1.0,0.0,0.0,0.0,0.0,1.0,0.0,0.0,0.0,0.0,1.0,;
90.0;
matrix;0.9998,0.01428,-0.01428,0.0,0.01428,0.0,0.9999,0.0,0.01428,-0.9999,-0.0002,0.30453,0.0,0.0,0.0,1.0,;
matrix_basis;1.0,-0.0,0.0,0.0,0.0,1.0,0.0,0.0,0.0,0.0,1.0,0.0,0.0,0.0,0.0,1.0,;
30.0;
matrix;0.9998,0.01428,-0.01428,0.0,0.01428,0.0,0.9999,0.0,0.01428,-0.9999,-0.0002,0.30453,0.0,0.0,0.0,1.0,;
matrix_basis;1.0,-0.0,0.0,0.0,0.0,1.0,0.0,0.0,0.0,0.0,1.0,0.0,0.0,0.0,0.0,1.0,;
95.0;
matrix;0.9998,0.01428,-0.01428,0.0,0.01428,0.0,0.9999,0.0,0.01428,-0.9999,-0.0002,0.30453,0.0,0.0,0.0,1.0,;
matrix_basis;1.0,-0.0,0.0,0.0,0.0,1.0,0.0,0.0,0.0,0.0,1.0,0.0,0.0,0.0,0.0,1.0,;
35.0;
matrix;0.9998,0.01428,-0.01428,0.0,0.01428,0.0,0.9999,0.0,0.01428,-0.9999,-0.0002,0.30453,0.0,0.0,0.0,1.0,;
matrix_basis;1.0,-0.0,0.0,0.0,0.0,1.0,0.0,0.0,0.0,0.0,1.0,0.0,0.0,0.0,0.0,1.0,;
100.0;
matrix;0.9998,0.01428,-0.01428,0.0,0.01428,0.0,0.9999,0.0,0.01428,-0.9999,-0.0002,0.30453,0.0,0.0,0.0,1.0,;
matrix_basis;1.0,-0.0,0.0,0.0,0.0,1.0,0.0,0.0,0.0,0.0,1.0,0.0,0.0,0.0,0.0,1.0,;
40.0;
matrix;0.9998,0.01428,-0.01428,0.0,0.01428,0.0,0.9999,0.0,0.01428,-0.9999,-0.0002,0.30453,0.0,0.0,0.0,1.0,;
matrix_basis;1.0,-0.0,0.0,0.0,0.0,1.0,0.0,0.0,0.0,0.0,1.0,0.0,0.0,0.0,0.0,1.0,;
105.0;
matrix;0.9998,0.01428,-0.01428,0.0,0.01428,0.0,0.9999,0.0,0.01428,-0.9999,-0.0002,0.30453,0.0,0.0,0.0,1.0,;
matrix_basis;1.0,-0.0,0.0,0.0,0.0,1.0,0.0,0.0,0.0,0.0,1.0,0.0,0.0,0.0,0.0,1.0,;
107.0;
matrix;0.9998,0.01428,-0.01428,0.0,0.01428,0.0,0.9999,0.0,0.01428,-0.9999,-0.0002,0.30453,0.0,0.0,0.0,1.0,;
matrix_basis;1.0,-0.0,0.0,0.0,0.0,1.0,0.0,0.0,0.0,0.0,1.0,0.0,0.0,0.0,0.0,1.0,;
45.0;
matrix;0.9998,0.01428,-0.01428,0.0,0.01428,0.0,0.9999,0.0,0.01428,-0.9999,-0.0002,0.30453,0.0,0.0,0.0,1.0,;
matrix_basis;1.0,-0.0,0.0,0.0,0.0,1.0,0.0,0.0,0.0,0.0,1.0,0.0,0.0,0.0,0.0,1.0,;
110.0;
matrix;0.9998,0.01428,-0.01428,0.0,0.01428,0.0,0.9999,0.0,0.01428,-0.9999,-0.0002,0.30453,0.0,0.0,0.0,1.0,;
matrix_basis;1.0,-0.0,0.0,0.0,0.0,1.0,0.0,0.0,0.0,0.0,1.0,0.0,0.0,0.0,0.0,1.0,;
113.0;
matrix;0.9998,0.01428,-0.01428,0.0,0.01428,0.0,0.9999,0.0,0.01428,-0.9999,-0.0002,0.30453,0.0,0.0,0.0,1.0,;
matrix_basis;1.0,-0.0,0.0,0.0,0.0,1.0,0.0,0.0,0.0,0.0,1.0,0.0,0.0,0.0,0.0,1.0,;
50.0;
matrix;0.9998,0.01428,-0.01428,0.0,0.01428,0.0,0.9999,0.0,0.01428,-0.9999,-0.0002,0.30453,0.0,0.0,0.0,1.0,;
matrix_basis;1.0,-0.0,0.0,0.0,0.0,1.0,0.0,0.0,0.0,0.0,1.0,0.0,0.0,0.0,0.0,1.0,;
115.0;
matrix;0.9998,0.01428,-0.01428,0.0,0.01428,0.0,0.9999,0.0,0.01428,-0.9999,-0.0002,0.30453,0.0,0.0,0.0,1.0,;
matrix_basis;1.0,-0.0,0.0,0.0,0.0,1.0,0.0,0.0,0.0,0.0,1.0,0.0,0.0,0.0,0.0,1.0,;
55.0;
matrix;0.9998,0.01428,-0.01428,0.0,0.01428,0.0,0.9999,0.0,0.01428,-0.9999,-0.0002,0.30453,0.0,0.0,0.0,1.0,;
matrix_basis;1.0,-0.0,0.0,0.0,0.0,1.0,0.0,0.0,0.0,0.0,1.0,0.0,0.0,0.0,0.0,1.0,;
60.0;
matrix;0.9998,0.01428,-0.01428,0.0,0.01428,0.0,0.9999,0.0,0.01428,-0.9999,-0.0002,0.30453,0.0,0.0,0.0,1.0,;
matrix_basis;1.0,-0.0,0.0,0.0,0.0,1.0,0.0,0.0,0.0,0.0,1.0,0.0,0.0,0.0,0.0,1.0,;
}
}
anim{
boostermaeBone;
keys{
25;
0.0;
matrix;1.0,-0.0,0.0,0.00435,0.0,0.99999,0.00396,0.0,0.0,-0.00396,0.99999,0.00027,0.0,0.0,0.0,1.0,;
matrix_basis;1.0,0.0,0.0,0.0,-0.0,1.0,0.0,0.0,0.0,0.0,1.0,0.0,0.0,0.0,0.0,1.0,;
65.0;
matrix;1.0,-0.0,0.0,0.00435,0.0,0.99999,0.00396,0.0,-0.0,-0.00396,0.99999,0.00027,0.0,0.0,0.0,1.0,;
matrix_basis;1.0,0.0,0.0,0.0,-0.0,1.0,0.0,0.0,0.0,0.0,1.0,0.0,0.0,0.0,0.0,1.0,;
70.0;
matrix;1.0,-0.0,0.0,0.00435,0.0,0.99999,0.00396,0.0,-0.0,-0.00396,0.99999,0.00027,0.0,0.0,0.0,1.0,;
matrix_basis;1.0,0.0,0.0,0.0,-0.0,1.0,0.0,0.0,0.0,0.0,1.0,0.0,0.0,0.0,0.0,1.0,;
10.0;
matrix;1.0,-0.0,0.0,0.00435,0.0,0.99999,0.00396,0.0,0.0,-0.00396,0.99999,0.00027,0.0,0.0,0.0,1.0,;
matrix_basis;1.0,0.0,0.0,0.0,-0.0,1.0,0.0,0.0,0.0,0.0,1.0,0.0,0.0,0.0,0.0,1.0,;
75.0;
matrix;1.0,-0.0,0.0,0.00435,0.0,0.99999,0.00396,0.0,-0.0,-0.00396,0.99999,0.00027,0.0,0.0,0.0,1.0,;
matrix_basis;1.0,0.0,0.0,0.0,-0.0,1.0,0.0,0.0,0.0,0.0,1.0,0.0,0.0,0.0,0.0,1.0,;
15.0;
matrix;1.0,-0.0,0.0,0.00435,0.0,0.99999,0.00396,0.0,-0.0,-0.00396,0.99999,0.00027,0.0,0.0,0.0,1.0,;
matrix_basis;1.0,0.0,0.0,0.0,-0.0,1.0,0.0,0.0,0.0,0.0,1.0,0.0,0.0,0.0,0.0,1.0,;
80.0;
matrix;1.0,-0.0,0.0,0.00435,0.0,0.99999,0.00396,0.0,-0.0,-0.00396,0.99999,0.00027,0.0,0.0,0.0,1.0,;
matrix_basis;1.0,0.0,0.0,0.0,-0.0,1.0,0.0,0.0,0.0,0.0,1.0,0.0,0.0,0.0,0.0,1.0,;
20.0;
matrix;1.0,-0.0,0.0,0.00435,0.0,0.99999,0.00396,0.0,-0.0,-0.00396,0.99999,0.00027,0.0,0.0,0.0,1.0,;
matrix_basis;1.0,0.0,0.0,0.0,-0.0,1.0,0.0,0.0,0.0,0.0,1.0,0.0,0.0,0.0,0.0,1.0,;
85.0;
matrix;1.0,-0.0,0.0,0.00435,0.0,0.99999,0.00396,0.0,-0.0,-0.00396,0.99999,0.00027,0.0,0.0,0.0,1.0,;
matrix_basis;1.0,0.0,0.0,0.0,-0.0,1.0,0.0,0.0,0.0,0.0,1.0,0.0,0.0,0.0,0.0,1.0,;
25.0;
matrix;1.0,-0.0,0.0,0.00435,0.0,0.99999,0.00396,0.0,-0.0,-0.00396,0.99999,0.00027,0.0,0.0,0.0,1.0,;
matrix_basis;1.0,0.0,0.0,0.0,-0.0,1.0,0.0,0.0,0.0,0.0,1.0,0.0,0.0,0.0,0.0,1.0,;
90.0;
matrix;1.0,-0.0,0.0,0.00435,0.0,0.99999,0.00396,0.0,-0.0,-0.00396,0.99999,0.00027,0.0,0.0,0.0,1.0,;
matrix_basis;1.0,0.0,0.0,0.0,-0.0,1.0,0.0,0.0,0.0,0.0,1.0,0.0,0.0,0.0,0.0,1.0,;
30.0;
matrix;1.0,-0.0,0.0,0.00435,0.0,0.99999,0.00396,0.0,-0.0,-0.00396,0.99999,0.00027,0.0,0.0,0.0,1.0,;
matrix_basis;1.0,0.0,0.0,0.0,-0.0,1.0,0.0,0.0,0.0,0.0,1.0,0.0,0.0,0.0,0.0,1.0,;
95.0;
matrix;1.0,-0.0,0.0,0.00435,0.0,0.99999,0.00396,0.0,-0.0,-0.00396,0.99999,0.00027,0.0,0.0,0.0,1.0,;
matrix_basis;1.0,0.0,0.0,0.0,-0.0,1.0,0.0,0.0,0.0,0.0,1.0,0.0,0.0,0.0,0.0,1.0,;
35.0;
matrix;1.0,-0.0,0.0,0.00435,0.0,0.99999,0.00396,0.0,-0.0,-0.00396,0.99999,0.00027,0.0,0.0,0.0,1.0,;
matrix_basis;1.0,0.0,0.0,0.0,-0.0,1.0,0.0,0.0,0.0,0.0,1.0,0.0,0.0,0.0,0.0,1.0,;
100.0;
matrix;1.0,-0.0,0.0,0.00435,0.0,0.99999,0.00396,0.0,-0.0,-0.00396,0.99999,0.00027,0.0,0.0,0.0,1.0,;
matrix_basis;1.0,0.0,0.0,0.0,-0.0,1.0,0.0,0.0,0.0,0.0,1.0,0.0,0.0,0.0,0.0,1.0,;
40.0;
matrix;1.0,-0.0,0.0,0.00435,0.0,0.99999,0.00396,0.0,-0.0,-0.00396,0.99999,0.00027,0.0,0.0,0.0,1.0,;
matrix_basis;1.0,0.0,0.0,0.0,-0.0,1.0,0.0,0.0,0.0,0.0,1.0,0.0,0.0,0.0,0.0,1.0,;
105.0;
matrix;1.0,-0.0,0.0,0.00435,0.0,0.99999,0.00396,0.0,-0.0,-0.00396,0.99999,0.00027,0.0,0.0,0.0,1.0,;
matrix_basis;1.0,0.0,0.0,0.0,-0.0,1.0,0.0,0.0,0.0,0.0,1.0,0.0,0.0,0.0,0.0,1.0,;
107.0;
matrix;1.0,-0.0,0.0,0.00435,0.0,0.99999,0.00396,0.0,-0.0,-0.00396,0.99999,0.00027,0.0,0.0,0.0,1.0,;
matrix_basis;1.0,0.0,0.0,0.0,-0.0,1.0,0.0,0.0,0.0,0.0,1.0,0.0,0.0,0.0,0.0,1.0,;
45.0;
matrix;1.0,-0.0,0.0,0.00435,0.0,0.99999,0.00396,0.0,-0.0,-0.00396,0.99999,0.00027,0.0,0.0,0.0,1.0,;
matrix_basis;1.0,0.0,0.0,0.0,-0.0,1.0,0.0,0.0,0.0,0.0,1.0,0.0,0.0,0.0,0.0,1.0,;
110.0;
matrix;1.0,-0.0,0.0,0.00435,0.0,0.99999,0.00396,0.0,-0.0,-0.00396,0.99999,0.00027,0.0,0.0,0.0,1.0,;
matrix_basis;1.0,0.0,0.0,0.0,-0.0,1.0,0.0,0.0,0.0,0.0,1.0,0.0,0.0,0.0,0.0,1.0,;
113.0;
matrix;1.0,-0.0,0.0,0.00435,0.0,0.99999,0.00396,0.0,-0.0,-0.00396,0.99999,0.00027,0.0,0.0,0.0,1.0,;
matrix_basis;1.0,0.0,0.0,0.0,-0.0,1.0,0.0,0.0,0.0,0.0,1.0,0.0,0.0,0.0,0.0,1.0,;
50.0;
matrix;1.0,-0.0,0.0,0.00435,0.0,0.99999,0.00396,0.0,-0.0,-0.00396,0.99999,0.00027,0.0,0.0,0.0,1.0,;
matrix_basis;1.0,0.0,0.0,0.0,-0.0,1.0,0.0,0.0,0.0,0.0,1.0,0.0,0.0,0.0,0.0,1.0,;
115.0;
matrix;1.0,-0.0,0.0,0.00435,0.0,0.99999,0.00396,0.0,-0.0,-0.00396,0.99999,0.00027,0.0,0.0,0.0,1.0,;
matrix_basis;1.0,0.0,0.0,0.0,-0.0,1.0,0.0,0.0,0.0,0.0,1.0,0.0,0.0,0.0,0.0,1.0,;
55.0;
matrix;1.0,-0.0,0.0,0.00435,0.0,0.99999,0.00396,0.0,-0.0,-0.00396,0.99999,0.00027,0.0,0.0,0.0,1.0,;
matrix_basis;1.0,0.0,0.0,0.0,-0.0,1.0,0.0,0.0,0.0,0.0,1.0,0.0,0.0,0.0,0.0,1.0,;
60.0;
matrix;1.0,-0.0,0.0,0.00435,0.0,0.99999,0.00396,0.0,-0.0,-0.00396,0.99999,0.00027,0.0,0.0,0.0,1.0,;
matrix_basis;1.0,0.0,0.0,0.0,-0.0,1.0,0.0,0.0,0.0,0.0,1.0,0.0,0.0,0.0,0.0,1.0,;
}
}
anim{
rightLegmaeBone;
keys{
25;
0.0;
matrix;-0.00345,-0.99827,-0.05862,0.00435,0.99827,0.0,-0.05872,0.0,0.05862,-0.05872,0.99655,0.00027,0.0,0.0,0.0,1.0,;
matrix_basis;1.0,0.0,0.0,0.0,0.0,1.0,0.0,0.0,0.0,0.0,1.0,0.0,0.0,0.0,0.0,1.0,;
65.0;
matrix;-0.00345,-0.99827,-0.05862,0.00435,0.99827,0.0,-0.05872,0.0,0.05862,-0.05872,0.99655,0.00027,0.0,0.0,0.0,1.0,;
matrix_basis;1.0,0.0,0.0,0.0,-0.0,1.0,0.0,0.0,0.0,0.0,1.0,0.0,0.0,0.0,0.0,1.0,;
70.0;
matrix;-0.00345,-0.99827,-0.05862,0.00435,0.99827,0.0,-0.05872,0.0,0.05862,-0.05872,0.99655,0.00027,0.0,0.0,0.0,1.0,;
matrix_basis;1.0,0.0,0.0,0.0,-0.0,1.0,0.0,0.0,0.0,0.0,1.0,0.0,0.0,0.0,0.0,1.0,;
10.0;
matrix;-0.00345,-0.99827,-0.05862,0.00435,0.99827,0.0,-0.05872,0.0,0.05862,-0.05872,0.99655,0.00027,0.0,0.0,0.0,1.0,;
matrix_basis;1.0,0.0,0.0,0.0,0.0,1.0,0.0,0.0,0.0,0.0,1.0,0.0,0.0,0.0,0.0,1.0,;
75.0;
matrix;-0.00345,-0.99827,-0.05862,0.00435,0.99827,0.0,-0.05872,0.0,0.05862,-0.05872,0.99655,0.00027,0.0,0.0,0.0,1.0,;
matrix_basis;1.0,0.0,0.0,0.0,-0.0,1.0,0.0,0.0,0.0,0.0,1.0,0.0,0.0,0.0,0.0,1.0,;
15.0;
matrix;-0.00345,-0.99827,-0.05862,0.00435,0.99827,0.0,-0.05872,0.0,0.05862,-0.05872,0.99655,0.00027,0.0,0.0,0.0,1.0,;
matrix_basis;1.0,0.0,0.0,0.0,-0.0,1.0,0.0,0.0,0.0,0.0,1.0,0.0,0.0,0.0,0.0,1.0,;
80.0;
matrix;-0.00345,-0.99827,-0.05862,0.00435,0.99827,0.0,-0.05872,0.0,0.05862,-0.05872,0.99655,0.00027,0.0,0.0,0.0,1.0,;
matrix_basis;1.0,0.0,0.0,0.0,-0.0,1.0,0.0,0.0,0.0,0.0,1.0,0.0,0.0,0.0,0.0,1.0,;
20.0;
matrix;-0.00345,-0.99827,-0.05862,0.00435,0.99827,0.0,-0.05872,0.0,0.05862,-0.05872,0.99655,0.00027,0.0,0.0,0.0,1.0,;
matrix_basis;1.0,0.0,0.0,0.0,-0.0,1.0,0.0,0.0,0.0,0.0,1.0,0.0,0.0,0.0,0.0,1.0,;
85.0;
matrix;-0.00345,-0.99827,-0.05862,0.00435,0.99827,0.0,-0.05872,0.0,0.05862,-0.05872,0.99655,0.00027,0.0,0.0,0.0,1.0,;
matrix_basis;1.0,0.0,0.0,0.0,-0.0,1.0,0.0,0.0,0.0,0.0,1.0,0.0,0.0,0.0,0.0,1.0,;
25.0;
matrix;-0.00345,-0.99827,-0.05862,0.00435,0.99827,0.0,-0.05872,0.0,0.05862,-0.05872,0.99655,0.00027,0.0,0.0,0.0,1.0,;
matrix_basis;1.0,0.0,0.0,0.0,-0.0,1.0,0.0,0.0,0.0,0.0,1.0,0.0,0.0,0.0,0.0,1.0,;
90.0;
matrix;-0.00345,-0.99827,-0.05862,0.00435,0.99827,0.0,-0.05872,0.0,0.05862,-0.05872,0.99655,0.00027,0.0,0.0,0.0,1.0,;
matrix_basis;1.0,0.0,0.0,0.0,-0.0,1.0,0.0,0.0,0.0,0.0,1.0,0.0,0.0,0.0,0.0,1.0,;
30.0;
matrix;-0.00345,-0.99827,-0.05862,0.00435,0.99827,0.0,-0.05872,0.0,0.05862,-0.05872,0.99655,0.00027,0.0,0.0,0.0,1.0,;
matrix_basis;1.0,0.0,0.0,0.0,-0.0,1.0,0.0,0.0,0.0,0.0,1.0,0.0,0.0,0.0,0.0,1.0,;
95.0;
matrix;-0.00345,-0.99827,-0.05862,0.00435,0.99827,0.0,-0.05872,0.0,0.05862,-0.05872,0.99655,0.00027,0.0,0.0,0.0,1.0,;
matrix_basis;1.0,0.0,0.0,0.0,-0.0,1.0,0.0,0.0,0.0,0.0,1.0,0.0,0.0,0.0,0.0,1.0,;
35.0;
matrix;-0.00345,-0.99827,-0.05862,0.00435,0.99827,0.0,-0.05872,0.0,0.05862,-0.05872,0.99655,0.00027,0.0,0.0,0.0,1.0,;
matrix_basis;1.0,0.0,0.0,0.0,-0.0,1.0,0.0,0.0,0.0,0.0,1.0,0.0,0.0,0.0,0.0,1.0,;
100.0;
matrix;-0.00345,-0.99827,-0.05862,0.00435,0.99827,0.0,-0.05872,0.0,0.05862,-0.05872,0.99655,0.00027,0.0,0.0,0.0,1.0,;
matrix_basis;1.0,0.0,0.0,0.0,-0.0,1.0,0.0,0.0,0.0,0.0,1.0,0.0,0.0,0.0,0.0,1.0,;
40.0;
matrix;-0.00345,-0.99827,-0.05862,0.00435,0.99827,0.0,-0.05872,0.0,0.05862,-0.05872,0.99655,0.00027,0.0,0.0,0.0,1.0,;
matrix_basis;1.0,0.0,0.0,0.0,-0.0,1.0,0.0,0.0,0.0,0.0,1.0,0.0,0.0,0.0,0.0,1.0,;
105.0;
matrix;-0.00345,-0.99827,-0.05862,0.00435,0.99827,0.0,-0.05872,0.0,0.05862,-0.05872,0.99655,0.00027,0.0,0.0,0.0,1.0,;
matrix_basis;1.0,0.0,0.0,0.0,-0.0,1.0,0.0,0.0,0.0,0.0,1.0,0.0,0.0,0.0,0.0,1.0,;
107.0;
matrix;-0.00345,-0.99827,-0.05862,0.00435,0.99827,0.0,-0.05872,0.0,0.05862,-0.05872,0.99655,0.00027,0.0,0.0,0.0,1.0,;
matrix_basis;1.0,0.0,0.0,0.0,-0.0,1.0,0.0,0.0,0.0,0.0,1.0,0.0,0.0,0.0,0.0,1.0,;
45.0;
matrix;-0.00345,-0.99827,-0.05862,0.00435,0.99827,0.0,-0.05872,0.0,0.05862,-0.05872,0.99655,0.00027,0.0,0.0,0.0,1.0,;
matrix_basis;1.0,0.0,0.0,0.0,-0.0,1.0,0.0,0.0,0.0,0.0,1.0,0.0,0.0,0.0,0.0,1.0,;
110.0;
matrix;-0.00345,-0.99827,-0.05862,0.00435,0.99827,0.0,-0.05872,0.0,0.05862,-0.05872,0.99655,0.00027,0.0,0.0,0.0,1.0,;
matrix_basis;1.0,0.0,0.0,0.0,-0.0,1.0,0.0,0.0,0.0,0.0,1.0,0.0,0.0,0.0,0.0,1.0,;
113.0;
matrix;-0.00345,-0.99827,-0.05862,0.00435,0.99827,0.0,-0.05872,0.0,0.05862,-0.05872,0.99655,0.00027,0.0,0.0,0.0,1.0,;
matrix_basis;1.0,0.0,0.0,0.0,-0.0,1.0,0.0,0.0,0.0,0.0,1.0,0.0,0.0,0.0,0.0,1.0,;
50.0;
matrix;-0.00345,-0.99827,-0.05862,0.00435,0.99827,0.0,-0.05872,0.0,0.05862,-0.05872,0.99655,0.00027,0.0,0.0,0.0,1.0,;
matrix_basis;1.0,0.0,0.0,0.0,-0.0,1.0,0.0,0.0,0.0,0.0,1.0,0.0,0.0,0.0,0.0,1.0,;
115.0;
matrix;-0.00345,-0.99827,-0.05862,0.00435,0.99827,0.0,-0.05872,0.0,0.05862,-0.05872,0.99655,0.00027,0.0,0.0,0.0,1.0,;
matrix_basis;1.0,0.0,0.0,0.0,-0.0,1.0,0.0,0.0,0.0,0.0,1.0,0.0,0.0,0.0,0.0,1.0,;
55.0;
matrix;-0.00345,-0.99827,-0.05862,0.00435,0.99827,0.0,-0.05872,0.0,0.05862,-0.05872,0.99655,0.00027,0.0,0.0,0.0,1.0,;
matrix_basis;1.0,0.0,0.0,0.0,-0.0,1.0,0.0,0.0,0.0,0.0,1.0,0.0,0.0,0.0,0.0,1.0,;
60.0;
matrix;-0.00345,-0.99827,-0.05862,0.00435,0.99827,0.0,-0.05872,0.0,0.05862,-0.05872,0.99655,0.00027,0.0,0.0,0.0,1.0,;
matrix_basis;1.0,0.0,0.0,0.0,-0.0,1.0,0.0,0.0,0.0,0.0,1.0,0.0,0.0,0.0,0.0,1.0,;
}
}
anim{
leftLegDownBone;
keys{
25;
0.0;
matrix;0.99957,0.02854,-0.00671,0.22171,0.00672,-0.00036,0.99998,-0.00024,0.02853,-0.99959,-0.00055,-0.6766,0.0,0.0,0.0,1.0,;
matrix_basis;1.0,0.0,0.0,0.0,0.0,1.0,0.0,0.0,0.0,0.0,1.0,0.0,0.0,0.0,0.0,1.0,;
65.0;
matrix;0.45858,-0.12761,-0.87944,0.48355,0.88707,0.1247,0.44447,-0.02321,0.05295,-0.98395,0.17039,-0.62063,0.0,0.0,0.0,1.0,;
matrix_basis;0.99152,-0.12389,0.03932,0.0,0.12608,0.84309,-0.52278,0.0,0.03162,0.5233,0.85156,0.0,0.0,0.0,0.0,1.0,;
70.0;
matrix;0.99824,0.05882,-0.00686,0.32202,-0.00387,0.1804,0.98359,-0.24115,0.05909,-0.98183,0.18032,-0.62247,0.0,0.0,0.0,1.0,;
matrix_basis;0.99152,-0.12389,0.03932,0.0,0.12608,0.84309,-0.52278,0.0,0.03162,0.5233,0.85156,0.0,0.0,0.0,0.0,1.0,;
10.0;
matrix;0.99824,0.05882,-0.00686,0.32202,-0.00387,0.1804,0.98359,-0.24115,0.05909,-0.98183,0.18032,-0.62247,0.0,0.0,0.0,1.0,;
matrix_basis;0.99152,-0.12389,0.03932,0.0,0.12608,0.84309,-0.52278,0.0,0.03162,0.5233,0.85156,0.0,0.0,0.0,0.0,1.0,;
75.0;
matrix;0.9997,0.02448,-0.00054,0.28142,-0.00388,0.18025,0.98361,-0.24115,0.02418,-0.98331,0.18029,-0.62804,0.0,0.0,0.0,1.0,;
matrix_basis;0.99505,-0.09342,0.03374,0.0,0.09723,0.84654,-0.52338,0.0,0.02033,0.52407,0.85143,0.0,0.0,0.0,0.0,1.0,;
15.0;
matrix;0.9983,0.05701,-0.01181,0.32254,0.00348,0.144,0.98957,0.00469,0.05811,-0.98793,0.14355,-0.66824,0.0,0.0,0.0,1.0,;
matrix_basis;0.99087,-0.12889,-0.03946,0.0,0.12237,0.98289,-0.1377,0.0,0.05653,0.13161,0.98969,0.0,0.0,0.0,0.0,1.0,;
80.0;
matrix;0.99975,0.02104,-0.00682,0.28167,-0.01076,0.73197,0.68125,0.17513,0.01932,-0.68101,0.73202,-0.64991,0.0,0.0,0.0,1.0,;
matrix_basis;0.99505,-0.09342,0.03374,0.0,0.09723,0.84654,-0.52338,0.0,0.02033,0.52407,0.85143,0.0,0.0,0.0,0.0,1.0,;
20.0;
matrix;0.99824,0.05882,-0.00686,0.32202,-0.00387,0.1804,0.98359,-0.24115,0.05909,-0.98183,0.18032,-0.62247,0.0,0.0,0.0,1.0,;
matrix_basis;0.99152,-0.12389,0.03932,0.0,0.12608,0.84309,-0.52278,0.0,0.03162,0.5233,0.85156,0.0,0.0,0.0,0.0,1.0,;
85.0;
matrix;0.9997,0.02448,-0.00054,0.28142,-0.00388,0.18025,0.98361,-0.24115,0.02418,-0.98331,0.18029,-0.62804,0.0,0.0,0.0,1.0,;
matrix_basis;0.99505,-0.09342,0.03374,0.0,0.09723,0.84654,-0.52338,0.0,0.02033,0.52407,0.85143,0.0,0.0,0.0,0.0,1.0,;
25.0;
matrix;0.99775,0.06699,-0.00204,0.31881,-0.0181,0.29863,0.9542,-0.5688,0.06453,-0.95201,0.29917,-0.34087,0.0,0.0,0.0,1.0,;
matrix_basis;0.98751,-0.03341,0.15396,0.0,0.15753,0.22529,-0.96147,0.0,-0.00257,0.97372,0.22774,0.0,0.0,0.0,0.0,1.0,;
90.0;
matrix;0.77993,0.61627,-0.1092,0.53483,-0.00385,0.17919,0.98381,-0.24115,0.62586,-0.76688,0.14213,-0.54394,0.0,0.0,0.0,1.0,;
matrix_basis;0.99272,0.12036,-0.00535,0.0,-0.10536,0.84578,-0.52302,0.0,-0.05843,0.51978,0.8523,0.0,0.0,0.0,0.0,1.0,;
30.0;
matrix;0.99824,0.05882,-0.00686,0.32202,-0.00387,0.1804,0.98359,-0.24115,0.05909,-0.98183,0.18032,-0.62247,0.0,0.0,0.0,1.0,;
matrix_basis;0.99152,-0.12389,0.03932,0.0,0.12608,0.84309,-0.52278,0.0,0.03162,0.5233,0.85156,0.0,0.0,0.0,0.0,1.0,;
95.0;
matrix;0.9997,0.02448,-0.00054,0.28142,-0.00388,0.18025,0.98361,-0.24115,0.02418,-0.98331,0.18029,-0.62804,0.0,0.0,0.0,1.0,;
matrix_basis;0.99505,-0.09342,0.03374,0.0,0.09723,0.84654,-0.52338,0.0,0.02033,0.52407,0.85143,0.0,0.0,0.0,0.0,1.0,;
35.0;
matrix;0.98865,-0.14725,0.02989,0.59129,-0.00241,0.18336,0.98304,-0.24115,-0.15023,-0.97195,0.18092,-0.50593,0.0,0.0,0.0,1.0,;
matrix_basis;0.68414,-0.71426,0.1476,0.0,0.6836,0.55742,-0.47114,0.0,0.25424,0.42322,0.86962,0.0,0.0,0.0,0.0,1.0,;
100.0;
matrix;0.97188,-0.23108,0.04522,0.59288,-0.00207,0.18365,0.98299,-0.24115,-0.23545,-0.95544,0.17801,-0.50472,0.0,0.0,0.0,1.0,;
matrix_basis;0.61576,-0.77189,0.15821,0.0,0.73779,0.49434,-0.45967,0.0,0.2766,0.39977,0.87389,0.0,0.0,0.0,0.0,1.0,;
40.0;
matrix;0.99824,0.05882,-0.00686,0.32202,-0.00387,0.1804,0.98359,-0.24115,0.05909,-0.98183,0.18032,-0.62247,0.0,0.0,0.0,1.0,;
matrix_basis;0.99152,-0.12389,0.03932,0.0,0.12608,0.84309,-0.52278,0.0,0.03162,0.5233,0.85156,0.0,0.0,0.0,0.0,1.0,;
105.0;
matrix;0.9997,0.02448,-0.00054,0.28143,-0.00388,0.18025,0.98361,-0.24115,0.02418,-0.98331,0.18029,-0.62804,0.0,0.0,0.0,1.0,;
matrix_basis;0.99505,-0.09342,0.03374,0.0,0.09723,0.84654,-0.52338,0.0,0.02033,0.52407,0.85143,0.0,0.0,0.0,0.0,1.0,;
107.0;
matrix;0.89542,-0.4375,0.08254,0.66365,-0.00044,0.18452,0.98283,-0.24115,-0.44522,-0.88008,0.16503,-0.44175,0.0,0.0,0.0,1.0,;
matrix_basis;0.28276,-0.94031,0.18936,0.0,0.89534,0.18792,-0.4038,0.0,0.34412,0.28372,0.89503,0.0,0.0,0.0,0.0,1.0,;
45.0;
matrix;0.9891,-0.14409,0.03021,0.08463,-0.00389,0.17953,0.98374,-0.24115,-0.14717,-0.97314,0.17702,-0.61693,0.0,0.0,0.0,1.0,;
matrix_basis;0.99865,0.05151,0.00723,0.0,-0.04008,0.85077,-0.52401,0.0,-0.03314,0.52301,0.85168,0.0,0.0,0.0,0.0,1.0,;
110.0;
