animsets{
15;
anim{
modoruBone;
keys{
25;
0.0;
matrix;0.9998,0.01428,-0.01428,0.0,0.01428,0.0,0.9999,0.0,0.01428,-0.9999,-0.0002,0.30453,0.0,0.0,0.0,1.0,;
matrix_basis;1.0,-0.0,0.0,0.0,0.0,1.0,0.0,0.0,0.0,0.0,1.0,0.0,0.0,0.0,0.0,1.0,;
65.0;
matrix;0.9998,0.01428,-0.01428,0.0,0.01428,0.0,0.9999,0.0,0.01428,-0.9999,-0.0002,0.30326,0.0,0.0,0.0,1.0,;
matrix_basis;1.0,-0.0,0.0,0.0,0.0,1.0,0.0,0.0,0.0,0.0,1.0,0.0,0.0,0.0,0.0,1.0,;
70.0;
matrix;0.9998,0.01428,-0.01428,0.0,0.01428,0.0,0.9999,0.0,0.01428,-0.9999,-0.0002,0.30453,0.0,0.0,0.0,1.0,;
matrix_basis;1.0,-0.0,0.0,0.0,0.0,1.0,0.0,0.0,0.0,0.0,1.0,0.0,0.0,0.0,0.0,1.0,;
10.0;
matrix;0.9998,0.01428,-0.01428,0.0,0.01428,0.0,0.9999,0.0,0.01428,-0.9999,-0.0002,0.30453,0.0,0.0,0.0,1.0,;
matrix_basis;1.0,-0.0,0.0,0.0,0.0,1.0,0.0,0.0,0.0,0.0,1.0,0.0,0.0,0.0,0.0,1.0,;
75.0;
matrix;0.9998,0.01428,-0.01428,0.0,0.01428,0.0,0.9999,0.0,0.01428,-0.9999,-0.0002,0.30453,0.0,0.0,0.0,1.0,;
matrix_basis;1.0,-0.0,0.0,0.0,0.0,1.0,0.0,0.0,0.0,0.0,1.0,0.0,0.0,0.0,0.0,1.0,;
15.0;
matrix;0.9998,0.01428,-0.01428,0.0,0.01428,0.0,0.9999,0.0,0.01428,-0.9999,-0.0002,0.30453,0.0,0.0,0.0,1.0,;
matrix_basis;1.0,-0.0,0.0,0.0,0.0,1.0,0.0,0.0,0.0,0.0,1.0,0.0,0.0,0.0,0.0,1.0,;
80.0;
matrix;0.9998,0.01428,-0.01428,0.0,0.01428,0.0,0.9999,0.0,0.01428,-0.9999,-0.0002,0.30453,0.0,0.0,0.0,1.0,;
matrix_basis;1.0,-0.0,0.0,0.0,0.0,1.0,0.0,0.0,0.0,0.0,1.0,0.0,0.0,0.0,0.0,1.0,;
20.0;
matrix;0.9998,0.01428,-0.01428,0.0,0.01428,0.0,0.9999,0.0,0.01428,-0.9999,-0.0002,0.30453,0.0,0.0,0.0,1.0,;
matrix_basis;1.0,-0.0,0.0,0.0,0.0,1.0,0.0,0.0,0.0,0.0,1.0,0.0,0.0,0.0,0.0,1.0,;
85.0;
matrix;0.9998,0.01428,-0.01428,0.0,0.01428,0.0,0.9999,0.0,0.01428,-0.9999,-0.0002,0.30453,0.0,0.0,0.0,1.0,;
matrix_basis;1.0,-0.0,0.0,0.0,0.0,1.0,0.0,0.0,0.0,0.0,1.0,0.0,0.0,0.0,0.0,1.0,;
25.0;
matrix;0.9998,0.01428,-0.01428,0.0,0.01428,0.0,0.9999,0.0,0.01428,-0.9999,-0.0002,0.30453,0.0,0.0,0.0,1.0,;
matrix_basis;1.0,-0.0,0.0,0.0,0.0,1.0,0.0,0.0,0.0,0.0,1.0,0.0,0.0,0.0,0.0,1.0,;
90.0;
matrix;0.9998,0.01428,-0.01428,0.0,0.01428,0.0,0.9999,0.0,0.01428,-0.9999,-0.0002,0.30453,0.0,0.0,0.0,1.0,;
matrix_basis;1.0,-0.0,0.0,0.0,0.0,1.0,0.0,0.0,0.0,0.0,1.0,0.0,0.0,0.0,0.0,1.0,;
30.0;
matrix;0.9998,0.01428,-0.01428,0.0,0.01428,0.0,0.9999,0.0,0.01428,-0.9999,-0.0002,0.30453,0.0,0.0,0.0,1.0,;
matrix_basis;1.0,-0.0,0.0,0.0,0.0,1.0,0.0,0.0,0.0,0.0,1.0,0.0,0.0,0.0,0.0,1.0,;
95.0;
matrix;0.9998,0.01428,-0.01428,0.0,0.01428,0.0,0.9999,0.0,0.01428,-0.9999,-0.0002,0.30453,0.0,0.0,0.0,1.0,;
matrix_basis;1.0,-0.0,0.0,0.0,0.0,1.0,0.0,0.0,0.0,0.0,1.0,0.0,0.0,0.0,0.0,1.0,;
35.0;
matrix;0.9998,0.01428,-0.01428,0.0,0.01428,0.0,0.9999,0.0,0.01428,-0.9999,-0.0002,0.30453,0.0,0.0,0.0,1.0,;
matrix_basis;1.0,-0.0,0.0,0.0,0.0,1.0,0.0,0.0,0.0,0.0,1.0,0.0,0.0,0.0,0.0,1.0,;
100.0;
matrix;0.9998,0.01428,-0.01428,0.0,0.01428,0.0,0.9999,0.0,0.01428,-0.9999,-0.0002,0.30453,0.0,0.0,0.0,1.0,;
matrix_basis;1.0,-0.0,0.0,0.0,0.0,1.0,0.0,0.0,0.0,0.0,1.0,0.0,0.0,0.0,0.0,1.0,;
40.0;
matrix;0.9998,0.01428,-0.01428,0.0,0.01428,0.0,0.9999,0.0,0.01428,-0.9999,-0.0002,0.30453,0.0,0.0,0.0,1.0,;
matrix_basis;1.0,-0.0,0.0,0.0,0.0,1.0,0.0,0.0,0.0,0.0,1.0,0.0,0.0,0.0,0.0,1.0,;
105.0;
matrix;0.9998,0.01428,-0.01428,0.0,0.01428,0.0,0.9999,0.0,0.01428,-0.9999,-0.0002,0.30453,0.0,0.0,0.0,1.0,;
matrix_basis;1.0,-0.0,0.0,0.0,0.0,1.0,0.0,0.0,0.0,0.0,1.0,0.0,0.0,0.0,0.0,1.0,;
107.0;
matrix;0.9998,0.01428,-0.01428,0.0,0.01428,0.0,0.9999,0.0,0.01428,-0.9999,-0.0002,0.30453,0.0,0.0,0.0,1.0,;
matrix_basis;1.0,-0.0,0.0,0.0,0.0,1.0,0.0,0.0,0.0,0.0,1.0,0.0,0.0,0.0,0.0,1.0,;
45.0;
matrix;0.9998,0.01428,-0.01428,0.0,0.01428,0.0,0.9999,0.0,0.01428,-0.9999,-0.0002,0.30453,0.0,0.0,0.0,1.0,;
matrix_basis;1.0,-0.0,0.0,0.0,0.0,1.0,0.0,0.0,0.0,0.0,1.0,0.0,0.0,0.0,0.0,1.0,;
110.0;
matrix;0.9998,0.01428,-0.01428,0.0,0.01428,0.0,0.9999,0.0,0.01428,-0.9999,-0.0002,0.30453,0.0,0.0,0.0,1.0,;
matrix_basis;1.0,-0.0,0.0,0.0,0.0,1.0,0.0,0.0,0.0,0.0,1.0,0.0,0.0,0.0,0.0,1.0,;
113.0;
matrix;0.9998,0.01428,-0.01428,0.0,0.01428,0.0,0.9999,0.0,0.01428,-0.9999,-0.0002,0.30453,0.0,0.0,0.0,1.0,;
matrix_basis;1.0,-0.0,0.0,0.0,0.0,1.0,0.0,0.0,0.0,0.0,1.0,0.0,0.0,0.0,0.0,1.0,;
50.0;
matrix;0.9998,0.01428,-0.01428,0.0,0.01428,0.0,0.9999,0.0,0.01428,-0.9999,-0.0002,0.30453,0.0,0.0,0.0,1.0,;
matrix_basis;1.0,-0.0,0.0,0.0,0.0,1.0,0.0,0.0,0.0,0.0,1.0,0.0,0.0,0.0,0.0,1.0,;
115.0;
matrix;0.9998,0.01428,-0.01428,0.0,0.01428,0.0,0.9999,0.0,0.01428,-0.9999,-0.0002,0.30453,0.0,0.0,0.0,1.0,;
matrix_basis;1.0,-0.0,0.0,0.0,0.0,1.0,0.0,0.0,0.0,0.0,1.0,0.0,0.0,0.0,0.0,1.0,;
55.0;
matrix;0.9998,0.01428,-0.01428,0.0,0.01428,0.0,0.9999,0.0,0.01428,-0.9999,-0.0002,0.30453,0.0,0.0,0.0,1.0,;
matrix_basis;1.0,-0.0,0.0,0.0,0.0,1.0,0.0,0.0,0.0,0.0,1.0,0.0,0.0,0.0,0.0,1.0,;
60.0;
matrix;0.9998,0.01428,-0.01428,0.0,0.01428,0.0,0.9999,0.0,0.01428,-0.9999,-0.0002,0.30453,0.0,0.0,0.0,1.0,;
matrix_basis;1.0,-0.0,0.0,0.0,0.0,1.0,0.0,0.0,0.0,0.0,1.0,0.0,0.0,0.0,0.0,1.0,;
}
}
anim{
frontLegmaeBone;
keys{
25;
0.0;
matrix;1.0,0.0,-0.0,0.00435,0.0,-0.99288,0.11915,0.0,-0.0,-0.11915,-0.99288,0.00027,0.0,0.0,0.0,1.0,;
matrix_basis;1.0,-0.0,0.0,0.0,0.0,1.0,0.0,0.0,0.0,0.0,1.0,0.0,0.0,0.0,0.0,1.0,;
65.0;
matrix;1.0,0.0,-0.0,0.00435,0.0,-0.99288,0.11915,0.0,-0.0,-0.11915,-0.99288,-0.001,0.0,0.0,0.0,1.0,;
matrix_basis;1.0,-0.0,0.0,0.0,0.0,1.0,0.0,0.0,0.0,0.0,1.0,0.0,0.0,0.0,0.0,1.0,;
70.0;
matrix;1.0,0.0,-0.0,0.00435,0.0,-0.99288,0.11915,0.0,-0.0,-0.11915,-0.99288,0.00027,0.0,0.0,0.0,1.0,;
matrix_basis;1.0,-0.0,0.0,0.0,0.0,1.0,0.0,0.0,0.0,0.0,1.0,0.0,0.0,0.0,0.0,1.0,;
10.0;
matrix;1.0,0.0,-0.0,0.00435,0.0,-0.99288,0.11915,0.0,-0.0,-0.11915,-0.99288,0.00027,0.0,0.0,0.0,1.0,;
matrix_basis;1.0,-0.0,0.0,0.0,0.0,1.0,0.0,0.0,0.0,0.0,1.0,0.0,0.0,0.0,0.0,1.0,;
75.0;
matrix;1.0,0.0,-0.0,0.00435,0.0,-0.99288,0.11915,0.0,-0.0,-0.11915,-0.99288,0.00027,0.0,0.0,0.0,1.0,;
matrix_basis;1.0,-0.0,0.0,0.0,0.0,1.0,0.0,0.0,0.0,0.0,1.0,0.0,0.0,0.0,0.0,1.0,;
15.0;
matrix;1.0,0.0,-0.0,0.00435,0.0,-0.99288,0.11915,0.0,-0.0,-0.11915,-0.99288,0.00027,0.0,0.0,0.0,1.0,;
matrix_basis;1.0,-0.0,0.0,0.0,0.0,1.0,0.0,0.0,0.0,0.0,1.0,0.0,0.0,0.0,0.0,1.0,;
80.0;
matrix;1.0,0.0,-0.0,0.00435,0.0,-0.99288,0.11915,0.0,-0.0,-0.11915,-0.99288,0.00027,0.0,0.0,0.0,1.0,;
matrix_basis;1.0,-0.0,0.0,0.0,0.0,1.0,0.0,0.0,0.0,0.0,1.0,0.0,0.0,0.0,0.0,1.0,;
20.0;
matrix;1.0,0.0,-0.0,0.00435,0.0,-0.99288,0.11915,0.0,-0.0,-0.11915,-0.99288,0.00027,0.0,0.0,0.0,1.0,;
matrix_basis;1.0,-0.0,0.0,0.0,0.0,1.0,0.0,0.0,0.0,0.0,1.0,0.0,0.0,0.0,0.0,1.0,;
85.0;
matrix;1.0,0.0,-0.0,0.00435,0.0,-0.99288,0.11915,0.0,-0.0,-0.11915,-0.99288,0.00027,0.0,0.0,0.0,1.0,;
matrix_basis;1.0,-0.0,0.0,0.0,0.0,1.0,0.0,0.0,0.0,0.0,1.0,0.0,0.0,0.0,0.0,1.0,;
25.0;
matrix;1.0,0.0,-0.0,0.00435,0.0,-0.99288,0.11915,0.0,-0.0,-0.11915,-0.99288,0.00027,0.0,0.0,0.0,1.0,;
matrix_basis;1.0,-0.0,0.0,0.0,0.0,1.0,0.0,0.0,0.0,0.0,1.0,0.0,0.0,0.0,0.0,1.0,;
90.0;
matrix;1.0,0.0,-0.0,0.00435,0.0,-0.99288,0.11915,0.0,-0.0,-0.11915,-0.99288,0.00027,0.0,0.0,0.0,1.0,;
matrix_basis;1.0,-0.0,0.0,0.0,0.0,1.0,0.0,0.0,0.0,0.0,1.0,0.0,0.0,0.0,0.0,1.0,;
30.0;
matrix;1.0,0.0,-0.0,0.00435,0.0,-0.99288,0.11915,0.0,-0.0,-0.11915,-0.99288,0.00027,0.0,0.0,0.0,1.0,;
matrix_basis;1.0,-0.0,0.0,0.0,0.0,1.0,0.0,0.0,0.0,0.0,1.0,0.0,0.0,0.0,0.0,1.0,;
95.0;
matrix;1.0,0.0,-0.0,0.00435,0.0,-0.99288,0.11915,0.0,-0.0,-0.11915,-0.99288,0.00027,0.0,0.0,0.0,1.0,;
matrix_basis;1.0,-0.0,0.0,0.0,0.0,1.0,0.0,0.0,0.0,0.0,1.0,0.0,0.0,0.0,0.0,1.0,;
35.0;
matrix;1.0,0.0,-0.0,0.00435,0.0,-0.99288,0.11915,0.0,-0.0,-0.11915,-0.99288,0.00027,0.0,0.0,0.0,1.0,;
matrix_basis;1.0,-0.0,0.0,0.0,0.0,1.0,0.0,0.0,0.0,0.0,1.0,0.0,0.0,0.0,0.0,1.0,;
100.0;
matrix;1.0,0.0,-0.0,0.00435,0.0,-0.99288,0.11915,0.0,-0.0,-0.11915,-0.99288,0.00027,0.0,0.0,0.0,1.0,;
matrix_basis;1.0,-0.0,0.0,0.0,0.0,1.0,0.0,0.0,0.0,0.0,1.0,0.0,0.0,0.0,0.0,1.0,;
40.0;
matrix;1.0,0.0,-0.0,0.00435,0.0,-0.99288,0.11915,0.0,-0.0,-0.11915,-0.99288,0.00027,0.0,0.0,0.0,1.0,;
matrix_basis;1.0,-0.0,0.0,0.0,0.0,1.0,0.0,0.0,0.0,0.0,1.0,0.0,0.0,0.0,0.0,1.0,;
105.0;
matrix;1.0,0.0,-0.0,0.00435,0.0,-0.99288,0.11915,0.0,-0.0,-0.11915,-0.99288,0.00027,0.0,0.0,0.0,1.0,;
matrix_basis;1.0,-0.0,0.0,0.0,0.0,1.0,0.0,0.0,0.0,0.0,1.0,0.0,0.0,0.0,0.0,1.0,;
107.0;
matrix;1.0,0.0,-0.0,0.00435,0.0,-0.99288,0.11915,0.0,-0.0,-0.11915,-0.99288,0.00027,0.0,0.0,0.0,1.0,;
matrix_basis;1.0,-0.0,0.0,0.0,0.0,1.0,0.0,0.0,0.0,0.0,1.0,0.0,0.0,0.0,0.0,1.0,;
45.0;
matrix;1.0,0.0,-0.0,0.00435,0.0,-0.99288,0.11915,0.0,-0.0,-0.11915,-0.99288,0.00027,0.0,0.0,0.0,1.0,;
matrix_basis;1.0,-0.0,0.0,0.0,0.0,1.0,0.0,0.0,0.0,0.0,1.0,0.0,0.0,0.0,0.0,1.0,;
110.0;
matrix;1.0,0.0,-0.0,0.00435,0.0,-0.99288,0.11915,0.0,-0.0,-0.11915,-0.99288,0.00027,0.0,0.0,0.0,1.0,;
matrix_basis;1.0,-0.0,0.0,0.0,0.0,1.0,0.0,0.0,0.0,0.0,1.0,0.0,0.0,0.0,0.0,1.0,;
113.0;
matrix;1.0,0.0,-0.0,0.00435,0.0,-0.99288,0.11915,0.0,-0.0,-0.11915,-0.99288,0.00027,0.0,0.0,0.0,1.0,;
matrix_basis;1.0,-0.0,0.0,0.0,0.0,1.0,0.0,0.0,0.0,0.0,1.0,0.0,0.0,0.0,0.0,1.0,;
50.0;
matrix;1.0,0.0,-0.0,0.00435,0.0,-0.99288,0.11915,0.0,-0.0,-0.11915,-0.99288,0.00027,0.0,0.0,0.0,1.0,;
matrix_basis;1.0,-0.0,0.0,0.0,0.0,1.0,0.0,0.0,0.0,0.0,1.0,0.0,0.0,0.0,0.0,1.0,;
115.0;
matrix;1.0,0.0,-0.0,0.00435,0.0,-0.99288,0.11915,0.0,-0.0,-0.11915,-0.99288,0.00027,0.0,0.0,0.0,1.0,;
matrix_basis;1.0,-0.0,0.0,0.0,0.0,1.0,0.0,0.0,0.0,0.0,1.0,0.0,0.0,0.0,0.0,1.0,;
55.0;
matrix;1.0,0.0,-0.0,0.00435,0.0,-0.99288,0.11915,0.0,-0.0,-0.11915,-0.99288,0.00027,0.0,0.0,0.0,1.0,;
matrix_basis;1.0,-0.0,0.0,0.0,0.0,1.0,0.0,0.0,0.0,0.0,1.0,0.0,0.0,0.0,0.0,1.0,;
60.0;
matrix;1.0,0.0,-0.0,0.00435,0.0,-0.99288,0.11915,0.0,-0.0,-0.11915,-0.99288,0.00027,0.0,0.0,0.0,1.0,;
matrix_basis;1.0,-0.0,0.0,0.0,0.0,1.0,0.0,0.0,0.0,0.0,1.0,0.0,0.0,0.0,0.0,1.0,;
}
}
anim{
rightLegmaeBone;
keys{
25;
0.0;
matrix;-0.00345,-0.99827,-0.05862,0.00435,0.99827,0.0,-0.05872,0.0,0.05862,-0.05872,0.99655,0.00027,0.0,0.0,0.0,1.0,;
matrix_basis;1.0,0.0,0.0,0.0,0.0,1.0,0.0,0.0,0.0,0.0,1.0,0.0,0.0,0.0,0.0,1.0,;
65.0;
matrix;-0.00345,-0.99827,-0.05862,0.00435,0.99827,0.0,-0.05872,0.0,0.05862,-0.05872,0.99655,-0.001,0.0,0.0,0.0,1.0,;
matrix_basis;1.0,0.0,0.0,0.0,-0.0,1.0,0.0,0.0,0.0,0.0,1.0,0.0,0.0,0.0,0.0,1.0,;
70.0;
matrix;-0.00345,-0.99827,-0.05862,0.00435,0.99827,0.0,-0.05872,0.0,0.05862,-0.05872,0.99655,0.00027,0.0,0.0,0.0,1.0,;
matrix_basis;1.0,0.0,0.0,0.0,-0.0,1.0,0.0,0.0,0.0,0.0,1.0,0.0,0.0,0.0,0.0,1.0,;
10.0;
matrix;-0.00345,-0.99827,-0.05862,0.00435,0.99827,0.0,-0.05872,0.0,0.05862,-0.05872,0.99655,0.00027,0.0,0.0,0.0,1.0,;
matrix_basis;1.0,0.0,0.0,0.0,0.0,1.0,0.0,0.0,0.0,0.0,1.0,0.0,0.0,0.0,0.0,1.0,;
75.0;
matrix;-0.00345,-0.99827,-0.05862,0.00435,0.99827,0.0,-0.05872,0.0,0.05862,-0.05872,0.99655,0.00027,0.0,0.0,0.0,1.0,;
matrix_basis;1.0,0.0,0.0,0.0,-0.0,1.0,0.0,0.0,0.0,0.0,1.0,0.0,0.0,0.0,0.0,1.0,;
15.0;
matrix;-0.00345,-0.99827,-0.05862,0.00435,0.99827,0.0,-0.05872,0.0,0.05862,-0.05872,0.99655,0.00027,0.0,0.0,0.0,1.0,;
matrix_basis;1.0,0.0,0.0,0.0,0.0,1.0,0.0,0.0,0.0,0.0,1.0,0.0,0.0,0.0,0.0,1.0,;
80.0;
matrix;-0.00345,-0.99827,-0.05862,0.00435,0.99827,0.0,-0.05872,0.0,0.05862,-0.05872,0.99655,0.00027,0.0,0.0,0.0,1.0,;
matrix_basis;1.0,0.0,0.0,0.0,-0.0,1.0,0.0,0.0,0.0,0.0,1.0,0.0,0.0,0.0,0.0,1.0,;
20.0;
matrix;-0.00345,-0.99827,-0.05862,0.00435,0.99827,0.0,-0.05872,0.0,0.05862,-0.05872,0.99655,0.00027,0.0,0.0,0.0,1.0,;
matrix_basis;1.0,0.0,0.0,0.0,0.0,1.0,0.0,0.0,0.0,0.0,1.0,0.0,0.0,0.0,0.0,1.0,;
85.0;
matrix;-0.00345,-0.99827,-0.05862,0.00435,0.99827,0.0,-0.05872,0.0,0.05862,-0.05872,0.99655,0.00027,0.0,0.0,0.0,1.0,;
matrix_basis;1.0,0.0,0.0,0.0,-0.0,1.0,0.0,0.0,0.0,0.0,1.0,0.0,0.0,0.0,0.0,1.0,;
25.0;
matrix;-0.00345,-0.99827,-0.05862,0.00435,0.99827,0.0,-0.05872,0.0,0.05862,-0.05872,0.99655,0.00027,0.0,0.0,0.0,1.0,;
matrix_basis;1.0,0.0,0.0,0.0,-0.0,1.0,0.0,0.0,0.0,0.0,1.0,0.0,0.0,0.0,0.0,1.0,;
90.0;
matrix;-0.00345,-0.99827,-0.05862,0.00435,0.99827,0.0,-0.05872,0.0,0.05862,-0.05872,0.99655,0.00027,0.0,0.0,0.0,1.0,;
matrix_basis;1.0,0.0,0.0,0.0,-0.0,1.0,0.0,0.0,0.0,0.0,1.0,0.0,0.0,0.0,0.0,1.0,;
30.0;
matrix;-0.00345,-0.99827,-0.05862,0.00435,0.99827,0.0,-0.05872,0.0,0.05862,-0.05872,0.99655,0.00027,0.0,0.0,0.0,1.0,;
matrix_basis;1.0,0.0,0.0,0.0,0.0,1.0,0.0,0.0,0.0,0.0,1.0,0.0,0.0,0.0,0.0,1.0,;
95.0;
matrix;-0.00345,-0.99827,-0.05862,0.00435,0.99827,0.0,-0.05872,0.0,0.05862,-0.05872,0.99655,0.00027,0.0,0.0,0.0,1.0,;
matrix_basis;1.0,0.0,0.0,0.0,0.0,1.0,0.0,0.0,0.0,0.0,1.0,0.0,0.0,0.0,0.0,1.0,;
35.0;
matrix;-0.00345,-0.99827,-0.05862,0.00435,0.99827,0.0,-0.05872,0.0,0.05862,-0.05872,0.99655,0.00027,0.0,0.0,0.0,1.0,;
matrix_basis;1.0,0.0,0.0,0.0,-0.0,1.0,0.0,0.0,0.0,0.0,1.0,0.0,0.0,0.0,0.0,1.0,;
100.0;
matrix;-0.00345,-0.99827,-0.05862,0.00435,0.99827,0.0,-0.05872,0.0,0.05862,-0.05872,0.99655,0.00027,0.0,0.0,0.0,1.0,;
matrix_basis;1.0,0.0,0.0,0.0,-0.0,1.0,0.0,0.0,0.0,0.0,1.0,0.0,0.0,0.0,0.0,1.0,;
40.0;
matrix;-0.00345,-0.99827,-0.05862,0.00435,0.99827,0.0,-0.05872,0.0,0.05862,-0.05872,0.99655,0.00027,0.0,0.0,0.0,1.0,;
matrix_basis;1.0,0.0,0.0,0.0,0.0,1.0,0.0,0.0,0.0,0.0,1.0,0.0,0.0,0.0,0.0,1.0,;
105.0;
matrix;-0.00345,-0.99827,-0.05862,0.00435,0.99827,0.0,-0.05872,0.0,0.05862,-0.05872,0.99655,0.00027,0.0,0.0,0.0,1.0,;
matrix_basis;1.0,0.0,0.0,0.0,-0.0,1.0,0.0,0.0,0.0,0.0,1.0,0.0,0.0,0.0,0.0,1.0,;
107.0;
matrix;-0.00345,-0.99827,-0.05862,0.00435,0.99827,0.0,-0.05872,0.0,0.05862,-0.05872,0.99655,0.00027,0.0,0.0,0.0,1.0,;
matrix_basis;1.0,0.0,0.0,0.0,-0.0,1.0,0.0,0.0,0.0,0.0,1.0,0.0,0.0,0.0,0.0,1.0,;
45.0;
matrix;-0.00345,-0.99827,-0.05862,0.00435,0.99827,0.0,-0.05872,0.0,0.05862,-0.05872,0.99655,0.00027,0.0,0.0,0.0,1.0,;
matrix_basis;1.0,0.0,0.0,0.0,-0.0,1.0,0.0,0.0,0.0,0.0,1.0,0.0,0.0,0.0,0.0,1.0,;
110.0;
matrix;-0.00345,-0.99827,-0.05862,0.00435,0.99827,0.0,-0.05872,0.0,0.05862,-0.05872,0.99655,0.00027,0.0,0.0,0.0,1.0,;
matrix_basis;1.0,0.0,0.0,0.0,-0.0,1.0,0.0,0.0,0.0,0.0,1.0,0.0,0.0,0.0,0.0,1.0,;
113.0;
matrix;-0.00345,-0.99827,-0.05862,0.00435,0.99827,0.0,-0.05872,0.0,0.05862,-0.05872,0.99655,0.00027,0.0,0.0,0.0,1.0,;
matrix_basis;1.0,0.0,0.0,0.0,-0.0,1.0,0.0,0.0,0.0,0.0,1.0,0.0,0.0,0.0,0.0,1.0,;
50.0;
matrix;-0.00345,-0.99827,-0.05862,0.00435,0.99827,0.0,-0.05872,0.0,0.05862,-0.05872,0.99655,0.00027,0.0,0.0,0.0,1.0,;
matrix_basis;1.0,0.0,0.0,0.0,0.0,1.0,0.0,0.0,0.0,0.0,1.0,0.0,0.0,0.0,0.0,1.0,;
115.0;
matrix;-0.00345,-0.99827,-0.05862,0.00435,0.99827,0.0,-0.05872,0.0,0.05862,-0.05872,0.99655,0.00027,0.0,0.0,0.0,1.0,;
matrix_basis;1.0,0.0,0.0,0.0,0.0,1.0,0.0,0.0,0.0,0.0,1.0,0.0,0.0,0.0,0.0,1.0,;
55.0;
matrix;-0.00345,-0.99827,-0.05862,0.00435,0.99827,0.0,-0.05872,0.0,0.05862,-0.05872,0.99655,0.00027,0.0,0.0,0.0,1.0,;
matrix_basis;1.0,0.0,0.0,0.0,-0.0,1.0,0.0,0.0,0.0,0.0,1.0,0.0,0.0,0.0,0.0,1.0,;
60.0;
matrix;-0.00345,-0.99827,-0.05862,0.00435,0.99827,0.0,-0.05872,0.0,0.05862,-0.05872,0.99655,0.00027,0.0,0.0,0.0,1.0,;
matrix_basis;1.0,0.0,0.0,0.0,0.0,1.0,0.0,0.0,0.0,0.0,1.0,0.0,0.0,0.0,0.0,1.0,;
}
}
anim{
backLegDownBone;
keys{
25;
0.0;
matrix;1.0,-0.0,-0.0,0.00435,0.0,-0.00568,0.99998,0.27259,-0.0,-0.99998,-0.00568,-0.44884,0.0,0.0,0.0,1.0,;
matrix_basis;1.0,0.0,0.0,0.0,0.0,1.0,0.0,0.0,0.0,0.0,1.0,0.0,0.0,0.0,0.0,1.0,;
65.0;
matrix;1.0,-0.0,-0.0,0.00435,0.0,-0.32688,0.94507,0.52532,-0.0,-0.94507,-0.32688,-0.36536,0.0,0.0,0.0,1.0,;
matrix_basis;1.0,-0.0,-0.0,0.0,0.0,0.59666,0.80249,0.0,-0.0,-0.80249,0.59666,0.0,0.0,0.0,0.0,1.0,;
70.0;
matrix;1.0,-0.0,-0.0,0.00435,0.0,-0.32688,0.94507,0.52532,-0.0,-0.94507,-0.32688,-0.36409,0.0,0.0,0.0,1.0,;
matrix_basis;1.0,-0.0,-0.0,0.0,0.0,0.59666,0.80249,0.0,-0.0,-0.80249,0.59666,0.0,0.0,0.0,0.0,1.0,;
10.0;
matrix;1.0,-0.0,-0.0,0.00435,0.0,-0.32688,0.94507,0.52532,-0.0,-0.94507,-0.32688,-0.36409,0.0,0.0,0.0,1.0,;
matrix_basis;1.0,-0.0,-0.0,0.0,0.0,0.59666,0.80249,0.0,-0.0,-0.80249,0.59666,0.0,0.0,0.0,0.0,1.0,;
75.0;
matrix;1.0,-0.0,-0.0,0.00435,0.0,-0.32688,0.94507,0.52532,-0.0,-0.94507,-0.32688,-0.36409,0.0,0.0,0.0,1.0,;
matrix_basis;1.0,-0.0,-0.0,0.0,0.0,0.59666,0.80249,0.0,-0.0,-0.80249,0.59666,0.0,0.0,0.0,0.0,1.0,;
15.0;
matrix;1.0,-0.0,-0.0,0.00435,0.0,-0.49382,0.86957,0.61253,-0.0,-0.86957,-0.49382,-0.28114,0.0,0.0,0.0,1.0,;
matrix_basis;1.0,-0.0,-0.0,0.0,0.0,0.18533,0.98268,0.0,-0.0,-0.98268,0.18533,0.0,0.0,0.0,0.0,1.0,;
80.0;
matrix;1.0,-0.0,-0.0,0.00435,0.0,-0.32688,0.94507,0.52532,-0.0,-0.94507,-0.32688,-0.36409,0.0,0.0,0.0,1.0,;
matrix_basis;1.0,-0.0,-0.0,0.0,0.0,0.59666,0.80249,0.0,-0.0,-0.80249,0.59666,0.0,0.0,0.0,0.0,1.0,;
20.0;
matrix;1.0,-0.0,-0.0,0.00435,0.0,-0.32688,0.94507,0.52532,-0.0,-0.94507,-0.32688,-0.36409,0.0,0.0,0.0,1.0,;
matrix_basis;1.0,-0.0,-0.0,0.0,0.0,0.59666,0.80249,0.0,-0.0,-0.80249,0.59666,0.0,0.0,0.0,0.0,1.0,;
85.0;
matrix;1.0,-0.0,-0.0,0.00435,0.0,-0.32688,0.94507,0.52532,-0.0,-0.94507,-0.32688,-0.36409,0.0,0.0,0.0,1.0,;
matrix_basis;1.0,-0.0,-0.0,0.0,0.0,0.59666,0.80249,0.0,-0.0,-0.80249,0.59666,0.0,0.0,0.0,0.0,1.0,;
25.0;
matrix;1.0,-0.0,-0.0,0.00435,0.0,-0.12079,0.99268,0.67267,-0.0,-0.99268,-0.12079,-0.18219,0.0,0.0,0.0,1.0,;
matrix_basis;1.0,-0.0,-0.0,0.0,0.0,0.31706,0.94841,0.0,-0.0,-0.94841,0.31706,0.0,0.0,0.0,0.0,1.0,;
90.0;
matrix;0.91378,0.3839,0.13278,0.15186,0.0,-0.32688,0.94507,0.52532,0.40621,-0.86358,-0.2987,-0.33277,0.0,0.0,0.0,1.0,;
matrix_basis;1.0,-0.0,-0.0,0.0,0.0,0.59666,0.80249,0.0,-0.0,-0.80249,0.59666,0.0,0.0,0.0,0.0,1.0,;
30.0;
matrix;1.0,-0.0,-0.0,0.00435,0.0,-0.32688,0.94507,0.52532,-0.0,-0.94507,-0.32688,-0.36409,0.0,0.0,0.0,1.0,;
matrix_basis;1.0,-0.0,-0.0,0.0,0.0,0.59666,0.80249,0.0,-0.0,-0.80249,0.59666,0.0,0.0,0.0,0.0,1.0,;
95.0;
matrix;1.0,-0.0,-0.0,0.00435,0.0,-0.32688,0.94507,0.52532,-0.0,-0.94507,-0.32688,-0.36409,0.0,0.0,0.0,1.0,;
matrix_basis;1.0,-0.0,-0.0,0.0,0.0,0.59666,0.80249,0.0,-0.0,-0.80249,0.59666,0.0,0.0,0.0,0.0,1.0,;
35.0;
matrix;0.99494,0.09499,0.03285,-0.14261,0.0,-0.32688,0.94507,0.52532,0.10051,-0.94028,-0.32522,-0.33302,0.0,0.0,0.0,1.0,;
matrix_basis;0.86916,0.46737,0.16165,0.0,-0.40858,0.4945,0.76716,0.0,0.27861,-0.73283,0.62076,0.0,0.0,0.0,0.0,1.0,;
100.0;
matrix;0.89485,-0.42184,-0.14591,-0.15775,0.0,-0.32688,0.94507,0.52532,-0.44636,-0.8457,-0.29251,-0.3259,0.0,0.0,0.0,1.0,;
matrix_basis;1.0,-0.0,-0.0,0.0,0.0,0.59666,0.80249,0.0,-0.0,-0.80249,0.59666,0.0,0.0,0.0,0.0,1.0,;
40.0;
matrix;1.0,-0.0,-0.0,0.00435,0.0,-0.32688,0.94507,0.52532,-0.0,-0.94507,-0.32688,-0.36409,0.0,0.0,0.0,1.0,;
matrix_basis;1.0,-0.0,-0.0,0.0,0.0,0.59666,0.80249,0.0,-0.0,-0.80249,0.59666,0.0,0.0,0.0,0.0,1.0,;
105.0;
matrix;1.0,-0.0,-0.0,0.00435,0.0,-0.32688,0.94507,0.52532,-0.0,-0.94507,-0.32688,-0.36409,0.0,0.0,0.0,1.0,;
matrix_basis;1.0,-0.0,-0.0,0.0,0.0,0.59666,0.80249,0.0,-0.0,-0.80249,0.59666,0.0,0.0,0.0,0.0,1.0,;
107.0;
matrix;1.0,-0.0,-0.0,0.00435,0.0,-0.53675,0.84374,0.68373,-0.0,-0.84374,-0.53675,-0.15478,0.0,0.0,0.0,1.0,;
matrix_basis;1.0,-0.0,-0.0,0.0,0.0,-0.18773,0.98222,0.0,-0.0,-0.98222,-0.18773,0.0,0.0,0.0,0.0,1.0,;
45.0;
matrix;0.894,-0.42345,-0.14646,-0.15837,0.0,-0.32688,0.94507,0.52532,-0.44807,-0.84489,-0.29223,-0.32559,0.0,0.0,0.0,1.0,;
matrix_basis;1.0,-0.0,-0.0,0.0,0.0,0.59666,0.80249,0.0,-0.0,-0.80249,0.59666,0.0,0.0,0.0,0.0,1.0,;
110.0;
matrix;1.0,-0.0,-0.0,0.00435,0.0,-0.2925,0.95627,0.6941,-0.0,-0.95627,-0.2925,-0.12272,0.0,0.0,0.0,1.0,;
matrix_basis;1.0,-0.0,-0.0,0.0,0.0,0.00566,0.99998,0.0,-0.0,-0.99998,0.00566,0.0,0.0,0.0,0.0,1.0,;
113.0;
matrix;1.0,-0.0,-0.0,0.00435,0.0,-0.26566,0.96407,0.6002,-0.0,-0.96407,-0.26566,-0.29586,0.0,0.0,0.0,1.0,;
matrix_basis;1.0,-0.0,-0.0,0.0,0.0,0.459,0.88844,0.0,-0.0,-0.88844,0.459,0.0,0.0,0.0,0.0,1.0,;
50.0;
matrix;1.0,-0.0,-0.0,0.00435,0.0,-0.32688,0.94507,0.52532,-0.0,-0.94507,-0.32688,-0.36409,0.0,0.0,0.0,1.0,;
matrix_basis;1.0,-0.0,-0.0,0.0,0.0,0.59666,0.80249,0.0,-0.0,-0.80249,0.59666,0.0,0.0,0.0,0.0,1.0,;
115.0;
matrix;1.0,-0.0,-0.0,0.00435,0.0,-0.32688,0.94507,0.52532,-0.0,-0.94507,-0.32688,-0.36409,0.0,0.0,0.0,1.0,;
matrix_basis;1.0,-0.0,-0.0,0.0,0.0,0.59666,0.80249,0.0,-0.0,-0.80249,0.59666,0.0,0.0,0.0,0.0,1.0,;
55.0;
matrix;1.0,-0.0,-0.0,0.00435,0.0,-0.32688,0.94507,0.52532,-0.0,-0.94507,-0.32688,-0.36409,0.0,0.0,0.0,1.0,;
matrix_basis;1.0,-0.0,-0.0,0.0,0.0,0.59666,0.80249,0.0,-0.0,-0.80249,0.59666,0.0,0.0,0.0,0.0,1.0,;
60.0;
matrix;1.0,-0.0,-0.0,0.00435,0.0,-0.32688,0.94507,0.52532,-0.0,-0.94507,-0.32688,-0.36409,0.0,0.0,0.0,1.0,;
matrix_basis;1.0,-0.0,-0.0,0.0,0.0,0.59666,0.80249,0.0,-0.0,-0.80249,0.59666,0.0,0.0,0.0,0.0,1.0,;
}
}
anim{
leftLegUpBone;
keys{
25;
0.0;
matrix;0.99956,-0.00507,0.02918,0.21751,-0.02918,-0.00011,0.99957,0.0,-0.00506,-0.99999,-0.00025,-0.01163,0.0,0.0,0.0,1.0,;
matrix_basis;0.99971,0.02411,-1e-05,0.0,-0.02411,0.99971,-0.0006,0.0,-1e-05,0.0006,1.0,0.0,0.0,0.0,0.0,1.0,;
65.0;
matrix;0.47535,0.38962,-0.78882,0.21751,0.86351,-0.03491,0.50312,0.0,0.16849,-0.92031,-0.35304,-0.0129,0.0,0.0,0.0,1.0,;
matrix_basis;0.44483,0.41716,-0.79253,0.0,-0.18229,0.90855,0.37591,0.0,0.87687,-0.02275,0.48019,0.0,0.0,0.0,0.0,1.0,;
70.0;
matrix;0.98528,0.14669,0.08782,0.21751,-0.02903,-0.36264,0.93148,0.0,0.16849,-0.92031,-0.35304,-0.01163,0.0,0.0,0.0,1.0,;
matrix_basis;0.98037,0.184,0.07086,0.0,-0.19717,0.91564,0.35033,0.0,-0.00042,-0.35742,0.93394,0.0,0.0,0.0,0.0,1.0,;
10.0;
matrix;0.98528,0.14669,0.08782,0.21751,-0.02903,-0.36264,0.93148,0.0,0.16849,-0.92031,-0.35304,-0.01163,0.0,0.0,0.0,1.0,;
matrix_basis;0.98037,0.184,0.07086,0.0,-0.19717,0.91564,0.35033,0.0,-0.00042,-0.35742,0.93394,0.0,0.0,0.0,0.0,1.0,;
75.0;
matrix;0.99426,0.08556,0.0643,0.21751,-0.02903,-0.36264,0.93148,0.0,0.10301,-0.92799,-0.35807,-0.01163,0.0,0.0,0.0,1.0,;
matrix_basis;0.99125,0.12314,0.0475,0.0,-0.13199,0.9251,0.35604,0.0,-0.0001,-0.3592,0.93326,0.0,0.0,0.0,0.0,1.0,;
15.0;
matrix;0.98528,0.14669,0.08782,0.21751,-0.08982,0.00705,0.99593,0.0,0.14548,-0.98916,0.02012,-0.01163,0.0,0.0,0.0,1.0,;
matrix_basis;0.98281,0.17522,0.05809,0.0,-0.17417,0.98445,-0.02268,0.0,-0.06116,0.01217,0.99805,0.0,0.0,0.0,0.0,1.0,;
80.0;
matrix;0.99426,0.08556,0.0643,0.21751,-0.08481,0.26337,0.96096,0.0,0.06528,-0.96089,0.26911,-0.01163,0.0,0.0,0.0,1.0,;
matrix_basis;0.99398,0.10583,0.02835,0.0,-0.09427,0.95799,-0.27087,0.0,-0.05582,0.26657,0.9622,0.0,0.0,0.0,0.0,1.0,;
20.0;
matrix;0.98528,0.14669,0.08782,0.21751,-0.02903,-0.36264,0.93148,0.0,0.16849,-0.92031,-0.35304,-0.01163,0.0,0.0,0.0,1.0,;
matrix_basis;0.98037,0.184,0.07086,0.0,-0.19717,0.91564,0.35033,0.0,-0.00042,-0.35742,0.93394,0.0,0.0,0.0,0.0,1.0,;
85.0;
matrix;0.99426,0.08556,0.0643,0.21751,-0.02903,-0.36264,0.93148,0.0,0.10301,-0.92799,-0.35807,-0.01163,0.0,0.0,0.0,1.0,;
matrix_basis;0.99125,0.12314,0.0475,0.0,-0.13199,0.9251,0.35604,0.0,-0.0001,-0.3592,0.93326,0.0,0.0,0.0,0.0,1.0,;
25.0;
matrix;0.98528,0.14669,0.08782,0.21751,0.08176,-0.85537,0.51153,0.0,0.15016,-0.49682,-0.85476,-0.01163,0.0,0.0,0.0,1.0,;
matrix_basis;0.97767,0.18603,0.09775,0.0,-0.17885,0.49233,0.85184,0.0,0.11034,-0.8503,0.5146,0.0,0.0,0.0,0.0,1.0,;
90.0;
matrix;0.85863,0.46805,0.20898,0.21751,-0.02903,-0.36264,0.93148,0.0,0.51176,-0.80587,-0.29778,-0.01163,0.0,0.0,0.0,1.0,;
matrix_basis;0.84382,0.50175,0.19031,0.0,-0.53661,0.79186,0.29156,0.0,-0.00441,-0.34814,0.93743,0.0,0.0,0.0,0.0,1.0,;
30.0;
matrix;0.98528,0.14669,0.08782,0.21751,-0.02903,-0.36264,0.93148,0.0,0.16849,-0.92031,-0.35304,-0.01163,0.0,0.0,0.0,1.0,;
matrix_basis;0.98037,0.184,0.07086,0.0,-0.19717,0.91564,0.35033,0.0,-0.00042,-0.35742,0.93394,0.0,0.0,0.0,0.0,1.0,;
95.0;
matrix;0.98528,0.14669,0.08782,0.21751,-0.02903,-0.36264,0.93148,0.0,0.16849,-0.92031,-0.35304,-0.01163,0.0,0.0,0.0,1.0,;
matrix_basis;0.98037,0.184,0.07086,0.0,-0.19717,0.91564,0.35033,0.0,-0.00042,-0.35742,0.93394,0.0,0.0,0.0,0.0,1.0,;
35.0;
matrix;0.79734,0.5536,0.24038,0.21751,-0.02903,-0.36264,0.93148,0.0,0.60283,-0.74968,-0.27307,-0.01163,0.0,0.0,0.0,1.0,;
matrix_basis;0.77992,0.58558,0.22095,0.0,-0.62585,0.73321,0.26594,0.0,-0.00627,-0.3457,0.93833,0.0,0.0,0.0,0.0,1.0,;
100.0;
matrix;0.79539,0.55601,0.24125,0.21751,-0.02903,-0.36264,0.93148,0.0,0.6054,-0.7479,-0.2723,-0.01163,0.0,0.0,0.0,1.0,;
matrix_basis;0.7779,0.58794,0.22181,0.0,-0.62835,0.73135,0.26514,0.0,-0.00633,-0.34563,0.93835,0.0,0.0,0.0,0.0,1.0,;
40.0;
matrix;0.98528,0.14669,0.08782,0.21751,-0.02903,-0.36264,0.93148,0.0,0.16849,-0.92031,-0.35304,-0.01163,0.0,0.0,0.0,1.0,;
matrix_basis;0.98037,0.184,0.07086,0.0,-0.19717,0.91564,0.35033,0.0,-0.00042,-0.35742,0.93394,0.0,0.0,0.0,0.0,1.0,;
105.0;
matrix;0.99426,0.08556,0.0643,0.21751,-0.02903,-0.36264,0.93148,0.0,0.10301,-0.92799,-0.35807,-0.01163,0.0,0.0,0.0,1.0,;
matrix_basis;0.99125,0.12314,0.0475,0.0,-0.13199,0.9251,0.35604,0.0,-0.0001,-0.3592,0.93326,0.0,0.0,0.0,0.0,1.0,;
107.0;
matrix;0.69383,0.6635,0.27994,0.21751,-0.02903,-0.36264,0.93148,0.0,0.71955,-0.65442,-0.23235,-0.01163,0.0,0.0,0.0,1.0,;
matrix_basis;0.6731,0.69261,0.25929,0.0,-0.73949,0.63477,0.22408,0.0,-0.00939,-0.34257,0.93945,0.0,0.0,0.0,0.0,1.0,;
45.0;
matrix;0.97631,-0.21018,-0.05139,0.21751,-0.02903,-0.36264,0.93148,0.0,-0.21441,-0.90792,-0.36015,-0.01163,0.0,0.0,0.0,1.0,;
matrix_basis;0.98258,-0.17293,-0.06803,0.0,0.18583,0.91367,0.3615,0.0,-0.00036,-0.36784,0.92989,0.0,0.0,0.0,0.0,1.0,;
110.0;
matrix;0.69383,0.6635,0.27994,0.21751,-0.02903,-0.36264,0.93148,0.0,0.71955,-0.65442,-0.23235,-0.01163,0.0,0.0,0.0,1.0,;
matrix_basis;0.6731,0.69261,0.25929,0.0,-0.73949,0.63477,0.22408,0.0,-0.00939,-0.34257,0.93945,0.0,0.0,0.0,0.0,1.0,;
113.0;
matrix;0.97945,-0.19638,-0.04592,0.21751,-0.02903,-0.36264,0.93148,0.0,-0.19957,-0.911,-0.36089,-0.01163,0.0,0.0,0.0,1.0,;
matrix_basis;0.98529,-0.15905,-0.06254,0.0,0.1709,0.91635,0.36207,0.0,-0.00028,-0.36744,0.93005,0.0,0.0,0.0,0.0,1.0,;
50.0;
matrix;0.98528,0.14669,0.08782,0.21751,-0.02903,-0.36264,0.93148,0.0,0.16849,-0.92031,-0.35304,-0.01163,0.0,0.0,0.0,1.0,;
matrix_basis;0.98037,0.184,0.07086,0.0,-0.19717,0.91564,0.35033,0.0,-0.00042,-0.35742,0.93394,0.0,0.0,0.0,0.0,1.0,;
115.0;
matrix;0.98528,0.14669,0.08782,0.21751,-0.02903,-0.36264,0.93148,0.0,0.16849,-0.92031,-0.35304,-0.01163,0.0,0.0,0.0,1.0,;
matrix_basis;0.98037,0.184,0.07086,0.0,-0.19717,0.91564,0.35033,0.0,-0.00042,-0.35742,0.93394,0.0,0.0,0.0,0.0,1.0,;
55.0;
matrix;0.98911,-0.14492,-0.02559,0.21751,-0.02903,-0.36264,0.93148,0.0,-0.14427,-0.92059,-0.3629,-0.01163,0.0,0.0,0.0,1.0,;
matrix_basis;0.99333,-0.10736,-0.04217,0.0,0.11535,0.92443,0.36349,0.0,-4e-05,-0.36593,0.93064,0.0,0.0,0.0,0.0,1.0,;
60.0;
matrix;0.98528,0.14669,0.08782,0.21751,-0.02903,-0.36264,0.93148,0.0,0.16849,-0.92031,-0.35304,-0.01163,0.0,0.0,0.0,1.0,;
matrix_basis;0.98037,0.184,0.07086,0.0,-0.19717,0.91564,0.35033,0.0,-0.00042,-0.35742,0.93394,0.0,0.0,0.0,0.0,1.0,;
}
}
anim{
rightLegUpBone;
keys{
25;
0.0;
matrix;1.0,-0.00207,0.0,-0.21733,-0.0,0.0,1.0,0.0,-0.00207,-1.0,0.0,-0.01277,0.0,0.0,0.0,1.0,;
matrix_basis;1.0,-0.00207,0.0,0.0,0.00207,1.0,0.0,0.0,0.0,0.0,1.0,0.0,0.0,0.0,0.0,1.0,;
65.0;
matrix;0.99525,0.09195,0.03198,-0.21733,-0.00067,-0.32203,0.94673,0.0,0.09735,-0.94226,-0.32044,-0.01404,0.0,0.0,0.0,1.0,;
matrix_basis;0.99525,0.09195,0.03198,0.0,-0.09735,0.94226,0.32044,0.0,-0.00067,-0.32203,0.94673,0.0,0.0,0.0,0.0,1.0,;
70.0;
matrix;0.98228,-0.17766,-0.05974,-0.21733,-0.00067,-0.32203,0.94673,0.0,-0.18743,-0.92991,-0.31644,-0.01277,0.0,0.0,0.0,1.0,;
matrix_basis;0.98228,-0.17766,-0.05974,0.0,0.18743,0.92991,0.31644,0.0,-0.00067,-0.32203,0.94673,0.0,0.0,0.0,0.0,1.0,;
10.0;
matrix;0.98228,-0.17766,-0.05974,-0.21733,-0.00067,-0.32203,0.94673,0.0,-0.18743,-0.92991,-0.31644,-0.01277,0.0,0.0,0.0,1.0,;
matrix_basis;0.98228,-0.17766,-0.05974,0.0,0.18743,0.92991,0.31644,0.0,-0.00067,-0.32203,0.94673,0.0,0.0,0.0,0.0,1.0,;
75.0;
matrix;0.99096,-0.12724,-0.04258,-0.21733,-0.00067,-0.32203,0.94673,0.0,-0.13417,-0.93814,-0.3192,-0.01277,0.0,0.0,0.0,1.0,;
matrix_basis;0.99096,-0.12724,-0.04258,0.0,0.13417,0.93814,0.3192,0.0,-0.00067,-0.32203,0.94673,0.0,0.0,0.0,0.0,1.0,;
15.0;
matrix;0.98228,-0.17766,-0.05974,-0.21733,-0.12002,-0.84099,0.52757,0.0,-0.14397,-0.51105,-0.84741,-0.01277,0.0,0.0,0.0,1.0,;
matrix_basis;0.98228,-0.17766,-0.05974,0.0,0.14397,0.51105,0.84741,0.0,-0.12002,-0.84099,0.52757,0.0,0.0,0.0,0.0,1.0,;
80.0;
matrix;0.99096,-0.12724,-0.04258,-0.21733,-0.06197,-0.71552,0.69584,0.0,-0.119,-0.68691,-0.71694,-0.01277,0.0,0.0,0.0,1.0,;
matrix_basis;0.99096,-0.12724,-0.04258,0.0,0.119,0.68691,0.71694,0.0,-0.06197,-0.71552,0.69584,0.0,0.0,0.0,0.0,1.0,;
20.0;
matrix;0.98228,-0.17766,-0.05974,-0.21733,-0.00067,-0.32203,0.94673,0.0,-0.18743,-0.92991,-0.31644,-0.01277,0.0,0.0,0.0,1.0,;
matrix_basis;0.98228,-0.17766,-0.05974,0.0,0.18743,0.92991,0.31644,0.0,-0.00067,-0.32203,0.94673,0.0,0.0,0.0,0.0,1.0,;
85.0;
matrix;0.99096,-0.12724,-0.04258,-0.21733,-0.00067,-0.32203,0.94673,0.0,-0.13417,-0.93814,-0.3192,-0.01277,0.0,0.0,0.0,1.0,;
matrix_basis;0.99096,-0.12724,-0.04258,0.0,0.13417,0.93814,0.3192,0.0,-0.00067,-0.32203,0.94673,0.0,0.0,0.0,0.0,1.0,;
25.0;
matrix;0.98228,-0.17766,-0.05974,-0.21733,0.03775,-0.12469,0.99148,0.0,-0.18359,-0.97616,-0.11577,-0.01277,0.0,0.0,0.0,1.0,;
matrix_basis;0.98228,-0.17766,-0.05974,0.0,0.18359,0.97616,0.11577,0.0,0.03775,-0.12469,0.99148,0.0,0.0,0.0,0.0,1.0,;
90.0;
matrix;0.82112,-0.54053,-0.18328,-0.21733,-0.00067,-0.32203,0.94673,0.0,-0.57076,-0.77725,-0.26478,-0.01277,0.0,0.0,0.0,1.0,;
matrix_basis;0.82112,-0.54053,-0.18328,0.0,0.57076,0.77725,0.26478,0.0,-0.00067,-0.32203,0.94673,0.0,0.0,0.0,0.0,1.0,;
30.0;
matrix;0.98228,-0.17766,-0.05974,-0.21733,-0.00067,-0.32203,0.94673,0.0,-0.18743,-0.92991,-0.31644,-0.01277,0.0,0.0,0.0,1.0,;
matrix_basis;0.98228,-0.17766,-0.05974,0.0,0.18743,0.92991,0.31644,0.0,-0.00067,-0.32203,0.94673,0.0,0.0,0.0,0.0,1.0,;
95.0;
matrix;0.98228,-0.17766,-0.05974,-0.21733,-0.00067,-0.32203,0.94673,0.0,-0.18743,-0.92991,-0.31644,-0.01277,0.0,0.0,0.0,1.0,;
matrix_basis;0.98228,-0.17766,-0.05974,0.0,0.18743,0.92991,0.31644,0.0,-0.00067,-0.32203,0.94673,0.0,0.0,0.0,0.0,1.0,;
35.0;
matrix;0.99443,0.09961,0.03458,-0.21733,-0.00067,-0.32203,0.94673,0.0,0.10544,-0.94148,-0.32017,-0.01277,0.0,0.0,0.0,1.0,;
matrix_basis;0.99443,0.09961,0.03458,0.0,-0.10544,0.94148,0.32017,0.0,-0.00067,-0.32203,0.94673,0.0,0.0,0.0,0.0,1.0,;
100.0;
matrix;0.83776,-0.51713,-0.17531,-0.21733,-0.00067,-0.32203,0.94673,0.0,-0.54603,-0.79302,-0.27013,-0.01277,0.0,0.0,0.0,1.0,;
matrix_basis;0.83776,-0.51713,-0.17531,0.0,0.54603,0.79302,0.27013,0.0,-0.00067,-0.32203,0.94673,0.0,0.0,0.0,0.0,1.0,;
40.0;
matrix;0.98228,-0.17766,-0.05974,-0.21733,-0.00067,-0.32203,0.94673,0.0,-0.18743,-0.92991,-0.31644,-0.01277,0.0,0.0,0.0,1.0,;
matrix_basis;0.98228,-0.17766,-0.05974,0.0,0.18743,0.92991,0.31644,0.0,-0.00067,-0.32203,0.94673,0.0,0.0,0.0,0.0,1.0,;
105.0;
matrix;0.99096,-0.12724,-0.04258,-0.21733,-0.00067,-0.32203,0.94673,0.0,-0.13417,-0.93814,-0.3192,-0.01277,0.0,0.0,0.0,1.0,;
matrix_basis;0.99096,-0.12724,-0.04258,0.0,0.13417,0.93814,0.3192,0.0,-0.00067,-0.32203,0.94673,0.0,0.0,0.0,0.0,1.0,;
107.0;
matrix;0.70943,-0.66738,-0.22651,-0.21733,-0.00067,-0.32203,0.94673,0.0,-0.70477,-0.67149,-0.2289,-0.01277,0.0,0.0,0.0,1.0,;
matrix_basis;0.70943,-0.66738,-0.22651,0.0,0.70477,0.67149,0.2289,0.0,-0.00067,-0.32203,0.94673,0.0,0.0,0.0,0.0,1.0,;
45.0;
matrix;0.76127,-0.61405,-0.20833,-0.21733,-0.00067,-0.32203,0.94673,0.0,-0.64843,-0.72058,-0.24556,-0.01277,0.0,0.0,0.0,1.0,;
matrix_basis;0.76127,-0.61405,-0.20833,0.0,0.64843,0.72058,0.24556,0.0,-0.00067,-0.32203,0.94673,0.0,0.0,0.0,0.0,1.0,;
110.0;
matrix;0.70943,-0.66738,-0.22651,-0.21733,-0.00067,-0.32203,0.94673,0.0,-0.70477,-0.67149,-0.2289,-0.01277,0.0,0.0,0.0,1.0,;
matrix_basis;0.70943,-0.66738,-0.22651,0.0,0.70477,0.67149,0.2289,0.0,-0.00067,-0.32203,0.94673,0.0,0.0,0.0,0.0,1.0,;
113.0;
matrix;0.99089,0.12731,0.044,-0.21733,-0.00067,-0.32203,0.94673,0.0,0.1347,-0.93813,-0.31901,-0.01277,0.0,0.0,0.0,1.0,;
matrix_basis;0.99089,0.12731,0.044,0.0,-0.1347,0.93813,0.31901,0.0,-0.00067,-0.32203,0.94673,0.0,0.0,0.0,0.0,1.0,;
50.0;
matrix;0.98228,-0.17766,-0.05974,-0.21733,-0.00067,-0.32203,0.94673,0.0,-0.18743,-0.92991,-0.31644,-0.01277,0.0,0.0,0.0,1.0,;
matrix_basis;0.98228,-0.17766,-0.05974,0.0,0.18743,0.92991,0.31644,0.0,-0.00067,-0.32203,0.94673,0.0,0.0,0.0,0.0,1.0,;
115.0;
matrix;0.98228,-0.17766,-0.05974,-0.21733,-0.00067,-0.32203,0.94673,0.0,-0.18743,-0.92991,-0.31644,-0.01277,0.0,0.0,0.0,1.0,;
matrix_basis;0.98228,-0.17766,-0.05974,0.0,0.18743,0.92991,0.31644,0.0,-0.00067,-0.32203,0.94673,0.0,0.0,0.0,0.0,1.0,;
55.0;
matrix;0.77447,-0.33806,0.53471,-0.21733,-0.60421,-0.14485,0.78355,0.0,-0.18743,-0.92991,-0.31644,-0.01277,0.0,0.0,0.0,1.0,;
matrix_basis;0.77447,-0.33806,0.53471,0.0,0.18743,0.92991,0.31644,0.0,-0.60421,-0.14485,0.78355,0.0,0.0,0.0,0.0,1.0,;
60.0;
matrix;0.98228,-0.17766,-0.05974,-0.21733,-0.00067,-0.32203,0.94673,0.0,-0.18743,-0.92991,-0.31644,-0.01277,0.0,0.0,0.0,1.0,;
matrix_basis;0.98228,-0.17766,-0.05974,0.0,0.18743,0.92991,0.31644,0.0,-0.00067,-0.32203,0.94673,0.0,0.0,0.0,0.0,1.0,;
}
}
anim{
frontLegDownBone;
keys{
25;
0.0;
matrix;1.0,0.0,-0.0,0.00435,0.0,-0.00549,0.99999,-0.2384,0.0,-0.99998,-0.00549,-0.43319,0.0,0.0,0.0,1.0,;
matrix_basis;1.0,0.0,0.0,0.0,0.0,1.0,0.0,0.0,0.0,0.0,1.0,0.0,0.0,0.0,0.0,1.0,;
65.0;
matrix;0.8261,-0.19517,-0.52865,0.13624,0.56352,0.28611,0.77497,-0.43416,0.0,-0.93811,0.34634,-0.3599,0.0,0.0,0.0,1.0,;
matrix_basis;1.0,0.0,-0.0,0.0,-0.0,0.55536,-0.83161,0.0,-0.0,0.83161,0.55536,0.0,0.0,0.0,0.0,1.0,;
70.0;
matrix;1.0,0.0,-0.0,0.00435,0.0,0.34634,0.93811,-0.47486,0.0,-0.93811,0.34634,-0.35863,0.0,0.0,0.0,1.0,;
matrix_basis;1.0,0.0,-0.0,0.0,-0.0,0.55536,-0.83161,0.0,-0.0,0.83161,0.55536,0.0,0.0,0.0,0.0,1.0,;
10.0;
matrix;1.0,0.0,-0.0,0.00435,0.0,0.34634,0.93811,-0.47486,0.0,-0.93811,0.34634,-0.35863,0.0,0.0,0.0,1.0,;
matrix_basis;1.0,0.0,-0.0,0.0,-0.0,0.55536,-0.83161,0.0,-0.0,0.83161,0.55536,0.0,0.0,0.0,0.0,1.0,;
75.0;
matrix;1.0,0.0,-0.0,0.00435,0.0,0.34634,0.93811,-0.47486,0.0,-0.93811,0.34634,-0.35863,0.0,0.0,0.0,1.0,;
matrix_basis;1.0,0.0,-0.0,0.0,-0.0,0.55536,-0.83161,0.0,-0.0,0.83161,0.55536,0.0,0.0,0.0,0.0,1.0,;
15.0;
matrix;1.0,0.0,-0.0,0.00435,0.0,-0.02599,0.99966,-0.63303,0.0,-0.99966,-0.02599,-0.12785,0.0,0.0,0.0,1.0,;
matrix_basis;1.0,0.0,-0.0,0.0,-0.0,0.25932,-0.96579,0.0,-0.0,0.96579,0.25932,0.0,0.0,0.0,0.0,1.0,;
80.0;
matrix;1.0,0.0,-0.0,0.00435,0.0,0.34634,0.93811,-0.47486,0.0,-0.93811,0.34634,-0.35863,0.0,0.0,0.0,1.0,;
matrix_basis;1.0,0.0,-0.0,0.0,-0.0,0.55536,-0.83161,0.0,-0.0,0.83161,0.55536,0.0,0.0,0.0,0.0,1.0,;
20.0;
matrix;1.0,0.0,-0.0,0.00435,0.0,0.34634,0.93811,-0.47486,0.0,-0.93811,0.34634,-0.35863,0.0,0.0,0.0,1.0,;
matrix_basis;1.0,0.0,-0.0,0.0,-0.0,0.55536,-0.83161,0.0,-0.0,0.83161,0.55536,0.0,0.0,0.0,0.0,1.0,;
85.0;
matrix;1.0,0.0,-0.0,0.00435,0.0,0.34634,0.93811,-0.47486,0.0,-0.93811,0.34634,-0.35863,0.0,0.0,0.0,1.0,;
matrix_basis;1.0,0.0,-0.0,0.0,-0.0,0.55536,-0.83161,0.0,-0.0,0.83161,0.55536,0.0,0.0,0.0,0.0,1.0,;
25.0;
matrix;1.0,0.0,-0.0,0.00435,0.0,0.18037,0.9836,-0.62599,0.0,-0.9836,0.18037,-0.15239,0.0,0.0,0.0,1.0,;
matrix_basis;1.0,0.0,-0.0,0.0,-0.0,0.11782,-0.99304,0.0,-0.0,0.99304,0.11782,0.0,0.0,0.0,0.0,1.0,;
90.0;
matrix;0.81346,0.54563,-0.20144,0.12781,0.0,0.34634,0.93811,-0.47486,0.58163,-0.76311,0.28173,-0.33466,0.0,0.0,0.0,1.0,;
matrix_basis;0.97198,0.2205,-0.0814,0.0,-0.19015,0.53409,-0.82376,0.0,-0.13816,0.81616,0.56106,0.0,0.0,0.0,0.0,1.0,;
30.0;
matrix;1.0,0.0,-0.0,0.00435,0.0,0.34634,0.93811,-0.47486,0.0,-0.93811,0.34634,-0.35863,0.0,0.0,0.0,1.0,;
matrix_basis;1.0,0.0,-0.0,0.0,-0.0,0.55536,-0.83161,0.0,-0.0,0.83161,0.55536,0.0,0.0,0.0,0.0,1.0,;
95.0;
matrix;1.0,0.0,-0.0,0.00435,0.0,0.34634,0.93811,-0.47486,0.0,-0.93811,0.34634,-0.35863,0.0,0.0,0.0,1.0,;
matrix_basis;1.0,0.0,-0.0,0.0,-0.0,0.55536,-0.83161,0.0,-0.0,0.83161,0.55536,0.0,0.0,0.0,0.0,1.0,;
35.0;
matrix;0.9998,0.01868,-0.0069,0.09252,0.0,0.34634,0.93811,-0.47486,0.01991,-0.93792,0.34627,-0.34663,0.0,0.0,0.0,1.0,;
matrix_basis;0.96877,-0.23261,0.08588,0.0,0.2006,0.53166,-0.82286,0.0,0.14575,0.81439,0.56171,0.0,0.0,0.0,0.0,1.0,;
100.0;
matrix;0.88236,-0.44146,0.16298,-0.15095,0.0,0.34634,0.93811,-0.47486,-0.47058,-0.82775,0.3056,-0.31981,0.0,0.0,0.0,1.0,;
matrix_basis;1.0,0.0,-0.0,0.0,-0.0,0.55536,-0.83161,0.0,-0.0,0.83161,0.55536,0.0,0.0,0.0,0.0,1.0,;
40.0;
matrix;1.0,0.0,-0.0,0.00435,0.0,0.34634,0.93811,-0.47486,0.0,-0.93811,0.34634,-0.35863,0.0,0.0,0.0,1.0,;
matrix_basis;1.0,0.0,-0.0,0.0,-0.0,0.55536,-0.83161,0.0,-0.0,0.83161,0.55536,0.0,0.0,0.0,0.0,1.0,;
105.0;
matrix;1.0,-0.0,-0.0,0.00435,0.0,0.34634,0.93811,-0.47486,0.0,-0.93811,0.34634,-0.35863,0.0,0.0,0.0,1.0,;
matrix_basis;1.0,0.0,-0.0,0.0,-0.0,0.55536,-0.83161,0.0,-0.0,0.83161,0.55536,0.0,0.0,0.0,0.0,1.0,;
107.0;
matrix;1.0,0.0,-0.0,0.00435,0.0,0.49111,0.8711,-0.62547,0.0,-0.8711,0.49111,-0.154,0.0,0.0,0.0,1.0,;
matrix_basis;1.0,0.0,-0.0,0.0,-0.0,-0.20819,-0.97809,0.0,-0.0,0.97809,-0.20819,0.0,0.0,0.0,0.0,1.0,;
45.0;
matrix;0.86795,-0.46592,0.17201,-0.15955,0.0,0.34634,0.93811,-0.47486,-0.49666,-0.81423,0.3006,-0.31505,0.0,0.0,0.0,1.0,;
matrix_basis;1.0,0.0,-0.0,0.0,-0.0,0.55536,-0.83161,0.0,-0.0,0.83161,0.55536,0.0,0.0,0.0,0.0,1.0,;
110.0;
matrix;1.0,0.0,-0.0,0.00435,0.0,0.5734,0.81928,-0.6271,0.0,-0.81928,0.5734,-0.14887,0.0,0.0,0.0,1.0,;
matrix_basis;1.0,0.0,-0.0,0.0,-0.0,-0.31488,-0.94913,0.0,-0.0,0.94913,-0.31488,0.0,0.0,0.0,0.0,1.0,;
113.0;
matrix;1.0,0.0,-0.0,0.00435,0.0,0.42561,0.90491,-0.5414,0.0,-0.90491,0.42561,-0.29942,0.0,0.0,0.0,1.0,;
matrix_basis;1.0,0.0,-0.0,0.0,-0.0,0.27848,-0.96044,0.0,-0.0,0.96044,0.27848,0.0,0.0,0.0,0.0,1.0,;
50.0;
matrix;1.0,0.0,-0.0,0.00435,0.0,0.34634,0.93811,-0.47486,0.0,-0.93811,0.34634,-0.35863,0.0,0.0,0.0,1.0,;
matrix_basis;1.0,0.0,-0.0,0.0,-0.0,0.55536,-0.83161,0.0,-0.0,0.83161,0.55536,0.0,0.0,0.0,0.0,1.0,;
115.0;
matrix;1.0,0.0,-0.0,0.00435,0.0,0.34634,0.93811,-0.47486,0.0,-0.93811,0.34634,-0.35863,0.0,0.0,0.0,1.0,;
matrix_basis;1.0,0.0,-0.0,0.0,-0.0,0.55536,-0.83161,0.0,-0.0,0.83161,0.55536,0.0,0.0,0.0,0.0,1.0,;
55.0;
matrix;0.74517,0.23096,0.6256,-0.15173,-0.66687,0.25808,0.69905,-0.41522,0.0,-0.93811,0.34634,-0.35863,0.0,0.0,0.0,1.0,;
matrix_basis;1.0,0.0,-0.0,0.0,-0.0,0.55536,-0.83161,0.0,-0.0,0.83161,0.55536,0.0,0.0,0.0,0.0,1.0,;
60.0;
matrix;1.0,0.0,-0.0,0.00435,0.0,0.34634,0.93811,-0.47486,0.0,-0.93811,0.34634,-0.35863,0.0,0.0,0.0,1.0,;
matrix_basis;1.0,0.0,-0.0,0.0,-0.0,0.55536,-0.83161,0.0,-0.0,0.83161,0.55536,0.0,0.0,0.0,0.0,1.0,;
}
}
anim{
frontLegUpBone;
keys{
25;
0.0;
matrix;1.0,0.0,0.0,0.00435,0.0,0.00595,0.99998,-0.24081,0.0,-0.99998,0.00595,-0.02863,0.0,0.0,0.0,1.0,;
matrix_basis;1.0,0.0,0.0,0.0,0.0,1.0,0.0,0.0,0.0,0.0,1.0,0.0,0.0,0.0,0.0,1.0,;
65.0;
matrix;0.8261,0.326,-0.45966,0.00435,0.56352,-0.4779,0.67383,-0.24081,0.0,-0.81568,-0.5785,-0.0299,0.0,0.0,0.0,1.0,;
matrix_basis;0.8261,0.326,-0.45966,0.0,0.00335,0.81282,0.5825,0.0,0.56351,-0.48275,0.67038,0.0,0.0,0.0,0.0,1.0,;
70.0;
matrix;1.0,0.0,-0.0,0.00435,0.0,-0.5785,0.81568,-0.24081,0.0,-0.81568,-0.5785,-0.02863,0.0,0.0,0.0,1.0,;
matrix_basis;1.0,0.0,-0.0,0.0,0.0,0.81222,0.58335,0.0,0.0,-0.58335,0.81222,0.0,0.0,0.0,0.0,1.0,;
10.0;
matrix;1.0,0.0,-0.0,0.00435,0.0,-0.5785,0.81568,-0.24081,0.0,-0.81568,-0.5785,-0.02863,0.0,0.0,0.0,1.0,;
matrix_basis;1.0,0.0,-0.0,0.0,0.0,0.81222,0.58335,0.0,0.0,-0.58335,0.81222,0.0,0.0,0.0,0.0,1.0,;
75.0;
matrix;1.0,0.0,-0.0,0.00435,0.0,-0.5785,0.81568,-0.24081,0.0,-0.81568,-0.5785,-0.02863,0.0,0.0,0.0,1.0,;
matrix_basis;1.0,0.0,-0.0,0.0,0.0,0.81222,0.58335,0.0,0.0,-0.58335,0.81222,0.0,0.0,0.0,0.0,1.0,;
15.0;
matrix;1.0,0.0,-0.0,0.00435,0.0,-0.96946,0.24525,-0.24081,0.0,-0.24525,-0.96946,-0.02863,0.0,0.0,0.0,1.0,;
matrix_basis;1.0,0.0,-0.0,0.0,0.0,0.23948,0.9709,0.0,0.0,-0.9709,0.23948,0.0,0.0,0.0,0.0,1.0,;
80.0;
matrix;1.0,0.0,-0.0,0.00435,0.0,-0.5785,0.81568,-0.24081,0.0,-0.81568,-0.5785,-0.02863,0.0,0.0,0.0,1.0,;
matrix_basis;1.0,0.0,-0.0,0.0,0.0,0.81222,0.58335,0.0,0.0,-0.58335,0.81222,0.0,0.0,0.0,0.0,1.0,;
20.0;
matrix;1.0,0.0,-0.0,0.00435,0.0,-0.5785,0.81568,-0.24081,0.0,-0.81568,-0.5785,-0.02863,0.0,0.0,0.0,1.0,;
matrix_basis;1.0,0.0,-0.0,0.0,0.0,0.81222,0.58335,0.0,0.0,-0.58335,0.81222,0.0,0.0,0.0,0.0,1.0,;
85.0;
matrix;1.0,0.0,-0.0,0.00435,0.0,-0.5785,0.81568,-0.24081,0.0,-0.81568,-0.5785,-0.02863,0.0,0.0,0.0,1.0,;
matrix_basis;1.0,0.0,-0.0,0.0,0.0,0.81222,0.58335,0.0,0.0,-0.58335,0.81222,0.0,0.0,0.0,0.0,1.0,;
25.0;
matrix;1.0,0.0,-0.0,0.00435,0.0,-0.95206,0.30591,-0.24081,0.0,-0.30591,-0.95206,-0.02863,0.0,0.0,0.0,1.0,;
