verts{
35;
0,0.00198,-0.07481,1.55115,0.05924,-0.64287,-0.76363,0.469,0.58418,;
1,0.00623,-0.07484,1.55115,0.10218,-0.72066,-0.68569,0.55838,0.58373,;
2,0.00396,-0.06872,1.54832,0.11374,-0.98367,-0.13938,0.50806,0.56333,;
3,-0.00057,-0.06971,1.54775,0.07883,-0.98956,-0.12049,0.4157,0.52941,;
4,-0.00396,-0.07479,1.5503,-0.04157,-0.69134,-0.7213,0.3439,0.55293,;
5,-0.00651,-0.06974,1.54662,-0.08139,-0.97043,-0.22724,0.29391,0.48803,;
6,0.00934,-0.06845,1.54775,0.14533,-0.95618,-0.25416,0.61739,0.54665,;
7,0.01387,-0.07246,1.54917,-0.0333,-0.7503,-0.66024,0.71557,0.54324,;
8,0.01556,-0.06688,1.54549,0.00558,-0.9491,-0.31489,0.74155,0.48681,;
9,0.00424,-0.07402,1.54436,0.0784,-0.98953,0.12091,0.51628,0.3431,;
10,-0.00255,-0.07323,1.54379,-0.21583,-0.97632,-0.01379,0.37413,0.33403,;
11,0.01075,-0.0717,1.54294,0.40941,-0.91229,-0.00653,0.64995,0.32575,;
12,0.00255,-0.07847,1.55568,0.15317,-0.95688,-0.24668,0.48199,0.70475,;
13,0.0099,-0.07509,1.55483,0.37147,-0.92151,-0.11301,0.63612,0.71759,;
14,-0.00424,-0.07812,1.55483,-0.18232,-0.94647,-0.26634,0.33631,0.67727,;
15,0.01868,-0.073,1.55087,0.3853,-0.92105,-0.05646,0.81671,0.59841,;
16,0.02122,-0.06807,1.54379,0.34748,-0.86398,-0.36433,0.85848,0.40931,;
17,0.01471,-0.06844,1.53983,0.23011,-0.95077,-0.2075,0.72683,0.26132,;
18,0.00594,-0.07004,1.53926,0.05194,-0.82723,-0.5594,0.54927,0.21667,;
19,-0.00226,-0.06915,1.53955,0.0032,-0.89477,-0.44649,0.38105,0.24055,;
20,-0.00877,-0.06984,1.54153,-0.11637,-0.97299,-0.19926,0.24743,0.30189,;
21,-0.01217,-0.07104,1.54577,-0.16456,-0.93689,-0.30842,0.17621,0.43874,;
22,-0.01047,-0.07459,1.55256,-0.37168,-0.86618,-0.33393,0.20713,0.63982,;
23,0.00226,-0.07806,1.56275,0.13544,-0.98657,0.09095,0.4758,0.97848,;
24,0.01132,-0.0744,1.56219,0.47377,-0.88061,0.00473,0.66507,1.0,;
25,0.01953,-0.06882,1.55709,0.52919,-0.7803,0.3332,0.82554,0.87849,;
26,0.02858,-0.06539,1.54974,0.60189,-0.77691,-0.18464,1.0,0.65746,;
27,0.02802,-0.06007,1.5387,0.58736,-0.72594,-0.35774,0.97376,0.34265,;
28,0.01811,-0.06648,1.53474,0.29191,-0.90207,-0.31785,0.79223,0.1089,;
29,0.00509,-0.06644,1.53304,0.0719,-0.91263,-0.40236,0.52991,0.04906,;
30,-0.00736,-0.06885,1.53276,0.01831,-0.98886,-0.14762,0.27722,0.0,;
31,-0.0167,-0.06762,1.5387,-0.31324,-0.93109,-0.1868,0.08889,0.23303,;
32,-0.02122,-0.06632,1.54804,-0.5085,-0.83901,-0.19349,0.0,0.58509,;
33,-0.01896,-0.0699,1.55624,-0.52989,-0.83258,-0.16123,0.03841,0.83487,;
34,-0.00849,-0.07633,1.56105,-0.37858,-0.92535,0.01929,0.2471,0.93503,;
}
polygons{
56;
0,-0.00321,-0.42055,-0.90727,0,0,2,1,;
1,0.20974,-0.46731,-0.85885,0,0,3,2,;
2,0.11955,-0.50835,-0.85281,0,3,0,4,;
3,0.16115,-0.52699,-0.83446,0,3,4,5,;
4,-0.07164,-0.4402,-0.89504,0,1,2,6,;
5,-0.09944,-0.42832,-0.89814,0,1,6,7,;
6,-0.18107,-0.50189,-0.84576,0,7,6,8,;
7,0.03077,-0.5973,0.80143,0,2,3,9,;
8,-0.14013,-0.70466,0.69557,0,9,3,10,;
9,0.1143,-0.59079,0.79869,0,6,2,9,;
10,0.3823,-0.70961,0.59186,0,6,9,11,;
11,0.39262,-0.70437,0.59136,0,6,11,8,;
12,-0.12914,-0.70866,0.69363,0,10,3,5,;
13,0.34458,-0.84901,-0.40055,0,12,1,13,;
14,0.03865,-0.77461,-0.63126,0,0,12,14,;
15,-0.00594,-0.7779,-0.62836,0,0,1,12,;
16,0.21859,-0.93472,-0.2802,0,13,1,7,;
17,0.03778,-0.91647,-0.39831,0,13,7,15,;
18,0.09892,-0.83268,-0.54485,0,15,7,16,;
19,-0.34206,-0.44206,-0.8292,0,16,7,8,;
20,-0.11659,-0.95251,0.28131,0,16,8,17,;
21,0.6772,-0.72892,0.10032,0,17,8,11,;
22,0.18101,-0.78613,-0.59096,0,17,11,18,;
23,-0.10522,-0.76597,-0.6342,0,18,9,19,;
24,0.16218,-0.80275,-0.57383,0,11,9,18,;
25,-0.02606,-0.71941,-0.6941,0,19,9,10,;
26,-0.13514,-0.7094,-0.69173,0,19,10,20,;
27,-0.53218,-0.80818,0.25225,0,20,10,5,;
28,0.2362,-0.96788,-0.08614,0,20,5,21,;
29,0.26519,-0.82582,-0.49769,0,21,5,22,;
30,-0.26625,-0.65194,-0.70999,0,22,5,4,;
31,-0.2271,-0.77729,-0.58672,0,22,4,14,;
32,0.08041,-0.80495,-0.58787,0,0,14,4,;
33,0.37757,-0.92337,0.0694,0,12,24,23,;
34,0.41857,-0.90817,0.00463,0,24,12,13,;
35,0.54989,-0.83479,-0.0275,0,24,13,25,;
36,0.39994,-0.78525,0.47268,0,25,13,15,;
37,0.5878,-0.70648,0.39417,0,25,15,26,;
38,0.54948,-0.76515,-0.33559,0,26,15,16,;
39,0.5717,-0.727,-0.38029,0,26,16,27,;
40,0.60293,-0.72431,-0.33444,0,27,16,28,;
41,0.19767,-0.95167,-0.23505,0,28,16,17,;
42,0.04067,-0.94111,-0.33565,0,28,17,29,;
43,0.18553,-0.83942,-0.51083,0,29,17,18,;
44,-0.11109,-0.86676,-0.4862,0,29,18,19,;
45,0.19069,-0.96397,-0.18548,0,29,19,30,;
46,0.07505,-0.99215,-0.09999,0,30,19,20,;
47,-0.2185,-0.96511,-0.14428,0,30,20,31,;
48,-0.12788,-0.92238,-0.36449,0,31,20,21,;
49,-0.48143,-0.86923,-0.11251,0,31,21,32,;
50,-0.49898,-0.81304,-0.29998,0,32,21,22,;
51,-0.54028,-0.81569,-0.20674,0,32,22,33,;
52,-0.50227,-0.86269,-0.05909,0,33,22,34,;
53,-0.47263,-0.87853,-0.06925,0,34,22,14,;
54,-0.18089,-0.971,0.1563,0,34,14,23,;
55,-0.05884,-0.99668,0.05626,0,12,23,14,;
}
materials{
1;
0,1.0,1.0,1.0,resrc/ponko/ponkokuti.png,;
}
boneinfo{
25;
0,doBone,;
matrix;1.0,-0.0,0.0,0.0,0.0,0.02632,-0.99965,0.0,-0.0,0.99965,0.02632,0.0,0.0,0.0,0.0,1.0,;
matrix_local;1.0,-0.0,0.0,0.0,0.0,0.02632,-0.99965,-0.03665,-0.0,0.99965,0.02632,1.06769,0.0,0.0,0.0,1.0,;
1,dousitaBone,;
matrix;-1.0,0.0,0.0,0.0,-0.0,-0.99136,-0.13118,0.0,0.0,-0.13118,0.99136,0.0,0.0,0.0,0.0,1.0,;
matrix_local;-1.0,-0.0,0.0,-0.0,-0.0,0.10504,-0.99447,-0.0316,-0.0,-0.99447,-0.10504,1.25948,0.0,0.0,0.0,1.0,;
2,migikosiBone,;
matrix;-0.46778,0.72954,-0.49896,0.0,0.41957,0.68016,0.60112,0.0,0.77791,0.07184,-0.62425,0.0,0.0,0.0,0.0,1.0,;
matrix_local;0.46778,-0.72954,0.49896,-0.0,-0.72954,0.0,0.68394,0.0,-0.49896,-0.68394,-0.53222,0.96032,0.0,0.0,0.0,1.0,;
3,migimomoBone,;
matrix;0.59433,0.47395,-0.64973,0.0,-0.64972,0.75909,-0.04059,0.0,0.47397,0.44626,0.75908,0.0,0.0,0.0,0.0,1.0,;
matrix_local;0.98849,-0.10942,0.10443,-0.09768,-0.10942,-0.04055,0.99317,0.0,-0.10443,-0.99317,-0.05205,0.86874,0.0,0.0,0.0,1.0,;
4,migisuneBone,;
matrix;0.99976,0.01036,-0.01945,0.0,-0.01188,0.99675,-0.07972,0.0,0.01856,0.07993,0.99663,0.0,0.0,0.0,0.0,1.0,;
matrix_local;0.99149,-0.09047,0.09358,-0.13737,-0.09047,0.03783,0.99518,-0.01471,-0.09358,-0.99518,0.02933,0.50852,0.0,0.0,0.0,1.0,;
5,migiasiBone,;
matrix;0.99149,0.09358,-0.09047,0.0,-0.09047,0.99518,0.03784,0.0,0.09358,-0.02933,0.99518,0.0,0.0,0.0,0.0,1.0,;
matrix_local;1.0,-0.0,-0.0,-0.17254,0.0,-0.0,1.0,-0.0,0.0,-1.0,-0.0,0.12169,0.0,0.0,0.0,1.0,;
6,migifootBone,;
matrix;-0.96156,-0.17742,0.20958,0.0,-0.21574,0.01598,-0.97632,0.0,0.16987,-0.984,-0.05364,0.0,0.0,0.0,0.0,1.0,;
matrix_local;-0.96156,-0.17742,0.20958,-0.17254,0.16987,-0.98401,-0.05364,-0.0,0.21574,-0.01598,0.97632,0.0074,0.0,0.0,0.0,1.0,;
7,hidarikosiBone,;
matrix;-0.53614,-0.65201,0.53614,0.0,-0.38421,0.75402,0.53276,0.0,-0.75162,0.07964,-0.65477,0.0,0.0,0.0,0.0,1.0,;
matrix_local;0.53614,0.65201,-0.53614,-0.0,0.70711,0.0,0.70711,0.0,0.46104,-0.75821,-0.46104,0.96032,0.0,0.0,0.0,1.0,;
8,Bone.009,;
matrix;-0.55527,0.68572,0.4706,0.0,-0.43369,0.24409,-0.86737,0.0,-0.70964,-0.68572,0.16185,0.0,0.0,0.0,0.0,1.0,;
matrix_local;-0.2,0.89443,-0.4,0.0937,-0.89443,-0.0,0.44721,0.0,0.4,0.44721,0.8,0.85135,0.0,0.0,0.0,1.0,;
9,hidarimomoBone,;
matrix;-0.69116,-0.41298,-0.59308,0.0,-0.5352,0.84395,0.03603,0.0,0.48565,0.34232,-0.80433,0.0,0.0,0.0,0.0,1.0,;
matrix_local;-0.97989,0.14531,0.13675,0.0937,-0.14531,-0.04996,-0.98812,0.0,-0.13675,-0.98812,0.07007,0.85135,0.0,0.0,0.0,1.0,;
10,hidarisuneBone,;
matrix;-0.99698,0.04594,-0.06263,0.0,0.05206,0.99364,-0.09985,0.0,0.05764,-0.10281,-0.99303,0.0,0.0,0.0,0.0,1.0,;
matrix_local;0.99238,0.08531,-0.08894,0.14457,0.08531,0.04527,0.99533,-0.01749,0.08894,-0.99532,0.03765,0.50539,0.0,0.0,0.0,1.0,;
11,hidariasiBone,;
matrix;0.99596,-0.06529,0.06162,0.0,0.06266,0.99707,0.04379,0.0,-0.0643,-0.03975,0.99714,0.0,0.0,0.0,0.0,1.0,;
matrix_local;0.99943,0.0238,-0.0238,0.17754,0.0238,0.0,0.99972,0.0,0.0238,-0.99972,-0.00057,0.12077,0.0,0.0,0.0,1.0,;
12,hidarifootBone,;
matrix;0.88624,0.29641,0.35597,0.0,-0.31221,-0.18546,0.93173,0.0,0.3422,-0.93688,-0.07182,0.0,0.0,0.0,0.0,1.0,;
matrix_local;0.87017,0.31412,0.37965,0.18009,0.36319,-0.92956,-0.06333,0.0,0.33302,0.193,-0.92296,0.01393,0.0,0.0,0.0,1.0,;
13,douueBone,;
matrix;0.99993,0.00733,0.00887,0.0,-0.00867,0.98662,0.16278,0.0,-0.00756,-0.16284,0.98662,0.0,0.0,0.0,0.0,1.0,;
matrix_local;0.99993,0.00733,0.00887,-0.0,0.00733,0.18876,-0.982,-0.0316,-0.00887,0.982,0.18869,1.25948,0.0,0.0,0.0,1.0,;
14,kubisitaBone,;
matrix;0.99438,0.0742,0.07551,0.0,-0.05832,0.97921,-0.19427,0.0,-0.08836,0.18878,0.97804,0.0,0.0,0.0,0.0,1.0,;
matrix_local;0.9931,0.08305,0.08276,0.00123,0.08305,-0.0,-0.99655,0.0,-0.08276,0.99655,-0.0069,1.42386,0.0,0.0,0.0,1.0,;
15,kubiBone,;
matrix;0.9879,-0.10956,-0.10978,0.0,0.1099,0.99394,-0.00297,0.0,0.10944,-0.00913,0.99395,0.0,0.0,0.0,0.0,1.0,;
matrix_local;0.99927,-0.02702,-0.02701,0.00613,-0.02702,-0.0,-0.99963,0.0,0.02701,0.99963,-0.00073,1.48274,0.0,0.0,0.0,1.0,;
16,atamaBone,;
matrix;-0.99963,0.01926,-0.01927,0.0,0.01927,0.99981,-0.00015,0.0,0.01926,-0.00052,-0.99981,0.0,0.0,0.0,0.0,1.0,;
matrix_local;-0.99994,-0.00775,0.00775,0.00437,0.00775,-0.0,0.99997,0.0,-0.00775,0.99997,6e-05,1.5481,0.0,0.0,0.0,1.0,;
17,migisakotuBone,;
matrix;-0.10359,-0.98468,0.14024,0.0,-0.31526,-0.10123,-0.94359,0.0,0.94334,-0.14196,-0.29994,0.0,0.0,0.0,0.0,1.0,;
matrix_local;-0.09752,-0.98662,0.13066,0.00123,-0.98662,0.11308,0.11746,0.0,-0.13066,-0.11745,-0.98445,1.42386,0.0,0.0,0.0,1.0,;
18,migiarmBone,;
matrix;0.99386,0.06413,-0.09022,0.0,-0.07039,0.9952,-0.06797,0.0,0.08542,0.0739,0.9936,0.0,0.0,0.0,0.0,1.0,;
matrix_local;-0.01631,-0.97848,0.20568,-0.10561,-0.97848,0.05794,0.19803,0.01224,-0.20568,-0.19803,-0.95837,1.41114,0.0,0.0,0.0,1.0,;
19,migiarm2Bone,;
matrix;-0.99043,0.08523,-0.10859,0.0,0.09748,0.9888,-0.11306,0.0,0.09773,-0.12256,-0.98764,0.0,0.0,0.0,0.0,1.0,;
matrix_local;-0.05912,-0.99412,-0.09074,-0.31929,0.99412,-0.05037,-0.09588,0.0249,0.09074,-0.09588,0.99125,1.36789,0.0,0.0,0.0,1.0,;
20,migihandJointBone,;
matrix;0.05912,0.07477,0.99545,0.0,0.99412,-0.09506,-0.0519,0.0,0.09074,0.99266,-0.07995,0.0,0.0,0.0,0.0,1.0,;
matrix_local;-1.0,0.0,0.0,-0.56095,0.0,-0.01606,0.99987,0.01265,0.0,0.99987,0.01606,1.34459,0.0,0.0,0.0,1.0,;
21,hidarisakotuBone,;
matrix;0.12828,0.97997,0.1523,0.0,-0.34264,-0.10032,0.93409,0.0,0.93066,-0.17202,0.32291,0.0,0.0,0.0,0.0,1.0,;
matrix_local;0.13402,0.97765,0.162,0.00123,-0.97765,0.15716,-0.13966,0.0,-0.162,-0.13966,0.97686,1.42386,0.0,0.0,0.0,1.0,;
22,hidariarmBone,;
matrix;0.98831,0.14686,0.04083,0.0,-0.14739,0.98902,0.01038,0.0,-0.03886,-0.01628,0.99911,0.0,0.0,0.0,0.0,1.0,;
matrix_local;-0.01794,0.98396,0.17748,0.10806,-0.98396,0.01413,-0.17782,0.01717,-0.17748,-0.17782,0.96793,1.4086,0.0,0.0,0.0,1.0,;
23,hidariarm2Bone,;
matrix;0.99764,-0.00267,-0.06863,0.0,-0.00251,0.99716,-0.07521,0.0,0.06864,0.0752,0.9948,0.0,0.0,0.0,0.0,1.0,;
matrix_local;-0.00818,0.99457,0.10379,0.31919,-0.99388,0.00335,-0.11043,0.02021,-0.11018,-0.10405,0.98845,1.37044,0.0,0.0,0.0,1.0,;
24,hidarihandJointBone,;
matrix;-0.00015,-0.11048,0.99388,0.0,0.99351,-0.11309,-0.01242,0.0,0.11377,0.98742,0.10978,0.0,0.0,0.0,0.0,1.0,;
matrix_local;0.99992,-0.00909,-0.00909,0.56232,-0.00909,0.00038,-0.99996,0.02103,0.00909,0.99996,0.0003,1.345,0.0,0.0,0.0,1.0,;
}
bone_layer{
doBone;
2;
  bone_layer{
  dousitaBone;
  2;
    bone_layer{
    migikosiBone;
    1;
      bone_layer{
      migimomoBone;
      1;
        bone_layer{
        migisuneBone;
        1;
          bone_layer{
          migiasiBone;
          1;
            bone_layer{
            migifootBone;
            0;
            }
          }
        }
      }
    }
    bone_layer{
    hidarikosiBone;
    2;
      bone_layer{
      Bone.009;
      0;
      }
      bone_layer{
      hidarimomoBone;
      1;
        bone_layer{
        hidarisuneBone;
        1;
          bone_layer{
          hidariasiBone;
          1;
            bone_layer{
            hidarifootBone;
            0;
            }
          }
        }
      }
    }
  }
  bone_layer{
  douueBone;
  3;
    bone_layer{
    kubisitaBone;
    1;
      bone_layer{
      kubiBone;
      1;
        bone_layer{
        atamaBone;
        0;
        }
      }
    }
    bone_layer{
    migisakotuBone;
    1;
      bone_layer{
      migiarmBone;
      1;
        bone_layer{
        migiarm2Bone;
        1;
          bone_layer{
          migihandJointBone;
          0;
          }
        }
      }
    }
    bone_layer{
    hidarisakotuBone;
    1;
      bone_layer{
      hidariarmBone;
      1;
        bone_layer{
        hidariarm2Bone;
        1;
          bone_layer{
          hidarihandJointBone;
          0;
          }
        }
      }
    }
  }
}
boneweights{
35;
0,2,16,0.87981,15,0.12049,;
1,2,16,0.87931,15,0.12098,;
2,2,16,0.87382,15,0.12647,;
3,2,16,0.87392,15,0.12637,;
4,2,16,0.88074,15,0.11956,;
5,2,16,0.87644,15,0.12386,;
6,2,16,0.87427,15,0.12602,;
7,2,16,0.87732,15,0.12297,;
8,2,16,0.87733,15,0.12296,;
9,2,16,0.86147,15,0.13883,;
10,2,16,0.86427,15,0.13603,;
11,2,16,0.86561,15,0.13468,;
12,2,16,0.88257,15,0.11773,;
13,2,16,0.8798,15,0.1205,;
14,2,16,0.88371,15,0.11659,;
15,2,16,0.87602,15,0.12427,;
16,2,16,0.88002,15,0.12027,;
17,2,16,0.87593,15,0.12436,;
18,2,16,0.8694,15,0.1309,;
19,2,16,0.86842,15,0.13188,;
20,2,16,0.87417,15,0.12613,;
21,2,16,0.88052,15,0.11978,;
22,2,16,0.88384,15,0.11647,;
23,2,16,0.88318,15,0.11712,;
24,2,16,0.87946,15,0.12083,;
25,2,16,0.86683,15,0.13346,;
26,2,16,0.87952,15,0.12076,;
27,2,16,0.88222,15,0.11807,;
28,2,16,0.87905,15,0.12124,;
29,2,16,0.87183,15,0.12846,;
30,2,16,0.85915,15,0.14115,;
31,2,16,0.87848,15,0.12182,;
32,2,16,0.88373,15,0.11657,;
33,2,16,0.8852,15,0.1151,;
34,2,16,0.88501,15,0.1153,;
}
