animsets{
10;
anim{
rightLegUpBone;
keys{
25;
0.0;
matrix;1.0,-0.00207,0.0,-0.21733,-0.0,0.0,1.0,0.0,-0.00207,-1.0,0.0,-0.01277,0.0,0.0,0.0,1.0,;
matrix_basis;1.0,-0.00207,0.0,0.0,0.00207,1.0,0.0,0.0,0.0,0.0,1.0,0.0,0.0,0.0,0.0,1.0,;
65.0;
matrix;0.99525,0.09195,0.03198,-0.21733,-0.00067,-0.32203,0.94673,0.0,0.09735,-0.94225,-0.32044,-0.01277,0.0,0.0,0.0,1.0,;
matrix_basis;0.99525,0.09195,0.03198,0.0,-0.09735,0.94225,0.32044,0.0,-0.00067,-0.32203,0.94673,0.0,0.0,0.0,0.0,1.0,;
70.0;
matrix;0.98228,-0.17766,-0.05974,-0.21733,-0.00067,-0.32203,0.94673,0.0,-0.18743,-0.92991,-0.31644,-0.01277,0.0,0.0,0.0,1.0,;
matrix_basis;0.98228,-0.17766,-0.05974,0.0,0.18743,0.92991,0.31644,0.0,-0.00067,-0.32203,0.94673,0.0,0.0,0.0,0.0,1.0,;
10.0;
matrix;0.98228,-0.17766,-0.05974,-0.21733,-0.00067,-0.32203,0.94673,0.0,-0.18743,-0.92991,-0.31644,-0.01277,0.0,0.0,0.0,1.0,;
matrix_basis;0.98228,-0.17766,-0.05974,0.0,0.18743,0.92991,0.31644,0.0,-0.00067,-0.32203,0.94673,0.0,0.0,0.0,0.0,1.0,;
75.0;
matrix;0.99096,-0.12724,-0.04258,-0.21733,-0.00067,-0.32203,0.94673,0.0,-0.13417,-0.93814,-0.3192,-0.01277,0.0,0.0,0.0,1.0,;
matrix_basis;0.99096,-0.12724,-0.04258,0.0,0.13417,0.93814,0.3192,0.0,-0.00067,-0.32203,0.94673,0.0,0.0,0.0,0.0,1.0,;
15.0;
matrix;0.98228,-0.17766,-0.05974,-0.21733,-0.12002,-0.84099,0.52757,0.0,-0.14397,-0.51105,-0.84741,-0.01277,0.0,0.0,0.0,1.0,;
matrix_basis;0.98228,-0.17766,-0.05974,0.0,0.14397,0.51105,0.84741,0.0,-0.12002,-0.84099,0.52757,0.0,0.0,0.0,0.0,1.0,;
80.0;
matrix;0.99096,-0.12724,-0.04258,-0.21733,-0.06197,-0.71552,0.69584,0.0,-0.119,-0.68691,-0.71694,-0.01277,0.0,0.0,0.0,1.0,;
matrix_basis;0.99096,-0.12724,-0.04258,0.0,0.119,0.68691,0.71694,0.0,-0.06197,-0.71552,0.69584,0.0,0.0,0.0,0.0,1.0,;
20.0;
matrix;0.98228,-0.17766,-0.05974,-0.21733,-0.00067,-0.32203,0.94673,0.0,-0.18743,-0.92991,-0.31644,-0.01277,0.0,0.0,0.0,1.0,;
matrix_basis;0.98228,-0.17766,-0.05974,0.0,0.18743,0.92991,0.31644,0.0,-0.00067,-0.32203,0.94673,0.0,0.0,0.0,0.0,1.0,;
85.0;
matrix;0.99096,-0.12724,-0.04258,-0.21733,-0.00067,-0.32203,0.94673,0.0,-0.13417,-0.93814,-0.3192,-0.01277,0.0,0.0,0.0,1.0,;
matrix_basis;0.99096,-0.12724,-0.04258,0.0,0.13417,0.93814,0.3192,0.0,-0.00067,-0.32203,0.94673,0.0,0.0,0.0,0.0,1.0,;
25.0;
matrix;0.98228,-0.17766,-0.05974,-0.21733,0.03775,-0.12469,0.99148,0.0,-0.18359,-0.97616,-0.11577,-0.01277,0.0,0.0,0.0,1.0,;
matrix_basis;0.98228,-0.17766,-0.05974,0.0,0.18359,0.97616,0.11577,0.0,0.03775,-0.12469,0.99148,0.0,0.0,0.0,0.0,1.0,;
90.0;
matrix;0.82112,-0.54053,-0.18328,-0.21733,-0.00067,-0.32203,0.94673,0.0,-0.57076,-0.77725,-0.26478,-0.01277,0.0,0.0,0.0,1.0,;
matrix_basis;0.82112,-0.54053,-0.18328,0.0,0.57076,0.77725,0.26478,0.0,-0.00067,-0.32203,0.94673,0.0,0.0,0.0,0.0,1.0,;
30.0;
matrix;0.98228,-0.17766,-0.05974,-0.21733,-0.00067,-0.32203,0.94673,0.0,-0.18743,-0.92991,-0.31644,-0.01277,0.0,0.0,0.0,1.0,;
matrix_basis;0.98228,-0.17766,-0.05974,0.0,0.18743,0.92991,0.31644,0.0,-0.00067,-0.32203,0.94673,0.0,0.0,0.0,0.0,1.0,;
95.0;
matrix;0.99096,-0.12724,-0.04258,-0.21733,-0.00067,-0.32203,0.94673,0.0,-0.13417,-0.93814,-0.3192,-0.01277,0.0,0.0,0.0,1.0,;
matrix_basis;0.99096,-0.12724,-0.04258,0.0,0.13417,0.93814,0.3192,0.0,-0.00067,-0.32203,0.94673,0.0,0.0,0.0,0.0,1.0,;
35.0;
matrix;0.99443,0.09961,0.03458,-0.21733,-0.00067,-0.32203,0.94673,0.0,0.10544,-0.94148,-0.32017,-0.01277,0.0,0.0,0.0,1.0,;
matrix_basis;0.99443,0.09961,0.03458,0.0,-0.10544,0.94148,0.32017,0.0,-0.00067,-0.32203,0.94673,0.0,0.0,0.0,0.0,1.0,;
100.0;
matrix;0.83776,-0.51713,-0.17531,-0.21733,-0.00067,-0.32203,0.94673,0.0,-0.54603,-0.79302,-0.27013,-0.01277,0.0,0.0,0.0,1.0,;
matrix_basis;0.83776,-0.51713,-0.17531,0.0,0.54603,0.79302,0.27013,0.0,-0.00067,-0.32203,0.94673,0.0,0.0,0.0,0.0,1.0,;
40.0;
matrix;0.98228,-0.17766,-0.05974,-0.21733,-0.00067,-0.32203,0.94673,0.0,-0.18743,-0.92991,-0.31644,-0.01277,0.0,0.0,0.0,1.0,;
matrix_basis;0.98228,-0.17766,-0.05974,0.0,0.18743,0.92991,0.31644,0.0,-0.00067,-0.32203,0.94673,0.0,0.0,0.0,0.0,1.0,;
105.0;
matrix;0.99096,-0.12724,-0.04258,-0.21733,-0.00067,-0.32203,0.94673,0.0,-0.13417,-0.93814,-0.3192,-0.01277,0.0,0.0,0.0,1.0,;
matrix_basis;0.99096,-0.12724,-0.04258,0.0,0.13417,0.93814,0.3192,0.0,-0.00067,-0.32203,0.94673,0.0,0.0,0.0,0.0,1.0,;
107.0;
matrix;0.70943,-0.66738,-0.22651,-0.21733,-0.00067,-0.32203,0.94673,0.0,-0.70477,-0.67149,-0.2289,-0.01277,0.0,0.0,0.0,1.0,;
matrix_basis;0.70943,-0.66738,-0.22651,0.0,0.70477,0.67149,0.2289,0.0,-0.00067,-0.32203,0.94673,0.0,0.0,0.0,0.0,1.0,;
45.0;
matrix;0.76127,-0.61405,-0.20833,-0.21733,-0.00067,-0.32203,0.94673,0.0,-0.64843,-0.72058,-0.24556,-0.01277,0.0,0.0,0.0,1.0,;
matrix_basis;0.76127,-0.61405,-0.20833,0.0,0.64843,0.72058,0.24556,0.0,-0.00067,-0.32203,0.94673,0.0,0.0,0.0,0.0,1.0,;
110.0;
matrix;0.70943,-0.66738,-0.22651,-0.21733,-0.00067,-0.32203,0.94673,0.0,-0.70477,-0.67149,-0.2289,-0.01277,0.0,0.0,0.0,1.0,;
matrix_basis;0.70943,-0.66738,-0.22651,0.0,0.70477,0.67149,0.2289,0.0,-0.00067,-0.32203,0.94673,0.0,0.0,0.0,0.0,1.0,;
113.0;
matrix;0.99089,0.12731,0.044,-0.21733,-0.00067,-0.32203,0.94673,0.0,0.1347,-0.93813,-0.31901,-0.01277,0.0,0.0,0.0,1.0,;
matrix_basis;0.99089,0.12731,0.044,0.0,-0.1347,0.93813,0.31901,0.0,-0.00067,-0.32203,0.94673,0.0,0.0,0.0,0.0,1.0,;
50.0;
matrix;0.98228,-0.17766,-0.05974,-0.21733,-0.00067,-0.32203,0.94673,0.0,-0.18743,-0.92991,-0.31644,-0.01277,0.0,0.0,0.0,1.0,;
matrix_basis;0.98228,-0.17766,-0.05974,0.0,0.18743,0.92991,0.31644,0.0,-0.00067,-0.32203,0.94673,0.0,0.0,0.0,0.0,1.0,;
115.0;
matrix;0.98228,-0.17766,-0.05974,-0.21733,-0.00067,-0.32203,0.94673,0.0,-0.18743,-0.92991,-0.31644,-0.01277,0.0,0.0,0.0,1.0,;
matrix_basis;0.98228,-0.17766,-0.05974,0.0,0.18743,0.92991,0.31644,0.0,-0.00067,-0.32203,0.94673,0.0,0.0,0.0,0.0,1.0,;
55.0;
matrix;0.77447,-0.33806,0.53471,-0.21733,-0.60421,-0.14485,0.78355,0.0,-0.18743,-0.92991,-0.31644,-0.01277,0.0,0.0,0.0,1.0,;
matrix_basis;0.77447,-0.33806,0.53471,0.0,0.18743,0.92991,0.31644,0.0,-0.60421,-0.14485,0.78355,0.0,0.0,0.0,0.0,1.0,;
60.0;
matrix;0.98228,-0.17766,-0.05974,-0.21733,-0.00067,-0.32203,0.94673,0.0,-0.18743,-0.92991,-0.31644,-0.01277,0.0,0.0,0.0,1.0,;
matrix_basis;0.98228,-0.17766,-0.05974,0.0,0.18743,0.92991,0.31644,0.0,-0.00067,-0.32203,0.94673,0.0,0.0,0.0,0.0,1.0,;
}
}
anim{
boostermaeBone;
keys{
25;
0.0;
matrix;1.0,-0.0,0.0,0.00435,0.0,0.99999,0.00396,0.0,0.0,-0.00396,0.99999,0.00027,0.0,0.0,0.0,1.0,;
matrix_basis;1.0,0.0,0.0,0.0,-0.0,1.0,0.0,0.0,0.0,0.0,1.0,0.0,0.0,0.0,0.0,1.0,;
65.0;
matrix;1.0,-0.0,0.0,0.00435,0.0,0.99999,0.00396,0.0,-0.0,-0.00396,0.99999,0.00027,0.0,0.0,0.0,1.0,;
matrix_basis;1.0,0.0,0.0,0.0,-0.0,1.0,0.0,0.0,0.0,0.0,1.0,0.0,0.0,0.0,0.0,1.0,;
70.0;
matrix;1.0,-0.0,0.0,0.00435,0.0,0.99999,0.00396,0.0,-0.0,-0.00396,0.99999,0.00027,0.0,0.0,0.0,1.0,;
matrix_basis;1.0,0.0,0.0,0.0,-0.0,1.0,0.0,0.0,0.0,0.0,1.0,0.0,0.0,0.0,0.0,1.0,;
10.0;
matrix;1.0,-0.0,0.0,0.00435,0.0,0.99999,0.00396,0.0,0.0,-0.00396,0.99999,0.00027,0.0,0.0,0.0,1.0,;
matrix_basis;1.0,0.0,0.0,0.0,-0.0,1.0,0.0,0.0,0.0,0.0,1.0,0.0,0.0,0.0,0.0,1.0,;
75.0;
matrix;1.0,-0.0,0.0,0.00435,0.0,0.99999,0.00396,0.0,-0.0,-0.00396,0.99999,0.00027,0.0,0.0,0.0,1.0,;
matrix_basis;1.0,0.0,0.0,0.0,-0.0,1.0,0.0,0.0,0.0,0.0,1.0,0.0,0.0,0.0,0.0,1.0,;
15.0;
matrix;1.0,-0.0,0.0,0.00435,0.0,0.99999,0.00396,0.0,0.0,-0.00396,0.99999,0.00027,0.0,0.0,0.0,1.0,;
matrix_basis;1.0,0.0,0.0,0.0,-0.0,1.0,0.0,0.0,0.0,0.0,1.0,0.0,0.0,0.0,0.0,1.0,;
80.0;
matrix;1.0,-0.0,0.0,0.00435,0.0,0.99999,0.00396,0.0,-0.0,-0.00396,0.99999,0.00027,0.0,0.0,0.0,1.0,;
matrix_basis;1.0,0.0,0.0,0.0,-0.0,1.0,0.0,0.0,0.0,0.0,1.0,0.0,0.0,0.0,0.0,1.0,;
20.0;
matrix;1.0,-0.0,0.0,0.00435,0.0,0.99999,0.00396,0.0,0.0,-0.00396,0.99999,0.00027,0.0,0.0,0.0,1.0,;
matrix_basis;1.0,0.0,0.0,0.0,-0.0,1.0,0.0,0.0,0.0,0.0,1.0,0.0,0.0,0.0,0.0,1.0,;
85.0;
matrix;1.0,-0.0,0.0,0.00435,0.0,0.99999,0.00396,0.0,-0.0,-0.00396,0.99999,0.00027,0.0,0.0,0.0,1.0,;
matrix_basis;1.0,0.0,0.0,0.0,-0.0,1.0,0.0,0.0,0.0,0.0,1.0,0.0,0.0,0.0,0.0,1.0,;
25.0;
matrix;1.0,-0.0,0.0,0.00435,0.0,0.99999,0.00396,0.0,-0.0,-0.00396,0.99999,0.00027,0.0,0.0,0.0,1.0,;
matrix_basis;1.0,0.0,0.0,0.0,-0.0,1.0,0.0,0.0,0.0,0.0,1.0,0.0,0.0,0.0,0.0,1.0,;
90.0;
matrix;1.0,-0.0,0.0,0.00435,0.0,0.99999,0.00396,0.0,-0.0,-0.00396,0.99999,0.00027,0.0,0.0,0.0,1.0,;
matrix_basis;1.0,0.0,0.0,0.0,-0.0,1.0,0.0,0.0,0.0,0.0,1.0,0.0,0.0,0.0,0.0,1.0,;
30.0;
matrix;1.0,-0.0,0.0,0.00435,0.0,0.99999,0.00396,0.0,0.0,-0.00396,0.99999,0.00027,0.0,0.0,0.0,1.0,;
matrix_basis;1.0,0.0,0.0,0.0,-0.0,1.0,0.0,0.0,0.0,0.0,1.0,0.0,0.0,0.0,0.0,1.0,;
95.0;
matrix;1.0,-0.0,0.0,0.00435,0.0,0.99999,0.00396,0.0,-0.0,-0.00396,0.99999,0.00027,0.0,0.0,0.0,1.0,;
matrix_basis;1.0,0.0,0.0,0.0,-0.0,1.0,0.0,0.0,0.0,0.0,1.0,0.0,0.0,0.0,0.0,1.0,;
35.0;
matrix;1.0,-0.0,0.0,0.00435,0.0,0.99999,0.00396,0.0,-0.0,-0.00396,0.99999,0.00027,0.0,0.0,0.0,1.0,;
matrix_basis;1.0,0.0,0.0,0.0,-0.0,1.0,0.0,0.0,0.0,0.0,1.0,0.0,0.0,0.0,0.0,1.0,;
100.0;
matrix;1.0,-0.0,0.0,0.00435,0.0,0.99999,0.00396,0.0,-0.0,-0.00396,0.99999,0.00027,0.0,0.0,0.0,1.0,;
matrix_basis;1.0,0.0,0.0,0.0,-0.0,1.0,0.0,0.0,0.0,0.0,1.0,0.0,0.0,0.0,0.0,1.0,;
40.0;
matrix;1.0,-0.0,0.0,0.00435,0.0,0.99999,0.00396,0.0,-0.0,-0.00396,0.99999,0.00027,0.0,0.0,0.0,1.0,;
matrix_basis;1.0,0.0,0.0,0.0,-0.0,1.0,0.0,0.0,0.0,0.0,1.0,0.0,0.0,0.0,0.0,1.0,;
105.0;
matrix;1.0,-0.0,0.0,0.00435,0.0,0.99999,0.00396,0.0,-0.0,-0.00396,0.99999,0.00027,0.0,0.0,0.0,1.0,;
matrix_basis;1.0,0.0,0.0,0.0,-0.0,1.0,0.0,0.0,0.0,0.0,1.0,0.0,0.0,0.0,0.0,1.0,;
107.0;
matrix;1.0,-0.0,0.0,0.00435,0.0,0.99999,0.00396,0.0,-0.0,-0.00396,0.99999,0.00027,0.0,0.0,0.0,1.0,;
matrix_basis;1.0,0.0,0.0,0.0,-0.0,1.0,0.0,0.0,0.0,0.0,1.0,0.0,0.0,0.0,0.0,1.0,;
45.0;
matrix;1.0,-0.0,0.0,0.00435,0.0,0.99999,0.00396,0.0,-0.0,-0.00396,0.99999,0.00027,0.0,0.0,0.0,1.0,;
matrix_basis;1.0,0.0,0.0,0.0,-0.0,1.0,0.0,0.0,0.0,0.0,1.0,0.0,0.0,0.0,0.0,1.0,;
110.0;
matrix;1.0,-0.0,0.0,0.00435,0.0,0.99999,0.00396,0.0,-0.0,-0.00396,0.99999,0.00027,0.0,0.0,0.0,1.0,;
matrix_basis;1.0,0.0,0.0,0.0,-0.0,1.0,0.0,0.0,0.0,0.0,1.0,0.0,0.0,0.0,0.0,1.0,;
113.0;
matrix;1.0,-0.0,0.0,0.00435,0.0,0.99999,0.00396,0.0,-0.0,-0.00396,0.99999,0.00027,0.0,0.0,0.0,1.0,;
matrix_basis;1.0,0.0,0.0,0.0,-0.0,1.0,0.0,0.0,0.0,0.0,1.0,0.0,0.0,0.0,0.0,1.0,;
50.0;
matrix;1.0,-0.0,0.0,0.00435,0.0,0.99999,0.00396,0.0,-0.0,-0.00396,0.99999,0.00027,0.0,0.0,0.0,1.0,;
matrix_basis;1.0,0.0,0.0,0.0,-0.0,1.0,0.0,0.0,0.0,0.0,1.0,0.0,0.0,0.0,0.0,1.0,;
115.0;
matrix;1.0,-0.0,0.0,0.00435,0.0,0.99999,0.00396,0.0,-0.0,-0.00396,0.99999,0.00027,0.0,0.0,0.0,1.0,;
matrix_basis;1.0,0.0,0.0,0.0,-0.0,1.0,0.0,0.0,0.0,0.0,1.0,0.0,0.0,0.0,0.0,1.0,;
55.0;
matrix;1.0,-0.0,0.0,0.00435,0.0,0.99999,0.00396,0.0,-0.0,-0.00396,0.99999,0.00027,0.0,0.0,0.0,1.0,;
matrix_basis;1.0,0.0,0.0,0.0,-0.0,1.0,0.0,0.0,0.0,0.0,1.0,0.0,0.0,0.0,0.0,1.0,;
60.0;
matrix;1.0,-0.0,0.0,0.00435,0.0,0.99999,0.00396,0.0,-0.0,-0.00396,0.99999,0.00027,0.0,0.0,0.0,1.0,;
matrix_basis;1.0,0.0,0.0,0.0,-0.0,1.0,0.0,0.0,0.0,0.0,1.0,0.0,0.0,0.0,0.0,1.0,;
}
}
anim{
boosterBone;
keys{
25;
0.0;
matrix;0.99984,-0.01266,-0.01266,0.00435,-0.01266,0.0,-0.99992,0.30353,0.01266,0.99992,-0.00016,-0.00093,0.0,0.0,0.0,1.0,;
matrix_basis;1.0,0.0,0.0,0.0,0.0,1.0,0.0,0.0,0.0,0.0,1.0,0.0,0.0,0.0,0.0,1.0,;
65.0;
matrix;0.99984,-0.01266,-0.01266,0.00435,-0.01266,0.0,-0.99992,0.30353,0.01266,0.99992,-0.00016,-0.00093,0.0,0.0,0.0,1.0,;
matrix_basis;1.0,0.0,0.0,0.0,0.0,1.0,0.0,0.0,0.0,0.0,1.0,0.0,0.0,0.0,0.0,1.0,;
70.0;
matrix;0.99984,-0.01266,-0.01266,0.00435,-0.01266,0.0,-0.99992,0.30353,0.01266,0.99992,-0.00016,-0.00093,0.0,0.0,0.0,1.0,;
matrix_basis;1.0,0.0,0.0,0.0,0.0,1.0,0.0,0.0,0.0,0.0,1.0,0.0,0.0,0.0,0.0,1.0,;
10.0;
matrix;0.99984,-0.01266,-0.01266,0.00435,-0.01266,0.0,-0.99992,0.30353,0.01266,0.99992,-0.00016,-0.00093,0.0,0.0,0.0,1.0,;
matrix_basis;1.0,0.0,0.0,0.0,0.0,1.0,0.0,0.0,0.0,0.0,1.0,0.0,0.0,0.0,0.0,1.0,;
75.0;
matrix;0.99984,-0.01266,-0.01266,0.00435,-0.01266,0.0,-0.99992,0.30353,0.01266,0.99992,-0.00016,-0.00093,0.0,0.0,0.0,1.0,;
matrix_basis;1.0,0.0,0.0,0.0,0.0,1.0,0.0,0.0,0.0,0.0,1.0,0.0,0.0,0.0,0.0,1.0,;
15.0;
matrix;0.99984,-0.01266,-0.01266,0.00435,-0.01266,0.0,-0.99992,0.30353,0.01266,0.99992,-0.00016,-0.00093,0.0,0.0,0.0,1.0,;
matrix_basis;1.0,0.0,0.0,0.0,0.0,1.0,0.0,0.0,0.0,0.0,1.0,0.0,0.0,0.0,0.0,1.0,;
80.0;
matrix;0.99984,-0.01266,-0.01266,0.00435,-0.01266,0.0,-0.99992,0.30353,0.01266,0.99992,-0.00016,-0.00093,0.0,0.0,0.0,1.0,;
matrix_basis;1.0,0.0,0.0,0.0,0.0,1.0,0.0,0.0,0.0,0.0,1.0,0.0,0.0,0.0,0.0,1.0,;
20.0;
matrix;0.99984,-0.01266,-0.01266,0.00435,-0.01266,0.0,-0.99992,0.30353,0.01266,0.99992,-0.00016,-0.00093,0.0,0.0,0.0,1.0,;
matrix_basis;1.0,0.0,0.0,0.0,0.0,1.0,0.0,0.0,0.0,0.0,1.0,0.0,0.0,0.0,0.0,1.0,;
85.0;
matrix;0.99984,-0.01266,-0.01266,0.00435,-0.01266,0.0,-0.99992,0.30353,0.01266,0.99992,-0.00016,-0.00093,0.0,0.0,0.0,1.0,;
matrix_basis;1.0,0.0,0.0,0.0,0.0,1.0,0.0,0.0,0.0,0.0,1.0,0.0,0.0,0.0,0.0,1.0,;
25.0;
matrix;0.99984,-0.01266,-0.01266,0.00435,-0.01266,0.0,-0.99992,0.30353,0.01266,0.99992,-0.00016,-0.00093,0.0,0.0,0.0,1.0,;
matrix_basis;1.0,0.0,0.0,0.0,0.0,1.0,0.0,0.0,0.0,0.0,1.0,0.0,0.0,0.0,0.0,1.0,;
90.0;
matrix;0.99984,-0.01266,-0.01266,0.00435,-0.01266,0.0,-0.99992,0.30353,0.01266,0.99992,-0.00016,-0.00093,0.0,0.0,0.0,1.0,;
matrix_basis;1.0,0.0,0.0,0.0,0.0,1.0,0.0,0.0,0.0,0.0,1.0,0.0,0.0,0.0,0.0,1.0,;
30.0;
matrix;0.99984,-0.01266,-0.01266,0.00435,-0.01266,0.0,-0.99992,0.30353,0.01266,0.99992,-0.00016,-0.00093,0.0,0.0,0.0,1.0,;
matrix_basis;1.0,0.0,0.0,0.0,0.0,1.0,0.0,0.0,0.0,0.0,1.0,0.0,0.0,0.0,0.0,1.0,;
95.0;
matrix;0.99984,-0.01266,-0.01266,0.00435,-0.01266,0.0,-0.99992,0.30353,0.01266,0.99992,-0.00016,-0.00093,0.0,0.0,0.0,1.0,;
matrix_basis;1.0,0.0,0.0,0.0,0.0,1.0,0.0,0.0,0.0,0.0,1.0,0.0,0.0,0.0,0.0,1.0,;
35.0;
matrix;0.99984,-0.01266,-0.01266,0.00435,-0.01266,0.0,-0.99992,0.30353,0.01266,0.99992,-0.00016,-0.00093,0.0,0.0,0.0,1.0,;
matrix_basis;1.0,0.0,0.0,0.0,0.0,1.0,0.0,0.0,0.0,0.0,1.0,0.0,0.0,0.0,0.0,1.0,;
100.0;
matrix;0.99984,-0.01266,-0.01266,0.00435,-0.01266,0.0,-0.99992,0.30353,0.01266,0.99992,-0.00016,-0.00093,0.0,0.0,0.0,1.0,;
matrix_basis;1.0,0.0,0.0,0.0,0.0,1.0,0.0,0.0,0.0,0.0,1.0,0.0,0.0,0.0,0.0,1.0,;
40.0;
matrix;0.99984,-0.01266,-0.01266,0.00435,-0.01266,0.0,-0.99992,0.30353,0.01266,0.99992,-0.00016,-0.00093,0.0,0.0,0.0,1.0,;
matrix_basis;1.0,0.0,0.0,0.0,0.0,1.0,0.0,0.0,0.0,0.0,1.0,0.0,0.0,0.0,0.0,1.0,;
105.0;
matrix;0.99984,-0.01266,-0.01266,0.00435,-0.01266,0.0,-0.99992,0.30353,0.01266,0.99992,-0.00016,-0.00093,0.0,0.0,0.0,1.0,;
matrix_basis;1.0,0.0,0.0,0.0,0.0,1.0,0.0,0.0,0.0,0.0,1.0,0.0,0.0,0.0,0.0,1.0,;
107.0;
matrix;0.99984,-0.01266,-0.01266,0.00435,-0.01266,0.0,-0.99992,0.30353,0.01266,0.99992,-0.00016,-0.00093,0.0,0.0,0.0,1.0,;
matrix_basis;1.0,0.0,0.0,0.0,0.0,1.0,0.0,0.0,0.0,0.0,1.0,0.0,0.0,0.0,0.0,1.0,;
45.0;
matrix;0.99984,-0.01266,-0.01266,0.00435,-0.01266,0.0,-0.99992,0.30353,0.01266,0.99992,-0.00016,-0.00093,0.0,0.0,0.0,1.0,;
matrix_basis;1.0,0.0,0.0,0.0,0.0,1.0,0.0,0.0,0.0,0.0,1.0,0.0,0.0,0.0,0.0,1.0,;
110.0;
matrix;0.99984,-0.01266,-0.01266,0.00435,-0.01266,0.0,-0.99992,0.30353,0.01266,0.99992,-0.00016,-0.00093,0.0,0.0,0.0,1.0,;
matrix_basis;1.0,0.0,0.0,0.0,0.0,1.0,0.0,0.0,0.0,0.0,1.0,0.0,0.0,0.0,0.0,1.0,;
113.0;
matrix;0.99984,-0.01266,-0.01266,0.00435,-0.01266,0.0,-0.99992,0.30353,0.01266,0.99992,-0.00016,-0.00093,0.0,0.0,0.0,1.0,;
matrix_basis;1.0,0.0,0.0,0.0,0.0,1.0,0.0,0.0,0.0,0.0,1.0,0.0,0.0,0.0,0.0,1.0,;
50.0;
matrix;0.99984,-0.01266,-0.01266,0.00435,-0.01266,0.0,-0.99992,0.30353,0.01266,0.99992,-0.00016,-0.00093,0.0,0.0,0.0,1.0,;
matrix_basis;1.0,0.0,0.0,0.0,0.0,1.0,0.0,0.0,0.0,0.0,1.0,0.0,0.0,0.0,0.0,1.0,;
115.0;
matrix;0.99984,-0.01266,-0.01266,0.00435,-0.01266,0.0,-0.99992,0.30353,0.01266,0.99992,-0.00016,-0.00093,0.0,0.0,0.0,1.0,;
matrix_basis;1.0,0.0,0.0,0.0,0.0,1.0,0.0,0.0,0.0,0.0,1.0,0.0,0.0,0.0,0.0,1.0,;
55.0;
matrix;0.99984,-0.01266,-0.01266,0.00435,-0.01266,0.0,-0.99992,0.30353,0.01266,0.99992,-0.00016,-0.00093,0.0,0.0,0.0,1.0,;
matrix_basis;1.0,0.0,0.0,0.0,0.0,1.0,0.0,0.0,0.0,0.0,1.0,0.0,0.0,0.0,0.0,1.0,;
60.0;
matrix;0.99984,-0.01266,-0.01266,0.00435,-0.01266,0.0,-0.99992,0.30353,0.01266,0.99992,-0.00016,-0.00093,0.0,0.0,0.0,1.0,;
matrix_basis;1.0,0.0,0.0,0.0,0.0,1.0,0.0,0.0,0.0,0.0,1.0,0.0,0.0,0.0,0.0,1.0,;
}
}
anim{
leftLegmaeBone;
keys{
25;
0.0;
matrix;-0.00311,0.99845,0.05564,0.00435,-0.99845,0.0,-0.05573,0.0,-0.05564,-0.05573,0.99689,0.00027,0.0,0.0,0.0,1.0,;
matrix_basis;1.0,0.0,0.0,0.0,0.0,1.0,0.0,0.0,0.0,0.0,1.0,0.0,0.0,0.0,0.0,1.0,;
65.0;
matrix;-0.00311,0.99845,0.05564,0.00435,-0.99845,0.0,-0.05573,0.0,-0.05564,-0.05573,0.99689,0.00027,0.0,0.0,0.0,1.0,;
matrix_basis;1.0,-0.0,0.0,0.0,0.0,1.0,0.0,0.0,0.0,0.0,1.0,0.0,0.0,0.0,0.0,1.0,;
70.0;
matrix;-0.00311,0.99845,0.05564,0.00435,-0.99845,0.0,-0.05573,0.0,-0.05564,-0.05573,0.99689,0.00027,0.0,0.0,0.0,1.0,;
matrix_basis;1.0,-0.0,0.0,0.0,0.0,1.0,0.0,0.0,0.0,0.0,1.0,0.0,0.0,0.0,0.0,1.0,;
10.0;
matrix;-0.00311,0.99845,0.05564,0.00435,-0.99845,0.0,-0.05573,0.0,-0.05564,-0.05573,0.99689,0.00027,0.0,0.0,0.0,1.0,;
matrix_basis;1.0,0.0,0.0,0.0,0.0,1.0,0.0,0.0,0.0,0.0,1.0,0.0,0.0,0.0,0.0,1.0,;
75.0;
matrix;-0.00311,0.99845,0.05564,0.00435,-0.99845,0.0,-0.05573,0.0,-0.05564,-0.05573,0.99689,0.00027,0.0,0.0,0.0,1.0,;
matrix_basis;1.0,-0.0,0.0,0.0,0.0,1.0,0.0,0.0,0.0,0.0,1.0,0.0,0.0,0.0,0.0,1.0,;
15.0;
matrix;-0.00311,0.99845,0.05564,0.00435,-0.99845,0.0,-0.05573,0.0,-0.05564,-0.05573,0.99689,0.00027,0.0,0.0,0.0,1.0,;
matrix_basis;1.0,-0.0,0.0,0.0,0.0,1.0,0.0,0.0,0.0,0.0,1.0,0.0,0.0,0.0,0.0,1.0,;
80.0;
matrix;-0.00311,0.99845,0.05564,0.00435,-0.99845,0.0,-0.05573,0.0,-0.05564,-0.05573,0.99689,0.00027,0.0,0.0,0.0,1.0,;
matrix_basis;1.0,-0.0,0.0,0.0,0.0,1.0,0.0,0.0,0.0,0.0,1.0,0.0,0.0,0.0,0.0,1.0,;
20.0;
matrix;-0.00311,0.99845,0.05564,0.00435,-0.99845,0.0,-0.05573,0.0,-0.05564,-0.05573,0.99689,0.00027,0.0,0.0,0.0,1.0,;
matrix_basis;1.0,-0.0,0.0,0.0,0.0,1.0,0.0,0.0,0.0,0.0,1.0,0.0,0.0,0.0,0.0,1.0,;
85.0;
matrix;-0.00311,0.99845,0.05564,0.00435,-0.99845,0.0,-0.05573,0.0,-0.05564,-0.05573,0.99689,0.00027,0.0,0.0,0.0,1.0,;
matrix_basis;1.0,-0.0,0.0,0.0,0.0,1.0,0.0,0.0,0.0,0.0,1.0,0.0,0.0,0.0,0.0,1.0,;
25.0;
matrix;-0.00311,0.99845,0.05564,0.00435,-0.99845,0.0,-0.05573,0.0,-0.05564,-0.05573,0.99689,0.00027,0.0,0.0,0.0,1.0,;
matrix_basis;1.0,-0.0,0.0,0.0,0.0,1.0,0.0,0.0,0.0,0.0,1.0,0.0,0.0,0.0,0.0,1.0,;
90.0;
matrix;-0.00311,0.99845,0.05564,0.00435,-0.99845,0.0,-0.05573,0.0,-0.05564,-0.05573,0.99689,0.00027,0.0,0.0,0.0,1.0,;
matrix_basis;1.0,-0.0,0.0,0.0,0.0,1.0,0.0,0.0,0.0,0.0,1.0,0.0,0.0,0.0,0.0,1.0,;
30.0;
matrix;-0.00311,0.99845,0.05564,0.00435,-0.99845,0.0,-0.05573,0.0,-0.05564,-0.05573,0.99689,0.00027,0.0,0.0,0.0,1.0,;
matrix_basis;1.0,-0.0,0.0,0.0,0.0,1.0,0.0,0.0,0.0,0.0,1.0,0.0,0.0,0.0,0.0,1.0,;
95.0;
matrix;-0.00311,0.99845,0.05564,0.00435,-0.99845,0.0,-0.05573,0.0,-0.05564,-0.05573,0.99689,0.00027,0.0,0.0,0.0,1.0,;
matrix_basis;1.0,-0.0,0.0,0.0,0.0,1.0,0.0,0.0,0.0,0.0,1.0,0.0,0.0,0.0,0.0,1.0,;
35.0;
matrix;-0.00311,0.99845,0.05564,0.00435,-0.99845,0.0,-0.05573,0.0,-0.05564,-0.05573,0.99689,0.00027,0.0,0.0,0.0,1.0,;
matrix_basis;1.0,-0.0,0.0,0.0,0.0,1.0,0.0,0.0,0.0,0.0,1.0,0.0,0.0,0.0,0.0,1.0,;
100.0;
matrix;-0.00311,0.99845,0.05564,0.00435,-0.99845,0.0,-0.05573,0.0,-0.05564,-0.05573,0.99689,0.00027,0.0,0.0,0.0,1.0,;
matrix_basis;1.0,-0.0,0.0,0.0,0.0,1.0,0.0,0.0,0.0,0.0,1.0,0.0,0.0,0.0,0.0,1.0,;
40.0;
matrix;-0.00311,0.99845,0.05564,0.00435,-0.99845,0.0,-0.05573,0.0,-0.05564,-0.05573,0.99689,0.00027,0.0,0.0,0.0,1.0,;
matrix_basis;1.0,-0.0,0.0,0.0,0.0,1.0,0.0,0.0,0.0,0.0,1.0,0.0,0.0,0.0,0.0,1.0,;
105.0;
matrix;-0.00311,0.99845,0.05564,0.00435,-0.99845,0.0,-0.05573,0.0,-0.05564,-0.05573,0.99689,0.00027,0.0,0.0,0.0,1.0,;
matrix_basis;1.0,-0.0,0.0,0.0,0.0,1.0,0.0,0.0,0.0,0.0,1.0,0.0,0.0,0.0,0.0,1.0,;
107.0;
matrix;-0.00311,0.99845,0.05564,0.00435,-0.99845,0.0,-0.05573,0.0,-0.05564,-0.05573,0.99689,0.00027,0.0,0.0,0.0,1.0,;
matrix_basis;1.0,-0.0,0.0,0.0,0.0,1.0,0.0,0.0,0.0,0.0,1.0,0.0,0.0,0.0,0.0,1.0,;
45.0;
matrix;-0.00311,0.99845,0.05564,0.00435,-0.99845,0.0,-0.05573,0.0,-0.05564,-0.05573,0.99689,0.00027,0.0,0.0,0.0,1.0,;
matrix_basis;1.0,-0.0,0.0,0.0,0.0,1.0,0.0,0.0,0.0,0.0,1.0,0.0,0.0,0.0,0.0,1.0,;
110.0;
matrix;-0.00311,0.99845,0.05564,0.00435,-0.99845,0.0,-0.05573,0.0,-0.05564,-0.05573,0.99689,0.00027,0.0,0.0,0.0,1.0,;
matrix_basis;1.0,-0.0,0.0,0.0,0.0,1.0,0.0,0.0,0.0,0.0,1.0,0.0,0.0,0.0,0.0,1.0,;
113.0;
matrix;-0.00311,0.99845,0.05564,0.00435,-0.99845,0.0,-0.05573,0.0,-0.05564,-0.05573,0.99689,0.00027,0.0,0.0,0.0,1.0,;
matrix_basis;1.0,-0.0,0.0,0.0,0.0,1.0,0.0,0.0,0.0,0.0,1.0,0.0,0.0,0.0,0.0,1.0,;
50.0;
matrix;-0.00311,0.99845,0.05564,0.00435,-0.99845,0.0,-0.05573,0.0,-0.05564,-0.05573,0.99689,0.00027,0.0,0.0,0.0,1.0,;
matrix_basis;1.0,-0.0,0.0,0.0,0.0,1.0,0.0,0.0,0.0,0.0,1.0,0.0,0.0,0.0,0.0,1.0,;
115.0;
matrix;-0.00311,0.99845,0.05564,0.00435,-0.99845,0.0,-0.05573,0.0,-0.05564,-0.05573,0.99689,0.00027,0.0,0.0,0.0,1.0,;
matrix_basis;1.0,-0.0,0.0,0.0,0.0,1.0,0.0,0.0,0.0,0.0,1.0,0.0,0.0,0.0,0.0,1.0,;
55.0;
matrix;-0.00311,0.99845,0.05564,0.00435,-0.99845,0.0,-0.05573,0.0,-0.05564,-0.05573,0.99689,0.00027,0.0,0.0,0.0,1.0,;
matrix_basis;1.0,-0.0,0.0,0.0,0.0,1.0,0.0,0.0,0.0,0.0,1.0,0.0,0.0,0.0,0.0,1.0,;
60.0;
matrix;-0.00311,0.99845,0.05564,0.00435,-0.99845,0.0,-0.05573,0.0,-0.05564,-0.05573,0.99689,0.00027,0.0,0.0,0.0,1.0,;
matrix_basis;1.0,-0.0,0.0,0.0,0.0,1.0,0.0,0.0,0.0,0.0,1.0,0.0,0.0,0.0,0.0,1.0,;
}
}
anim{
rightLegDownBone;
keys{
25;
0.0;
matrix;0.99997,0.00473,-0.0068,-0.21817,0.0068,0.0,0.99998,0.0,0.00473,-0.99999,-3e-05,-0.4154,0.0,0.0,0.0,1.0,;
matrix_basis;1.0,0.0,0.0,0.0,0.0,1.0,0.0,0.0,0.0,0.0,1.0,0.0,0.0,0.0,0.0,1.0,;
65.0;
matrix;0.99402,-0.10567,0.02752,-0.18031,0.00509,0.2966,0.95499,-0.12966,-0.10908,-0.94914,0.29537,-0.39215,0.0,0.0,0.0,1.0,;
matrix_basis;0.97781,-0.19916,0.06498,0.0,0.19919,0.78774,-0.58292,0.0,0.06491,0.58293,0.80993,0.0,0.0,0.0,0.0,1.0,;
70.0;
matrix;0.99947,-0.0321,0.00464,-0.28886,0.00509,0.2966,0.95499,-0.12966,-0.03203,-0.95446,0.29661,-0.38718,0.0,0.0,0.0,1.0,;
matrix_basis;0.98843,0.14571,-0.04219,0.0,-0.1427,0.79874,-0.58451,0.0,-0.05148,0.58377,0.81029,0.0,0.0,0.0,0.0,1.0,;
10.0;
matrix;0.99947,-0.0321,0.00464,-0.28886,0.00509,0.2966,0.95499,-0.12966,-0.03203,-0.95446,0.29661,-0.38718,0.0,0.0,0.0,1.0,;
matrix_basis;0.98843,0.14571,-0.04219,0.0,-0.1427,0.79874,-0.58451,0.0,-0.05148,0.58377,0.81029,0.0,0.0,0.0,0.0,1.0,;
75.0;
matrix;0.99841,-0.05508,0.01178,-0.26856,0.00509,0.2966,0.95499,-0.12966,-0.0561,-0.95341,0.29641,-0.39049,0.0,0.0,0.0,1.0,;
matrix_basis;0.99724,0.07165,-0.01923,0.0,-0.06926,0.80641,-0.58729,0.0,-0.02657,0.587,0.80915,0.0,0.0,0.0,0.0,1.0,;
15.0;
matrix;0.99947,-0.0321,0.00464,-0.28886,0.00667,0.34328,0.93921,-0.33861,-0.03174,-0.93869,0.34331,-0.21853,0.0,0.0,0.0,1.0,;
matrix_basis;0.98642,0.06772,-0.14962,0.0,-0.16024,0.19714,-0.96719,0.0,-0.036,0.97803,0.20532,0.0,0.0,0.0,0.0,1.0,;
80.0;
matrix;0.99841,-0.05508,0.01178,-0.26856,-0.02114,-0.1724,0.9848,-0.28809,-0.05222,-0.98348,-0.17329,-0.28934,0.0,0.0,0.0,1.0,;
matrix_basis;0.99724,0.07165,-0.01923,0.0,-0.06926,0.80641,-0.58729,0.0,-0.02657,0.587,0.80915,0.0,0.0,0.0,0.0,1.0,;
20.0;
matrix;0.99947,-0.0321,0.00464,-0.28886,0.00509,0.2966,0.95499,-0.12966,-0.03203,-0.95446,0.29661,-0.38718,0.0,0.0,0.0,1.0,;
matrix_basis;0.98843,0.14571,-0.04219,0.0,-0.1427,0.79874,-0.58451,0.0,-0.05148,0.58377,0.81029,0.0,0.0,0.0,0.0,1.0,;
85.0;
matrix;0.99841,-0.05508,0.01178,-0.26856,0.00509,0.2966,0.95499,-0.12966,-0.0561,-0.95341,0.29641,-0.39049,0.0,0.0,0.0,1.0,;
matrix_basis;0.99724,0.07165,-0.01923,0.0,-0.06926,0.80641,-0.58729,0.0,-0.02657,0.587,0.80915,0.0,0.0,0.0,0.0,1.0,;
25.0;
matrix;0.99947,-0.0321,0.00464,-0.28886,0.00472,0.28542,0.95839,-0.0502,-0.03209,-0.95786,0.28542,-0.4058,0.0,0.0,0.0,1.0,;
matrix_basis;0.98843,0.15163,-0.00272,0.0,-0.14011,0.90618,-0.39901,0.0,-0.05804,0.39478,0.91694,0.0,0.0,0.0,0.0,1.0,;
90.0;
matrix;0.98346,0.1714,-0.05848,-0.43497,0.00509,0.2966,0.95499,-0.12966,0.18103,-0.93949,0.29082,-0.32572,0.0,0.0,0.0,1.0,;
matrix_basis;0.70724,0.67644,-0.20552,0.0,-0.66913,0.54666,-0.50342,0.0,-0.22818,0.49356,0.83925,0.0,0.0,0.0,0.0,1.0,;
30.0;
matrix;0.99947,-0.0321,0.00464,-0.28886,0.00509,0.2966,0.95499,-0.12966,-0.03203,-0.95446,0.29661,-0.38718,0.0,0.0,0.0,1.0,;
matrix_basis;0.98843,0.14571,-0.04219,0.0,-0.1427,0.79874,-0.58451,0.0,-0.05148,0.58377,0.81029,0.0,0.0,0.0,0.0,1.0,;
95.0;
matrix;0.99841,-0.05508,0.01178,-0.26856,0.00509,0.2966,0.95499,-0.12966,-0.0561,-0.95341,0.29641,-0.39049,0.0,0.0,0.0,1.0,;
matrix_basis;0.99724,0.07165,-0.01923,0.0,-0.06926,0.80641,-0.58729,0.0,-0.02657,0.587,0.80915,0.0,0.0,0.0,0.0,1.0,;
35.0;
matrix;0.99559,0.08797,-0.03263,-0.17723,0.00509,0.2966,0.95499,-0.12966,0.09369,-0.95094,0.29484,-0.39184,0.0,0.0,0.0,1.0,;
matrix_basis;0.99987,-0.01449,0.00751,0.0,0.01613,0.80843,-0.58837,0.0,0.00245,0.58841,0.80856,0.0,0.0,0.0,0.0,1.0,;
100.0;
matrix;0.87796,-0.45849,0.13772,-0.42554,0.00509,0.2966,0.95499,-0.12966,-0.4787,-0.83775,0.26274,-0.33206,0.0,0.0,0.0,1.0,;
matrix_basis;0.99724,0.07165,-0.01923,0.0,-0.06926,0.80641,-0.58729,0.0,-0.02657,0.587,0.80915,0.0,0.0,0.0,0.0,1.0,;
40.0;
matrix;0.99947,-0.0321,0.00464,-0.28886,0.00509,0.2966,0.95499,-0.12966,-0.03203,-0.95446,0.29661,-0.38718,0.0,0.0,0.0,1.0,;
matrix_basis;0.98843,0.14571,-0.04219,0.0,-0.1427,0.79874,-0.58451,0.0,-0.05148,0.58377,0.81029,0.0,0.0,0.0,0.0,1.0,;
105.0;
matrix;0.99841,-0.05508,0.01178,-0.26856,0.00509,0.2966,0.95499,-0.12966,-0.0561,-0.95341,0.29641,-0.39049,0.0,0.0,0.0,1.0,;
matrix_basis;0.99724,0.07165,-0.01923,0.0,-0.06926,0.80641,-0.58729,0.0,-0.02657,0.587,0.80915,0.0,0.0,0.0,0.0,1.0,;
107.0;
matrix;0.87955,0.45305,-0.1454,-0.48604,0.00509,0.2966,0.95499,-0.12966,0.47578,-0.8407,0.25857,-0.28313,0.0,0.0,0.0,1.0,;
matrix_basis;0.29276,0.91506,-0.27742,0.0,-0.90613,0.17286,-0.38606,0.0,-0.30531,0.3644,0.87977,0.0,0.0,0.0,0.0,1.0,;
45.0;
matrix;0.98926,0.13798,-0.04813,-0.46457,0.00509,0.2966,0.95499,-0.12966,0.14604,-0.94498,0.29271,-0.3029,0.0,0.0,0.0,1.0,;
matrix_basis;0.66162,0.71745,-0.21801,0.0,-0.70984,0.50557,-0.49044,0.0,-0.24164,0.47924,0.84377,0.0,0.0,0.0,0.0,1.0,;
110.0;
matrix;0.87955,0.45305,-0.1454,-0.48604,0.00509,0.2966,0.95499,-0.12966,0.47578,-0.8407,0.25857,-0.28313,0.0,0.0,0.0,1.0,;
matrix_basis;0.29276,0.91506,-0.27742,0.0,-0.90613,0.17286,-0.38606,0.0,-0.30531,0.3644,0.87977,0.0,0.0,0.0,0.0,1.0,;
113.0;
matrix;0.99885,-0.04707,0.00929,-0.16607,0.00509,0.2966,0.95499,-0.12966,-0.04771,-0.95384,0.2965,-0.39049,0.0,0.0,0.0,1.0,;
matrix_basis;0.98255,-0.17674,0.05799,0.0,0.17696,0.79211,-0.58416,0.0,0.05731,0.58423,0.80956,0.0,0.0,0.0,0.0,1.0,;
50.0;
matrix;0.99947,-0.0321,0.00464,-0.28886,0.00509,0.2966,0.95499,-0.12966,-0.03203,-0.95446,0.29661,-0.38718,0.0,0.0,0.0,1.0,;
matrix_basis;0.98843,0.14571,-0.04219,0.0,-0.1427,0.79874,-0.58451,0.0,-0.05148,0.58377,0.81029,0.0,0.0,0.0,0.0,1.0,;
115.0;
matrix;0.99947,-0.0321,0.00464,-0.28886,0.00509,0.2966,0.95499,-0.12966,-0.03203,-0.95446,0.29661,-0.38718,0.0,0.0,0.0,1.0,;
matrix_basis;0.98843,0.14571,-0.04219,0.0,-0.1427,0.79874,-0.58451,0.0,-0.05148,0.58377,0.81029,0.0,0.0,0.0,0.0,1.0,;
55.0;
matrix;0.79157,0.15696,0.59057,-0.35344,-0.61023,0.2537,0.7505,-0.05832,-0.03203,-0.95446,0.29661,-0.38718,0.0,0.0,0.0,1.0,;
matrix_basis;0.98843,0.14571,-0.04219,0.0,-0.1427,0.79874,-0.58451,0.0,-0.05148,0.58377,0.81029,0.0,0.0,0.0,0.0,1.0,;
60.0;
matrix;0.99947,-0.0321,0.00464,-0.28886,0.00509,0.2966,0.95499,-0.12966,-0.03203,-0.95446,0.29661,-0.38718,0.0,0.0,0.0,1.0,;
matrix_basis;0.98843,0.14571,-0.04219,0.0,-0.1427,0.79874,-0.58451,0.0,-0.05148,0.58377,0.81029,0.0,0.0,0.0,0.0,1.0,;
}
}
anim{
doBone;
keys{
25;
0.0;
matrix;1.0,0.0,0.0,0.0,0.0,0.0,-1.0,0.0,0.0,1.0,0.0,0.0,0.0,0.0,0.0,1.0,;
matrix_basis;1.0,0.0,0.0,0.0,0.0,1.0,0.0,0.0,0.0,0.0,1.0,0.0,0.0,0.0,0.0,1.0,;
65.0;
matrix;1.0,0.0,0.0,0.0,0.0,0.0,-1.0,0.0,0.0,1.0,0.0,0.0,0.0,0.0,0.0,1.0,;
matrix_basis;1.0,0.0,0.0,0.0,0.0,1.0,0.0,0.0,0.0,0.0,1.0,0.0,0.0,0.0,0.0,1.0,;
70.0;
matrix;1.0,0.0,0.0,0.0,0.0,0.0,-1.0,0.0,0.0,1.0,0.0,0.0,0.0,0.0,0.0,1.0,;
matrix_basis;1.0,0.0,0.0,0.0,0.0,1.0,0.0,0.0,0.0,0.0,1.0,0.0,0.0,0.0,0.0,1.0,;
10.0;
matrix;1.0,0.0,0.0,0.0,0.0,0.0,-1.0,0.0,0.0,1.0,0.0,0.0,0.0,0.0,0.0,1.0,;
matrix_basis;1.0,0.0,0.0,0.0,0.0,1.0,0.0,0.0,0.0,0.0,1.0,0.0,0.0,0.0,0.0,1.0,;
75.0;
matrix;1.0,0.0,0.0,0.0,0.0,0.0,-1.0,0.0,0.0,1.0,0.0,0.0,0.0,0.0,0.0,1.0,;
matrix_basis;1.0,0.0,0.0,0.0,0.0,1.0,0.0,0.0,0.0,0.0,1.0,0.0,0.0,0.0,0.0,1.0,;
15.0;
matrix;1.0,0.0,0.0,0.0,0.0,0.0,-1.0,0.0,0.0,1.0,0.0,0.0,0.0,0.0,0.0,1.0,;
matrix_basis;1.0,0.0,0.0,0.0,0.0,1.0,0.0,0.0,0.0,0.0,1.0,0.0,0.0,0.0,0.0,1.0,;
80.0;
matrix;1.0,0.0,0.0,0.0,0.0,0.0,-1.0,0.0,0.0,1.0,0.0,0.0,0.0,0.0,0.0,1.0,;
matrix_basis;1.0,0.0,0.0,0.0,0.0,1.0,0.0,0.0,0.0,0.0,1.0,0.0,0.0,0.0,0.0,1.0,;
20.0;
matrix;1.0,0.0,0.0,0.0,0.0,0.0,-1.0,0.0,0.0,1.0,0.0,0.0,0.0,0.0,0.0,1.0,;
matrix_basis;1.0,0.0,0.0,0.0,0.0,1.0,0.0,0.0,0.0,0.0,1.0,0.0,0.0,0.0,0.0,1.0,;
85.0;
matrix;1.0,0.0,0.0,0.0,0.0,0.0,-1.0,0.0,0.0,1.0,0.0,0.0,0.0,0.0,0.0,1.0,;
matrix_basis;1.0,0.0,0.0,0.0,0.0,1.0,0.0,0.0,0.0,0.0,1.0,0.0,0.0,0.0,0.0,1.0,;
25.0;
matrix;1.0,0.0,0.0,0.0,0.0,0.0,-1.0,0.0,0.0,1.0,0.0,0.0,0.0,0.0,0.0,1.0,;
matrix_basis;1.0,0.0,0.0,0.0,0.0,1.0,0.0,0.0,0.0,0.0,1.0,0.0,0.0,0.0,0.0,1.0,;
90.0;
matrix;1.0,0.0,0.0,0.0,0.0,0.0,-1.0,0.0,0.0,1.0,0.0,0.0,0.0,0.0,0.0,1.0,;
matrix_basis;1.0,0.0,0.0,0.0,0.0,1.0,0.0,0.0,0.0,0.0,1.0,0.0,0.0,0.0,0.0,1.0,;
30.0;
matrix;1.0,0.0,0.0,0.0,0.0,0.0,-1.0,0.0,0.0,1.0,0.0,0.0,0.0,0.0,0.0,1.0,;
matrix_basis;1.0,0.0,0.0,0.0,0.0,1.0,0.0,0.0,0.0,0.0,1.0,0.0,0.0,0.0,0.0,1.0,;
95.0;
matrix;1.0,0.0,0.0,0.0,0.0,0.0,-1.0,0.0,0.0,1.0,0.0,0.0,0.0,0.0,0.0,1.0,;
matrix_basis;1.0,0.0,0.0,0.0,0.0,1.0,0.0,0.0,0.0,0.0,1.0,0.0,0.0,0.0,0.0,1.0,;
35.0;
matrix;1.0,0.0,0.0,0.0,0.0,0.0,-1.0,0.0,0.0,1.0,0.0,0.0,0.0,0.0,0.0,1.0,;
matrix_basis;1.0,0.0,0.0,0.0,0.0,1.0,0.0,0.0,0.0,0.0,1.0,0.0,0.0,0.0,0.0,1.0,;
100.0;
matrix;1.0,0.0,0.0,0.0,0.0,0.0,-1.0,0.0,0.0,1.0,0.0,0.0,0.0,0.0,0.0,1.0,;
matrix_basis;1.0,0.0,0.0,0.0,0.0,1.0,0.0,0.0,0.0,0.0,1.0,0.0,0.0,0.0,0.0,1.0,;
40.0;
matrix;1.0,0.0,0.0,0.0,0.0,0.0,-1.0,0.0,0.0,1.0,0.0,0.0,0.0,0.0,0.0,1.0,;
matrix_basis;1.0,0.0,0.0,0.0,0.0,1.0,0.0,0.0,0.0,0.0,1.0,0.0,0.0,0.0,0.0,1.0,;
105.0;
matrix;1.0,0.0,0.0,0.0,0.0,0.0,-1.0,0.0,0.0,1.0,0.0,0.0,0.0,0.0,0.0,1.0,;
matrix_basis;1.0,0.0,0.0,0.0,0.0,1.0,0.0,0.0,0.0,0.0,1.0,0.0,0.0,0.0,0.0,1.0,;
107.0;
matrix;1.0,0.0,0.0,0.0,0.0,0.0,-1.0,0.0,0.0,1.0,0.0,0.0,0.0,0.0,0.0,1.0,;
matrix_basis;1.0,0.0,0.0,0.0,0.0,1.0,0.0,0.0,0.0,0.0,1.0,0.0,0.0,0.0,0.0,1.0,;
45.0;
matrix;1.0,0.0,0.0,0.0,0.0,0.0,-1.0,0.0,0.0,1.0,0.0,0.0,0.0,0.0,0.0,1.0,;
matrix_basis;1.0,0.0,0.0,0.0,0.0,1.0,0.0,0.0,0.0,0.0,1.0,0.0,0.0,0.0,0.0,1.0,;
110.0;
matrix;1.0,0.0,0.0,0.0,0.0,0.0,-1.0,0.0,0.0,1.0,0.0,0.0,0.0,0.0,0.0,1.0,;
matrix_basis;1.0,0.0,0.0,0.0,0.0,1.0,0.0,0.0,0.0,0.0,1.0,0.0,0.0,0.0,0.0,1.0,;
113.0;
matrix;1.0,0.0,0.0,0.0,0.0,0.0,-1.0,0.0,0.0,1.0,0.0,0.0,0.0,0.0,0.0,1.0,;
matrix_basis;1.0,0.0,0.0,0.0,0.0,1.0,0.0,0.0,0.0,0.0,1.0,0.0,0.0,0.0,0.0,1.0,;
50.0;
matrix;1.0,0.0,0.0,0.0,0.0,0.0,-1.0,0.0,0.0,1.0,0.0,0.0,0.0,0.0,0.0,1.0,;
matrix_basis;1.0,0.0,0.0,0.0,0.0,1.0,0.0,0.0,0.0,0.0,1.0,0.0,0.0,0.0,0.0,1.0,;
115.0;
matrix;1.0,0.0,0.0,0.0,0.0,0.0,-1.0,0.0,0.0,1.0,0.0,0.0,0.0,0.0,0.0,1.0,;
matrix_basis;1.0,0.0,0.0,0.0,0.0,1.0,0.0,0.0,0.0,0.0,1.0,0.0,0.0,0.0,0.0,1.0,;
55.0;
matrix;1.0,0.0,0.0,0.0,0.0,0.0,-1.0,0.0,0.0,1.0,0.0,0.0,0.0,0.0,0.0,1.0,;
matrix_basis;1.0,0.0,0.0,0.0,0.0,1.0,0.0,0.0,0.0,0.0,1.0,0.0,0.0,0.0,0.0,1.0,;
60.0;
matrix;1.0,0.0,0.0,0.0,0.0,0.0,-1.0,0.0,0.0,1.0,0.0,0.0,0.0,0.0,0.0,1.0,;
matrix_basis;1.0,0.0,0.0,0.0,0.0,1.0,0.0,0.0,0.0,0.0,1.0,0.0,0.0,0.0,0.0,1.0,;
}
}
anim{
leftLegDownBone;
keys{
25;
0.0;
matrix;0.9995,0.03083,-0.00671,0.21546,0.00672,-0.00011,0.99998,-4e-05,0.03083,-0.99952,-0.00031,-0.41739,0.0,0.0,0.0,1.0,;
matrix_basis;1.0,0.0,0.0,0.0,0.0,1.0,0.0,0.0,0.0,0.0,1.0,0.0,0.0,0.0,0.0,1.0,;
65.0;
matrix;0.45446,-0.13302,-0.88078,0.37561,0.88871,0.13481,0.4382,-0.01417,0.06045,-0.9819,0.17948,-0.38506,0.0,0.0,0.0,1.0,;
matrix_basis;0.99152,-0.12389,0.03931,0.0,0.12608,0.84309,-0.52278,0.0,0.03162,0.5233,0.85156,0.0,0.0,0.0,0.0,1.0,;
70.0;
matrix;0.99817,0.05927,-0.01191,0.27704,0.00106,0.17987,0.98369,-0.14714,0.06045,-0.9819,0.17948,-0.38506,0.0,0.0,0.0,1.0,;
matrix_basis;0.99152,-0.12389,0.03932,0.0,0.12608,0.84309,-0.52278,0.0,0.03162,0.5233,0.85156,0.0,0.0,0.0,0.0,1.0,;
10.0;
matrix;0.99817,0.05927,-0.01191,0.27704,0.00106,0.17987,0.98369,-0.14714,0.06045,-0.9819,0.17948,-0.38506,0.0,0.0,0.0,1.0,;
matrix_basis;0.99152,-0.12389,0.03932,0.0,0.12608,0.84309,-0.52278,0.0,0.03162,0.5233,0.85156,0.0,0.0,0.0,0.0,1.0,;
75.0;
matrix;0.99967,0.02492,-0.00563,0.25223,0.00106,0.17987,0.98369,-0.14714,0.02553,-0.98337,0.17979,-0.38817,0.0,0.0,0.0,1.0,;
matrix_basis;0.99505,-0.09342,0.03374,0.0,0.09723,0.84654,-0.52338,0.0,0.02033,0.52407,0.85143,0.0,0.0,0.0,0.0,1.0,;
15.0;
matrix;0.99817,0.05927,-0.01191,0.27704,0.00331,0.14319,0.98969,0.00286,0.06036,-0.98792,0.14273,-0.41299,0.0,0.0,0.0,1.0,;
matrix_basis;0.99087,-0.12889,-0.03946,0.0,0.12237,0.98289,-0.1377,0.0,0.05653,0.13161,0.98969,0.0,0.0,0.0,0.0,1.0,;
80.0;
matrix;0.99967,0.02492,-0.00563,0.25223,-0.0144,0.73157,0.68161,0.10687,0.02111,-0.68131,0.73169,-0.40152,0.0,0.0,0.0,1.0,;
matrix_basis;0.99505,-0.09342,0.03374,0.0,0.09723,0.84654,-0.52338,0.0,0.02033,0.52407,0.85143,0.0,0.0,0.0,0.0,1.0,;
20.0;
matrix;0.99817,0.05927,-0.01191,0.27704,0.00106,0.17987,0.98369,-0.14714,0.06045,-0.9819,0.17948,-0.38506,0.0,0.0,0.0,1.0,;
matrix_basis;0.99152,-0.12389,0.03931,0.0,0.12608,0.84309,-0.52278,0.0,0.03162,0.5233,0.85156,0.0,0.0,0.0,0.0,1.0,;
85.0;
matrix;0.99967,0.02492,-0.00563,0.25223,0.00106,0.17987,0.98369,-0.14714,0.02553,-0.98337,0.17979,-0.38817,0.0,0.0,0.0,1.0,;
matrix_basis;0.99505,-0.09342,0.03374,0.0,0.09723,0.84654,-0.52338,0.0,0.02033,0.52407,0.85143,0.0,0.0,0.0,0.0,1.0,;
25.0;
matrix;0.99817,0.05927,-0.01191,0.27704,-0.00634,0.29854,0.95438,-0.34708,0.06012,-0.95255,0.29837,-0.21322,0.0,0.0,0.0,1.0,;
matrix_basis;0.98751,-0.03341,0.15396,0.0,0.15753,0.22529,-0.96147,0.0,-0.00257,0.97372,0.22774,0.0,0.0,0.0,0.0,1.0,;
90.0;
matrix;0.77909,0.61654,-0.11357,0.40743,0.00106,0.17987,0.98369,-0.14714,0.62691,-0.7665,0.13949,-0.33862,0.0,0.0,0.0,1.0,;
matrix_basis;0.99272,0.12036,-0.00535,0.0,-0.10536,0.84578,-0.52302,0.0,-0.05843,0.51978,0.8523,0.0,0.0,0.0,0.0,1.0,;
30.0;
matrix;0.99817,0.05927,-0.01191,0.27704,0.00106,0.17987,0.98369,-0.14714,0.06045,-0.9819,0.17948,-0.38506,0.0,0.0,0.0,1.0,;
matrix_basis;0.99152,-0.12389,0.03932,0.0,0.12608,0.84309,-0.52278,0.0,0.03162,0.5233,0.85156,0.0,0.0,0.0,0.0,1.0,;
95.0;
matrix;0.99967,0.02492,-0.00563,0.25223,0.00106,0.17987,0.98369,-0.14714,0.02553,-0.98337,0.17979,-0.38817,0.0,0.0,0.0,1.0,;
matrix_basis;0.99505,-0.09342,0.03374,0.0,0.09723,0.84654,-0.52338,0.0,0.02033,0.52407,0.85143,0.0,0.0,0.0,0.0,1.0,;
35.0;
matrix;0.98885,-0.14665,0.02575,0.44214,0.00106,0.17987,0.98369,-0.14714,-0.14889,-0.9727,0.17802,-0.31582,0.0,0.0,0.0,1.0,;
matrix_basis;0.68414,-0.71426,0.1476,0.0,0.6836,0.55742,-0.47114,0.0,0.25424,0.42323,0.86962,0.0,0.0,0.0,0.0,1.0,;
100.0;
matrix;0.9722,-0.2305,0.0411,0.44312,0.00106,0.17987,0.98369,-0.14714,-0.23414,-0.9563,0.17512,-0.3151,0.0,0.0,0.0,1.0,;
matrix_basis;0.61576,-0.77189,0.15821,0.0,0.73779,0.49434,-0.45967,0.0,0.2766,0.39977,0.87389,0.0,0.0,0.0,0.0,1.0,;
40.0;
matrix;0.99817,0.05927,-0.01191,0.27704,0.00106,0.17987,0.98369,-0.14714,0.06045,-0.9819,0.17948,-0.38506,0.0,0.0,0.0,1.0,;
matrix_basis;0.99152,-0.12389,0.03932,0.0,0.12608,0.84309,-0.52278,0.0,0.03162,0.5233,0.85156,0.0,0.0,0.0,0.0,1.0,;
105.0;
matrix;0.99967,0.02492,-0.00563,0.25223,0.00106,0.17987,0.98369,-0.14714,0.02553,-0.98337,0.17979,-0.38817,0.0,0.0,0.0,1.0,;
matrix_basis;0.99505,-0.09342,0.03374,0.0,0.09723,0.84654,-0.52338,0.0,0.02033,0.52407,0.85143,0.0,0.0,0.0,0.0,1.0,;
107.0;
matrix;0.89602,-0.43693,0.07893,0.48674,0.00106,0.17987,0.98369,-0.14714,-0.44401,-0.88132,0.16163,-0.27717,0.0,0.0,0.0,1.0,;
matrix_basis;0.28276,-0.94031,0.18936,0.0,0.89534,0.18792,-0.4038,0.0,0.34412,0.28372,0.89503,0.0,0.0,0.0,0.0,1.0,;
45.0;
matrix;0.98931,-0.14364,0.0252,0.13223,0.00106,0.17987,0.98369,-0.14714,-0.14583,-0.97315,0.1781,-0.38003,0.0,0.0,0.0,1.0,;
matrix_basis;0.99865,0.05151,0.00723,0.0,-0.04008,0.85077,-0.52401,0.0,-0.03314,0.52301,0.85168,0.0,0.0,0.0,0.0,1.0,;
110.0;
matrix;0.89602,-0.43693,0.07893,0.48674,0.00106,0.17987,0.98369,-0.14714,-0.44401,-0.88132,0.16163,-0.27717,0.0,0.0,0.0,1.0,;
matrix_basis;0.28276,-0.94031,0.18936,0.0,0.89534,0.18792,-0.4038,0.0,0.34412,0.28372,0.89503,0.0,0.0,0.0,0.0,1.0,;
113.0;
matrix;0.99974,-0.0224,0.00302,0.13783,0.00106,0.17987,0.98369,-0.14714,-0.02257,-0.98343,0.17985,-0.38128,0.0,0.0,0.0,1.0,;
matrix_basis;0.98741,0.1577,-0.01217,0.0,-0.14078,0.84116,-0.52214,0.0,-0.0721,0.51728,0.85277,0.0,0.0,0.0,0.0,1.0,;
50.0;
matrix;0.99817,0.05927,-0.01191,0.27704,0.00106,0.17987,0.98369,-0.14714,0.06045,-0.9819,0.17948,-0.38506,0.0,0.0,0.0,1.0,;
matrix_basis;0.99152,-0.12389,0.03932,0.0,0.12608,0.84309,-0.52278,0.0,0.03162,0.5233,0.85156,0.0,0.0,0.0,0.0,1.0,;
115.0;
matrix;0.99817,0.05927,-0.01191,0.27704,0.00106,0.17987,0.98369,-0.14714,0.06045,-0.9819,0.17948,-0.38506,0.0,0.0,0.0,1.0,;
matrix_basis;0.99152,-0.12389,0.03932,0.0,0.12608,0.84309,-0.52278,0.0,0.03162,0.5233,0.85156,0.0,0.0,0.0,0.0,1.0,;
55.0;
matrix;0.99973,-0.02299,0.00313,0.15871,0.00106,0.17987,0.98369,-0.14714,-0.02317,-0.98342,0.17985,-0.38517,0.0,0.0,0.0,1.0,;
matrix_basis;0.99475,0.10234,-0.00206,0.0,-0.08828,0.84753,-0.52336,0.0,-0.05182,0.52079,0.85211,0.0,0.0,0.0,0.0,1.0,;
60.0;
matrix;0.99817,0.05927,-0.01191,0.27704,0.00106,0.17987,0.98369,-0.14714,0.06045,-0.9819,0.17948,-0.38506,0.0,0.0,0.0,1.0,;
matrix_basis;0.99152,-0.12389,0.03932,0.0,0.12608,0.84309,-0.52278,0.0,0.03162,0.5233,0.85156,0.0,0.0,0.0,0.0,1.0,;
}
}
anim{
modoruBone;
keys{
25;
0.0;
matrix;0.9998,0.01428,-0.01428,0.0,0.01428,0.0,0.9999,0.0,0.01428,-0.9999,-0.0002,0.30453,0.0,0.0,0.0,1.0,;
matrix_basis;1.0,-0.0,0.0,0.0,0.0,1.0,0.0,0.0,0.0,0.0,1.0,0.0,0.0,0.0,0.0,1.0,;
65.0;
matrix;0.9998,0.01428,-0.01428,0.0,0.01428,0.0,0.9999,0.0,0.01428,-0.9999,-0.0002,0.30453,0.0,0.0,0.0,1.0,;
matrix_basis;1.0,-0.0,0.0,0.0,0.0,1.0,0.0,0.0,0.0,0.0,1.0,0.0,0.0,0.0,0.0,1.0,;
70.0;
matrix;0.9998,0.01428,-0.01428,0.0,0.01428,0.0,0.9999,0.0,0.01428,-0.9999,-0.0002,0.30453,0.0,0.0,0.0,1.0,;
matrix_basis;1.0,-0.0,0.0,0.0,0.0,1.0,0.0,0.0,0.0,0.0,1.0,0.0,0.0,0.0,0.0,1.0,;
10.0;
matrix;0.9998,0.01428,-0.01428,0.0,0.01428,0.0,0.9999,0.0,0.01428,-0.9999,-0.0002,0.30453,0.0,0.0,0.0,1.0,;
matrix_basis;1.0,-0.0,0.0,0.0,0.0,1.0,0.0,0.0,0.0,0.0,1.0,0.0,0.0,0.0,0.0,1.0,;
75.0;
matrix;0.9998,0.01428,-0.01428,0.0,0.01428,0.0,0.9999,0.0,0.01428,-0.9999,-0.0002,0.30453,0.0,0.0,0.0,1.0,;
matrix_basis;1.0,-0.0,0.0,0.0,0.0,1.0,0.0,0.0,0.0,0.0,1.0,0.0,0.0,0.0,0.0,1.0,;
15.0;
matrix;0.9998,0.01428,-0.01428,0.0,0.01428,0.0,0.9999,0.0,0.01428,-0.9999,-0.0002,0.30453,0.0,0.0,0.0,1.0,;
matrix_basis;1.0,-0.0,0.0,0.0,0.0,1.0,0.0,0.0,0.0,0.0,1.0,0.0,0.0,0.0,0.0,1.0,;
80.0;
matrix;0.9998,0.01428,-0.01428,0.0,0.01428,0.0,0.9999,0.0,0.01428,-0.9999,-0.0002,0.30453,0.0,0.0,0.0,1.0,;
matrix_basis;1.0,-0.0,0.0,0.0,0.0,1.0,0.0,0.0,0.0,0.0,1.0,0.0,0.0,0.0,0.0,1.0,;
20.0;
matrix;0.9998,0.01428,-0.01428,0.0,0.01428,0.0,0.9999,0.0,0.01428,-0.9999,-0.0002,0.30453,0.0,0.0,0.0,1.0,;
matrix_basis;1.0,-0.0,0.0,0.0,0.0,1.0,0.0,0.0,0.0,0.0,1.0,0.0,0.0,0.0,0.0,1.0,;
85.0;
matrix;0.9998,0.01428,-0.01428,0.0,0.01428,0.0,0.9999,0.0,0.01428,-0.9999,-0.0002,0.30453,0.0,0.0,0.0,1.0,;
matrix_basis;1.0,-0.0,0.0,0.0,0.0,1.0,0.0,0.0,0.0,0.0,1.0,0.0,0.0,0.0,0.0,1.0,;
25.0;
matrix;0.9998,0.01428,-0.01428,0.0,0.01428,0.0,0.9999,0.0,0.01428,-0.9999,-0.0002,0.30453,0.0,0.0,0.0,1.0,;
matrix_basis;1.0,-0.0,0.0,0.0,0.0,1.0,0.0,0.0,0.0,0.0,1.0,0.0,0.0,0.0,0.0,1.0,;
90.0;
matrix;0.9998,0.01428,-0.01428,0.0,0.01428,0.0,0.9999,0.0,0.01428,-0.9999,-0.0002,0.30453,0.0,0.0,0.0,1.0,;
matrix_basis;1.0,-0.0,0.0,0.0,0.0,1.0,0.0,0.0,0.0,0.0,1.0,0.0,0.0,0.0,0.0,1.0,;
30.0;
matrix;0.9998,0.01428,-0.01428,0.0,0.01428,0.0,0.9999,0.0,0.01428,-0.9999,-0.0002,0.30453,0.0,0.0,0.0,1.0,;
