animsets{
22;
anim{
migiSakotuBone;
keys{
8;
1.0;
matrix;-0.32681,-0.93545,0.13463,0.0,0.93545,-0.29989,0.18708,0.18795,-0.13463,0.18708,0.97307,6.43428,0.0,0.0,0.0,1.0,;
matrix_basis;1.0,-0.0,0.0,0.0,0.0,1.0,0.0,0.0,0.0,0.0,1.0,0.0,0.0,0.0,0.0,1.0,;
2.0;
matrix;-0.32681,-0.93545,0.13463,0.24943,0.94463,-0.31886,0.07753,-0.14518,-0.02959,0.15251,0.98786,5.2922,0.0,0.0,0.0,1.0,;
matrix_basis;1.0,-0.0,0.0,0.0,0.0,1.0,0.0,0.0,0.0,0.0,1.0,0.0,0.0,0.0,0.0,1.0,;
20.0;
matrix;-0.32681,-0.93545,0.13463,-0.04923,0.93545,-0.29989,0.18708,-0.06881,-0.13463,0.18708,0.97307,5.84251,0.0,0.0,0.0,1.0,;
matrix_basis;1.0,0.0,0.0,0.0,-0.0,1.0,0.0,0.0,0.0,0.0,1.0,0.0,0.0,0.0,0.0,1.0,;
40.0;
matrix;-0.32681,-0.93545,0.13463,-0.0,0.93545,-0.29989,0.18708,0.26799,-0.13463,0.18708,0.97307,6.19382,0.0,0.0,0.0,1.0,;
matrix_basis;1.0,-0.0,0.0,0.0,0.0,1.0,0.0,0.0,0.0,0.0,1.0,0.0,0.0,0.0,0.0,1.0,;
8.0;
matrix;0.9238,-0.33151,0.19155,0.18784,0.35842,0.92472,-0.1282,0.00639,-0.13463,0.18708,0.97307,5.79628,0.0,0.0,0.0,1.0,;
matrix_basis;1.0,-0.0,0.0,0.0,0.0,1.0,0.0,0.0,0.0,0.0,1.0,0.0,0.0,0.0,0.0,1.0,;
12.0;
matrix;-0.32681,-0.93545,0.13463,0.24943,0.94463,-0.31886,0.07753,-0.14518,-0.02959,0.15251,0.98786,5.2922,0.0,0.0,0.0,1.0,;
matrix_basis;1.0,-0.0,0.0,0.0,0.0,1.0,0.0,0.0,0.0,0.0,1.0,0.0,0.0,0.0,0.0,1.0,;
18.0;
matrix;-0.9405,0.28507,-0.18493,-0.18792,-0.31199,-0.94007,0.13757,0.00297,-0.13463,0.18708,0.97307,5.12285,0.0,0.0,0.0,1.0,;
matrix_basis;1.0,0.0,0.0,0.0,-0.0,1.0,0.0,0.0,0.0,0.0,1.0,0.0,0.0,0.0,0.0,1.0,;
30.0;
matrix;-0.32681,-0.93545,0.13463,0.24943,0.94463,-0.31886,0.07753,-0.14518,-0.02959,0.15251,0.98786,5.2922,0.0,0.0,0.0,1.0,;
matrix_basis;1.0,-0.0,0.0,0.0,0.0,1.0,0.0,0.0,0.0,0.0,1.0,0.0,0.0,0.0,0.0,1.0,;
}
}
anim{
migiArmBone;
keys{
8;
1.0;
matrix;0.13905,-0.96372,-0.22783,-0.58624,0.9663,0.18237,-0.18165,1e-05,0.21661,-0.1949,0.95661,6.55152,0.0,0.0,0.0,1.0,;
matrix_basis;1.0,0.0,0.0,0.0,0.0,1.0,0.0,0.0,0.0,0.0,1.0,0.0,0.0,0.0,0.0,1.0,;
2.0;
matrix;0.13905,-0.96372,-0.22783,-0.33681,0.93616,0.20295,-0.28708,-0.34501,0.3229,-0.17337,0.93042,5.38778,0.0,0.0,0.0,1.0,;
matrix_basis;1.0,0.0,0.0,0.0,-0.0,1.0,0.0,0.0,0.0,-0.0,1.0,0.0,0.0,0.0,0.0,1.0,;
20.0;
matrix;0.29524,-0.05939,-0.95358,-0.63547,0.66115,0.7332,0.15904,-0.25675,0.68972,-0.67742,0.25573,5.95976,0.0,0.0,0.0,1.0,;
matrix_basis;0.82933,0.5535,0.07647,0.0,-0.29837,0.32298,0.89814,0.0,0.47242,-0.76768,0.433,0.0,0.0,0.0,0.0,1.0,;
40.0;
matrix;-0.98174,-0.12151,0.14636,-0.58624,0.08457,-0.96798,-0.23633,0.08005,0.17039,-0.21964,0.96059,6.31106,0.0,0.0,0.0,1.0,;
matrix_basis;-0.01788,-0.99984,6e-05,0.0,0.92834,-0.01663,-0.37136,0.0,0.37131,-0.00659,0.92849,0.0,0.0,0.0,0.0,1.0,;
8.0;
matrix;0.97047,0.14951,-0.18929,-0.01992,0.09988,0.46524,0.87953,0.5859,0.21957,-0.87247,0.43657,5.91353,0.0,0.0,0.0,1.0,;
matrix_basis;0.97878,-0.09327,-0.18248,0.0,0.19912,0.64338,0.7392,0.0,0.04846,-0.75984,0.6483,0.0,0.0,0.0,0.0,1.0,;
12.0;
matrix;-0.25163,-0.18348,-0.95027,-0.33681,0.76906,0.55818,-0.31142,-0.34501,0.58756,-0.80918,0.00066,5.38778,0.0,0.0,0.0,1.0,;
matrix_basis;0.8747,0.23574,-0.42347,0.0,0.29671,0.43039,0.85248,0.0,0.38322,-0.87131,0.30652,0.0,0.0,0.0,0.0,1.0,;
18.0;
matrix;-0.05424,0.97595,0.21112,-0.00927,-0.97475,-0.09762,0.20083,-0.58617,0.21661,-0.1949,0.95661,5.24009,0.0,0.0,0.0,1.0,;
matrix_basis;-0.0512,-0.99809,0.03468,0.0,0.90496,-0.06106,-0.4211,0.0,0.42241,0.00983,0.90635,0.0,0.0,0.0,0.0,1.0,;
30.0;
matrix;0.13905,-0.96372,-0.22783,-0.33681,0.93616,0.20295,-0.28708,-0.34501,0.3229,-0.17337,0.93042,5.38778,0.0,0.0,0.0,1.0,;
matrix_basis;1.0,0.0,-0.0,0.0,-0.0,1.0,0.0,0.0,0.0,0.0,1.0,0.0,0.0,0.0,0.0,1.0,;
}
}
anim{
migiFootBone;
keys{
8;
1.0;
matrix;0.99951,-0.02222,0.02221,-1.11385,-0.02222,0.0,0.99975,-0.00031,-0.02221,-0.99975,-0.00049,-1.75351,0.0,0.0,0.0,1.0,;
matrix_basis;1.0,-0.0,0.0,0.0,0.0,1.0,0.0,0.0,0.0,0.0,1.0,0.0,0.0,0.0,0.0,1.0,;
2.0;
matrix;0.99847,-0.05067,0.02218,-2.6797,-0.02043,0.03489,0.99918,-0.62898,-0.0514,-0.99811,0.0338,-1.58631,0.0,0.0,0.0,1.0,;
matrix_basis;0.99864,-0.05222,1e-05,0.0,0.05217,0.99764,-0.04474,0.0,0.00233,0.04468,0.999,0.0,0.0,0.0,0.0,1.0,;
20.0;
matrix;0.99951,-0.02222,0.02221,-1.16308,-0.02123,0.04345,0.99883,-2.45875,-0.02316,-0.99881,0.04296,-0.64949,0.0,0.0,0.0,1.0,;
matrix_basis;1.0,0.0,0.0,0.0,-0.0,1.0,-0.0,0.0,-0.0,0.0,1.0,0.0,0.0,0.0,0.0,1.0,;
40.0;
matrix;0.99951,-0.02222,0.02221,-1.11385,0.0037,0.78526,0.61915,3.94766,-0.0312,-0.61876,0.78496,-0.11751,0.0,0.0,0.0,1.0,;
matrix_basis;1.0,-0.0,0.0,0.0,0.0,1.0,0.0,0.0,0.0,0.0,1.0,0.0,0.0,0.0,0.0,1.0,;
8.0;
matrix;0.01491,0.14638,0.98912,-2.20141,-0.99968,0.0222,0.01178,1.11319,-0.02024,-0.98898,0.14666,-1.1663,0.0,0.0,0.0,1.0,;
matrix_basis;0.99999,0.0017,-0.00401,0.0,-0.00237,0.985,-0.17251,0.0,0.00366,0.17252,0.985,0.0,0.0,0.0,0.0,1.0,;
12.0;
matrix;0.99847,-0.05067,0.02218,-2.6797,-0.02043,0.03488,0.99918,-0.62898,-0.0514,-0.99811,0.0338,-1.58631,0.0,0.0,0.0,1.0,;
matrix_basis;0.99864,-0.05222,1e-05,0.0,0.05217,0.99764,-0.04474,0.0,0.00233,0.04467,0.999,0.0,0.0,0.0,0.0,1.0,;
18.0;
matrix;0.00273,-0.83047,-0.55705,-4.45942,0.99903,-0.02221,0.03801,-1.11371,-0.04394,-0.55662,0.82961,-0.25196,0.0,0.0,0.0,1.0,;
matrix_basis;0.99998,0.00531,0.00365,0.0,-0.00578,0.98931,0.14569,0.0,-0.00283,-0.14571,0.98932,0.0,0.0,0.0,0.0,1.0,;
30.0;
matrix;0.99847,-0.05067,0.02218,-2.6797,-0.02043,0.03488,0.99918,-0.62899,-0.0514,-0.99811,0.0338,-1.58631,0.0,0.0,0.0,1.0,;
matrix_basis;0.99864,-0.05222,1e-05,0.0,0.05217,0.99764,-0.04474,0.0,0.00233,0.04468,0.999,0.0,0.0,0.0,0.0,1.0,;
}
}
anim{
atamaBone;
keys{
8;
1.0;
matrix;1.0,-0.0,-0.0,0.03394,-0.0,0.0,-1.0,0.0,0.0,1.0,0.0,7.4863,0.0,0.0,0.0,1.0,;
matrix_basis;1.0,0.0,0.0,0.0,-0.0,1.0,0.0,0.0,0.0,0.0,1.0,0.0,0.0,0.0,0.0,1.0,;
2.0;
matrix;1.0,0.0,0.0,0.28337,0.0,-0.11139,-0.99378,-0.44914,-0.0,0.99378,-0.11139,6.31675,0.0,0.0,0.0,1.0,;
matrix_basis;1.0,0.0,0.0,0.0,-0.0,1.0,0.0,0.0,0.0,0.0,1.0,0.0,0.0,0.0,0.0,1.0,;
20.0;
matrix;1.0,-0.0,-0.0,-0.01529,0.0,0.0,-1.0,-0.25676,0.0,1.0,0.0,6.89454,0.0,0.0,0.0,1.0,;
matrix_basis;1.0,0.0,0.0,0.0,0.0,1.0,0.0,0.0,0.0,0.0,1.0,0.0,0.0,0.0,0.0,1.0,;
40.0;
matrix;1.0,-0.0,-0.0,0.03394,0.0,0.0,-1.0,0.08004,0.0,1.0,0.0,7.24584,0.0,0.0,0.0,1.0,;
matrix_basis;1.0,-0.0,0.0,0.0,0.0,1.0,0.0,0.0,0.0,0.0,1.0,0.0,0.0,0.0,0.0,1.0,;
8.0;
matrix;0.03399,0.0,-0.99942,0.00116,-0.99942,0.0,-0.03399,-0.03392,0.0,1.0,0.0,6.84831,0.0,0.0,0.0,1.0,;
matrix_basis;1.0,0.0,0.0,0.0,-0.0,1.0,0.0,0.0,0.0,0.0,1.0,0.0,0.0,0.0,0.0,1.0,;
12.0;
matrix;1.0,0.0,0.0,0.28337,0.0,-0.11139,-0.99378,-0.44914,-0.0,0.99378,-0.11139,6.31675,0.0,0.0,0.0,1.0,;
matrix_basis;1.0,0.0,0.0,0.0,-0.0,1.0,0.0,0.0,0.0,0.0,1.0,0.0,0.0,0.0,0.0,1.0,;
18.0;
matrix;0.0158,-0.0,0.99988,0.00053,0.99987,-0.0,-0.0158,0.03393,0.0,1.0,0.0,6.17487,0.0,0.0,0.0,1.0,;
matrix_basis;1.0,0.0,0.0,0.0,-0.0,1.0,0.0,0.0,0.0,0.0,1.0,0.0,0.0,0.0,0.0,1.0,;
30.0;
matrix;1.0,0.0,0.0,0.28337,0.0,-0.11139,-0.99378,-0.44914,-0.0,0.99378,-0.11139,6.31675,0.0,0.0,0.0,1.0,;
matrix_basis;1.0,0.0,0.0,0.0,-0.0,1.0,0.0,0.0,0.0,0.0,1.0,0.0,0.0,0.0,0.0,1.0,;
}
}
anim{
kubiBone;
keys{
8;
1.0;
matrix;0.99968,0.02084,0.01452,0.0,0.02084,-0.34628,-0.9379,0.18795,-0.01452,0.9379,-0.34661,6.43428,0.0,0.0,0.0,1.0,;
matrix_basis;1.0,-0.0,0.0,0.0,0.0,1.0,0.0,0.0,0.0,0.0,1.0,0.0,0.0,0.0,0.0,1.0,;
2.0;
matrix;0.99968,0.02084,0.01452,0.24943,0.02233,-0.4486,-0.89345,-0.14518,-0.01211,0.89349,-0.44892,5.2922,0.0,0.0,0.0,1.0,;
matrix_basis;1.0,0.0,0.0,0.0,-0.0,1.0,0.0,0.0,0.0,0.0,1.0,0.0,0.0,0.0,0.0,1.0,;
20.0;
matrix;0.99968,0.02084,0.01452,-0.04923,0.02084,-0.34628,-0.9379,-0.06881,-0.01452,0.9379,-0.34661,5.84251,0.0,0.0,0.0,1.0,;
matrix_basis;1.0,-0.0,0.0,0.0,0.0,1.0,0.0,0.0,0.0,0.0,1.0,0.0,0.0,0.0,0.0,1.0,;
40.0;
matrix;0.99968,0.02084,0.01452,-0.0,0.02084,-0.34628,-0.9379,0.26799,-0.01452,0.9379,-0.34661,6.19382,0.0,0.0,0.0,1.0,;
matrix_basis;1.0,-0.0,0.0,0.0,0.0,1.0,0.0,0.0,0.0,0.0,1.0,0.0,0.0,0.0,0.0,1.0,;
8.0;
matrix;0.05481,-0.34537,-0.93686,0.18784,-0.99839,-0.0326,-0.04639,0.00639,-0.01452,0.9379,-0.34661,5.79628,0.0,0.0,0.0,1.0,;
matrix_basis;1.0,-0.0,0.0,0.0,0.0,1.0,0.0,0.0,0.0,0.0,1.0,0.0,0.0,0.0,0.0,1.0,;
12.0;
matrix;0.99968,0.02084,0.01452,0.24943,0.02233,-0.4486,-0.89345,-0.14518,-0.01211,0.89349,-0.44892,5.2922,0.0,0.0,0.0,1.0,;
matrix_basis;1.0,0.0,0.0,0.0,-0.0,1.0,0.0,0.0,0.0,0.0,1.0,0.0,0.0,0.0,0.0,1.0,;
18.0;
matrix;-0.00504,0.34657,0.93801,-0.18792,0.99988,0.01537,-0.0003,0.00297,-0.01452,0.9379,-0.34661,5.12285,0.0,0.0,0.0,1.0,;
matrix_basis;1.0,-0.0,0.0,0.0,0.0,1.0,0.0,0.0,0.0,0.0,1.0,0.0,0.0,0.0,0.0,1.0,;
30.0;
matrix;0.99968,0.02084,0.01452,0.24943,0.02233,-0.4486,-0.89345,-0.14518,-0.01211,0.89349,-0.44892,5.2922,0.0,0.0,0.0,1.0,;
matrix_basis;1.0,0.0,0.0,0.0,-0.0,1.0,0.0,0.0,0.0,0.0,1.0,0.0,0.0,0.0,0.0,1.0,;
}
}
anim{
hidariSakotuBone;
keys{
8;
1.0;
matrix;-0.24992,0.96348,-0.09616,0.0,-0.96348,-0.2376,0.12352,0.18795,0.09616,0.12352,0.98767,6.43428,0.0,0.0,0.0,1.0,;
matrix_basis;1.0,0.0,0.0,0.0,0.0,1.0,0.0,0.0,0.0,0.0,1.0,0.0,0.0,0.0,0.0,1.0,;
2.0;
matrix;-0.24992,0.96348,-0.09616,0.24943,-0.96819,-0.24988,0.01273,-0.14518,-0.01176,0.09628,0.99528,5.2922,0.0,0.0,0.0,1.0,;
matrix_basis;1.0,-0.0,0.0,0.0,0.0,1.0,0.0,0.0,0.0,0.0,1.0,0.0,0.0,0.0,0.0,1.0,;
20.0;
matrix;-0.24992,0.96348,-0.09616,-0.04923,-0.96348,-0.2376,0.12352,-0.06881,0.09616,0.12352,0.98767,5.84251,0.0,0.0,0.0,1.0,;
matrix_basis;1.0,-0.0,0.0,0.0,0.0,1.0,0.0,0.0,0.0,0.0,1.0,0.0,0.0,0.0,0.0,1.0,;
40.0;
matrix;-0.24992,0.96348,-0.09616,-0.0,-0.96348,-0.2376,0.12352,0.26799,0.09616,0.12352,0.98767,6.19382,0.0,0.0,0.0,1.0,;
matrix_basis;1.0,0.0,0.0,0.0,-0.0,1.0,0.0,0.0,0.0,0.0,1.0,0.0,0.0,0.0,0.0,1.0,;
8.0;
matrix;-0.97142,-0.20471,0.12018,0.18784,0.21703,-0.971,0.1003,0.00639,0.09616,0.12352,0.98767,5.79628,0.0,0.0,0.0,1.0,;
matrix_basis;1.0,0.0,0.0,0.0,-0.0,1.0,0.0,0.0,0.0,0.0,1.0,0.0,0.0,0.0,0.0,1.0,;
12.0;
matrix;-0.24992,0.96348,-0.09616,0.24943,-0.96819,-0.24988,0.01273,-0.14518,-0.01176,0.09628,0.99528,5.2922,0.0,0.0,0.0,1.0,;
matrix_basis;1.0,0.0,0.0,0.0,-0.0,1.0,0.0,0.0,0.0,0.0,1.0,0.0,0.0,0.0,0.0,1.0,;
18.0;
matrix;0.95941,0.25279,-0.12502,-0.18792,-0.26512,0.9596,-0.0942,0.00297,0.09616,0.12352,0.98767,5.12285,0.0,0.0,0.0,1.0,;
matrix_basis;1.0,-0.0,0.0,0.0,0.0,1.0,0.0,0.0,0.0,0.0,1.0,0.0,0.0,0.0,0.0,1.0,;
30.0;
matrix;-0.24992,0.96348,-0.09616,0.24943,-0.96819,-0.24988,0.01273,-0.14518,-0.01176,0.09628,0.99528,5.2922,0.0,0.0,0.0,1.0,;
matrix_basis;1.0,-0.0,0.0,0.0,0.0,1.0,0.0,0.0,0.0,0.0,1.0,0.0,0.0,0.0,0.0,1.0,;
}
}
anim{
hidariLegSitaBone;
keys{
8;
1.0;
matrix;0.99277,0.08506,-0.08475,0.96757,0.08506,0.0,0.99638,-0.00013,0.08475,-0.99638,-0.00723,0.57452,0.0,0.0,0.0,1.0,;
matrix_basis;1.0,-0.0,0.0,0.0,0.0,1.0,0.0,0.0,0.0,0.0,1.0,0.0,0.0,0.0,0.0,1.0,;
2.0;
matrix;0.99252,0.1215,-0.01214,3.1561,0.01298,-0.00613,0.9999,-0.50991,0.12142,-0.99257,-0.00766,0.95952,0.0,0.0,0.0,1.0,;
matrix_basis;0.53913,-0.65048,0.53499,0.0,0.83629,0.48875,-0.24849,0.0,-0.09984,0.58137,0.80749,0.0,0.0,0.0,0.0,1.0,;
20.0;
matrix;0.99277,0.08506,-0.08475,0.91834,-0.01877,0.80708,0.59014,1.70311,0.11859,-0.58428,0.80284,0.98353,0.0,0.0,0.0,1.0,;
matrix_basis;1.0,-0.0,0.0,0.0,0.0,1.0,-0.0,0.0,0.0,0.0,1.0,0.0,0.0,0.0,0.0,1.0,;
40.0;
matrix;0.99277,0.08506,-0.08475,0.96757,0.08833,-0.0393,0.99532,-2.21041,0.08133,-0.9956,-0.04653,1.97311,0.0,0.0,0.0,1.0,;
matrix_basis;0.99077,0.13314,0.02549,0.0,-0.02501,0.36434,-0.93093,0.0,-0.13323,0.9217,0.36431,0.0,0.0,0.0,0.0,1.0,;
8.0;
matrix;-0.01449,0.86595,0.49992,2.12791,-0.9893,-0.08501,0.11856,-0.96702,0.14517,-0.49285,0.85792,1.16072,0.0,0.0,0.0,1.0,;
matrix_basis;1.0,-0.0,0.0,0.0,0.0,1.0,0.0,0.0,-0.0,0.0,1.0,0.0,0.0,0.0,0.0,1.0,;
12.0;
matrix;0.99252,0.1215,-0.01214,3.1561,0.01298,-0.00613,0.9999,-0.50991,0.12142,-0.99257,-0.00766,0.95952,0.0,0.0,0.0,1.0,;
matrix_basis;0.53913,-0.65048,0.53499,0.0,0.83629,0.48875,-0.24849,0.0,-0.09984,0.58137,0.80749,0.0,0.0,0.0,0.0,1.0,;
18.0;
matrix;-0.00539,0.32614,-0.94531,2.26461,0.99829,0.05669,0.01387,0.77029,0.05812,-0.94362,-0.32589,0.76677,0.0,0.0,0.0,1.0,;
matrix_basis;0.99587,0.08116,0.0406,0.0,-0.02299,0.65843,-0.75229,0.0,-0.08779,0.74825,0.65758,0.0,0.0,0.0,0.0,1.0,;
30.0;
matrix;0.99252,0.1215,-0.01214,3.1561,0.01298,-0.00613,0.9999,-0.50991,0.12142,-0.99257,-0.00766,0.95952,0.0,0.0,0.0,1.0,;
matrix_basis;0.53913,-0.65048,0.53499,0.0,0.83629,0.48875,-0.24849,0.0,-0.09984,0.58137,0.80749,0.0,0.0,0.0,0.0,1.0,;
}
}
anim{
hidariFootBone;
keys{
8;
1.0;
matrix;0.99889,-0.03331,0.0333,1.16453,-0.03331,0.0,0.99944,-0.00013,-0.0333,-0.99944,-0.00111,-1.73264,0.0,0.0,0.0,1.0,;
matrix_basis;1.0,0.0,0.0,0.0,-0.0,1.0,0.0,0.0,0.0,0.0,1.0,0.0,0.0,0.0,0.0,1.0,;
2.0;
matrix;0.98939,0.10851,0.09658,3.43745,-0.11141,0.14018,0.98384,-0.52411,0.09322,-0.98416,0.15078,-1.33883,0.0,0.0,0.0,1.0,;
matrix_basis;0.99593,0.08981,-0.00727,0.0,-0.0899,0.98489,-0.14803,0.0,-0.00613,0.14809,0.98896,0.0,0.0,0.0,0.0,1.0,;
20.0;
matrix;0.99889,-0.03331,0.0333,1.1153,0.00743,0.80957,0.58698,3.57195,-0.04651,-0.58608,0.80892,-0.3694,0.0,0.0,0.0,1.0,;
matrix_basis;1.0,0.0,-0.0,0.0,-0.0,1.0,-0.0,0.0,-0.0,0.0,1.0,0.0,0.0,0.0,0.0,1.0,;
40.0;
matrix;0.99889,-0.03331,0.0333,1.16453,-0.0346,-0.03942,0.99862,-2.30141,-0.03196,-0.99867,-0.04053,-0.33226,0.0,0.0,0.0,1.0,;
matrix_basis;1.0,0.0,0.0,0.0,-0.0,1.0,0.0,0.0,0.0,0.0,1.0,0.0,0.0,0.0,0.0,1.0,;
8.0;
matrix;0.02922,0.86661,0.49812,4.13306,-0.99944,0.0333,0.00069,-1.16386,-0.01598,-0.49787,0.86711,0.0195,0.0,0.0,0.0,1.0,;
matrix_basis;1.0,0.0,0.0,0.0,-0.0,1.0,0.0,0.0,0.0,0.0,1.0,0.0,0.0,0.0,0.0,1.0,;
12.0;
matrix;0.98939,0.10851,0.09658,3.43745,-0.11141,0.14018,0.98384,-0.52411,0.09322,-0.98416,0.15078,-1.33883,0.0,0.0,0.0,1.0,;
matrix_basis;0.99593,0.08981,-0.00727,0.0,-0.0899,0.98489,-0.14803,0.0,-0.00613,0.14809,0.98896,0.0,0.0,0.0,0.0,1.0,;
18.0;
matrix;0.14439,0.31498,-0.93805,3.0198,0.98939,-0.06114,0.13177,0.90156,-0.01585,-0.94713,-0.32047,-1.41823,0.0,0.0,0.0,1.0,;
matrix_basis;1.0,0.0,0.0,0.0,-0.0,1.0,0.0,0.0,0.0,0.0,1.0,0.0,0.0,0.0,0.0,1.0,;
30.0;
matrix;0.98939,0.10851,0.09658,3.43745,-0.11141,0.14018,0.98384,-0.52411,0.09322,-0.98416,0.15078,-1.33883,0.0,0.0,0.0,1.0,;
matrix_basis;0.99593,0.08981,-0.00727,0.0,-0.0899,0.98489,-0.14803,0.0,-0.00613,0.14809,0.98896,0.0,0.0,0.0,0.0,1.0,;
}
}
anim{
migiArmSitaBone;
keys{
8;
1.0;
matrix;-0.03288,-0.99463,-0.09811,-2.0323,0.99232,-0.02078,-0.12194,0.27366,0.11925,-0.10136,0.98768,6.25908,0.0,0.0,0.0,1.0,;
matrix_basis;1.0,0.0,0.0,0.0,-0.0,1.0,0.0,0.0,0.0,0.0,1.0,0.0,0.0,0.0,0.0,1.0,;
2.0;
matrix;-0.03288,-0.99463,-0.09811,-1.78287,0.97286,-0.00936,-0.2312,-0.04049,0.22904,-0.10305,0.96795,5.12764,0.0,0.0,0.0,1.0,;
matrix_basis;1.0,0.0,-0.0,0.0,-0.0,1.0,-0.0,0.0,0.0,0.0,1.0,0.0,0.0,0.0,0.0,1.0,;
20.0;
matrix;-0.55002,-0.72149,-0.42063,-0.72459,0.79962,-0.60029,-0.01593,0.84342,-0.24101,-0.3451,0.90709,4.9433,0.0,0.0,0.0,1.0,;
matrix_basis;0.30962,-0.89165,0.33029,0.0,0.80492,0.06085,-0.59026,0.0,0.50621,0.44861,0.73655,0.0,0.0,0.0,0.0,1.0,;
40.0;
matrix;-0.99385,0.07816,0.07843,-0.76856,-0.08659,-0.9901,-0.1105,-1.37241,0.06902,-0.11661,0.99078,5.98149,0.0,0.0,0.0,1.0,;
matrix_basis;1.0,0.0,0.0,0.0,-0.0,1.0,0.0,0.0,0.0,0.0,1.0,0.0,0.0,0.0,0.0,1.0,;
8.0;
matrix;0.99063,-0.05457,-0.1252,0.20442,0.06311,0.99587,0.06527,1.284,0.12113,-0.07256,0.98998,4.60439,0.0,0.0,0.0,1.0,;
matrix_basis;0.99277,0.07802,-0.09118,0.0,-0.1199,0.61375,-0.78034,0.0,-0.00492,0.78563,0.61867,0.0,0.0,0.0,0.0,1.0,;
12.0;
matrix;-0.22561,-0.26021,-0.93882,-0.61213,0.82989,-0.55609,-0.0453,0.49254,-0.51028,-0.78934,0.34141,4.17361,0.0,0.0,0.0,1.0,;
matrix_basis;0.56374,-0.76298,0.31632,0.0,0.81695,0.57146,-0.07755,0.0,-0.12159,0.30213,0.94548,0.0,0.0,0.0,0.0,1.0,;
18.0;
matrix;0.11931,0.98903,0.0871,1.45515,-0.98567,0.10745,0.13003,-0.73265,0.11925,-0.10136,0.98768,4.94765,0.0,0.0,0.0,1.0,;
matrix_basis;1.0,0.0,0.0,0.0,-0.0,1.0,-0.0,0.0,-0.0,-0.0,1.0,0.0,0.0,0.0,0.0,1.0,;
30.0;
matrix;-0.03288,-0.99463,-0.09811,-1.78287,0.97286,-0.00936,-0.2312,-0.04049,0.22904,-0.10305,0.96795,5.12764,0.0,0.0,0.0,1.0,;
matrix_basis;1.0,0.0,0.0,0.0,-0.0,1.0,0.0,0.0,0.0,0.0,1.0,0.0,0.0,0.0,0.0,1.0,;
}
}
anim{
hidariArmBone;
keys{
8;
1.0;
matrix;0.13052,0.96289,0.23622,0.76211,-0.96289,0.17988,-0.2012,1e-05,-0.23622,-0.2012,0.95064,6.53198,0.0,0.0,0.0,1.0,;
matrix_basis;1.0,0.0,0.0,0.0,0.0,1.0,0.0,0.0,0.0,0.0,1.0,0.0,0.0,0.0,0.0,1.0,;
2.0;
matrix;0.13052,0.96289,0.23622,1.01155,-0.93059,0.20117,-0.30584,-0.34283,-0.34201,-0.17991,0.92231,5.36836,0.0,0.0,0.0,1.0,;
matrix_basis;1.0,0.0,0.0,0.0,-0.0,1.0,-0.0,0.0,-0.0,0.0,1.0,0.0,0.0,0.0,0.0,1.0,;
20.0;
matrix;-0.96521,0.21202,-0.15301,0.71288,-0.16449,-0.94728,-0.27498,-0.25675,-0.20324,-0.24024,0.9492,5.94022,0.0,0.0,0.0,1.0,;
matrix_basis;0.08042,0.99655,0.02058,0.0,-0.91809,0.0821,-0.38777,0.0,-0.38812,0.01229,0.92153,0.0,0.0,0.0,0.0,1.0,;
40.0;
matrix;-0.02613,0.16465,0.98601,0.76211,-0.9971,0.06627,-0.03749,0.08005,-0.07152,-0.98412,0.16244,6.29152,0.0,0.0,0.0,1.0,;
matrix_basis;0.97358,0.19015,0.12643,0.0,-0.19013,0.36846,0.90999,0.0,0.12645,-0.90999,0.39488,0.0,0.0,0.0,0.0,1.0,;
8.0;
matrix;-0.05899,-0.97356,-0.2207,0.02591,0.96991,-0.10821,0.21811,-0.76167,-0.23622,-0.2012,0.95064,5.89399,0.0,0.0,0.0,1.0,;
matrix_basis;-0.04595,0.99775,-0.04874,0.0,-0.89246,-0.06293,-0.44672,0.0,-0.44879,0.02297,0.89334,0.0,0.0,0.0,0.0,1.0,;
12.0;
matrix;-0.28632,0.12056,0.95052,1.01155,-0.73963,0.60282,-0.29926,-0.34283,-0.60907,-0.78872,-0.08343,5.36836,0.0,0.0,0.0,1.0,;
matrix_basis;0.85923,-0.27549,0.43108,0.0,-0.31492,0.37925,0.87005,0.0,-0.40318,-0.88333,0.23911,0.0,0.0,0.0,0.0,1.0,;
18.0;
matrix;0.80422,-0.58958,0.07506,0.01204,0.12994,0.29765,0.94579,0.76202,-0.57996,-0.75087,0.31598,5.22055,0.0,0.0,0.0,1.0,;
matrix_basis;0.92792,-0.35716,0.10682,0.0,0.10975,0.53555,0.83734,0.0,-0.35627,-0.76526,0.53614,0.0,0.0,0.0,0.0,1.0,;
30.0;
matrix;0.13052,0.96289,0.23622,1.01155,-0.93059,0.20117,-0.30584,-0.34283,-0.34201,-0.17991,0.92231,5.36836,0.0,0.0,0.0,1.0,;
matrix_basis;1.0,0.0,0.0,0.0,-0.0,1.0,-0.0,0.0,-0.0,-0.0,1.0,0.0,0.0,0.0,0.0,1.0,;
}
}
anim{
kubiUeBone;
keys{
8;
1.0;
matrix;0.99827,0.04163,0.04159,0.01131,0.04163,0.0,-0.99913,0.0,-0.04159,0.99913,-0.00173,6.94332,0.0,0.0,0.0,1.0,;
matrix_basis;1.0,0.0,0.0,0.0,-0.0,1.0,0.0,0.0,0.0,0.0,1.0,0.0,0.0,0.0,0.0,1.0,;
2.0;
matrix;0.99827,0.04163,0.04159,0.26074,0.046,-0.11129,-0.99272,-0.38866,-0.0367,0.99291,-0.11302,5.77714,0.0,0.0,0.0,1.0,;
matrix_basis;1.0,0.0,0.0,0.0,-0.0,1.0,0.0,0.0,0.0,0.0,1.0,0.0,0.0,0.0,0.0,1.0,;
20.0;
matrix;0.99827,0.04163,0.04159,-0.03792,0.04163,0.0,-0.99913,-0.25676,-0.04159,0.99913,-0.00173,6.35156,0.0,0.0,0.0,1.0,;
matrix_basis;1.0,0.0,0.0,0.0,-0.0,1.0,0.0,0.0,0.0,0.0,1.0,0.0,0.0,0.0,0.0,1.0,;
40.0;
matrix;0.99827,0.04163,0.04159,0.01131,0.04163,0.0,-0.99913,0.08004,-0.04159,0.99913,-0.00173,6.70286,0.0,0.0,0.0,1.0,;
matrix_basis;1.0,0.0,0.0,0.0,-0.0,1.0,0.0,0.0,0.0,0.0,1.0,0.0,0.0,0.0,0.0,1.0,;
8.0;
matrix;0.07554,0.00142,-0.99714,0.00039,-0.99627,-0.04161,-0.07553,-0.01131,-0.04159,0.99913,-0.00173,6.30533,0.0,0.0,0.0,1.0,;
matrix_basis;1.0,0.0,0.0,0.0,0.0,1.0,0.0,0.0,0.0,0.0,1.0,0.0,0.0,0.0,0.0,1.0,;
12.0;
matrix;0.99827,0.04163,0.04159,0.26074,0.046,-0.11129,-0.99272,-0.38866,-0.0367,0.99291,-0.11302,5.77714,0.0,0.0,0.0,1.0,;
matrix_basis;1.0,0.0,0.0,0.0,-0.0,1.0,0.0,0.0,0.0,0.0,1.0,0.0,0.0,0.0,0.0,1.0,;
18.0;
matrix;-0.02585,0.00066,0.99967,0.00018,0.9988,0.04163,0.0258,0.01131,-0.04159,0.99913,-0.00173,5.63189,0.0,0.0,0.0,1.0,;
matrix_basis;1.0,0.0,0.0,0.0,0.0,1.0,0.0,0.0,0.0,0.0,1.0,0.0,0.0,0.0,0.0,1.0,;
30.0;
matrix;0.99827,0.04163,0.04159,0.26074,0.046,-0.11129,-0.99272,-0.38866,-0.0367,0.99291,-0.11302,5.77714,0.0,0.0,0.0,1.0,;
matrix_basis;1.0,0.0,0.0,0.0,-0.0,1.0,0.0,0.0,0.0,0.0,1.0,0.0,0.0,0.0,0.0,1.0,;
}
}
anim{
hidariArmSitaBone;
keys{
8;
1.0;
matrix;-0.01105,0.99504,0.09889,2.07139,-0.99504,-0.00116,-0.0995,0.24459,-0.09889,-0.0995,0.99011,6.25841,0.0,0.0,0.0,1.0,;
matrix_basis;1.0,0.0,0.0,0.0,0.0,1.0,0.0,0.0,0.0,0.0,1.0,0.0,0.0,0.0,0.0,1.0,;
2.0;
matrix;-0.01105,0.99504,0.09889,2.32082,-0.97783,0.00993,-0.20917,-0.0693,-0.20912,-0.09901,0.97287,5.12374,0.0,0.0,0.0,1.0,;
matrix_basis;1.0,-0.0,0.0,0.0,0.0,1.0,0.0,0.0,0.0,0.0,1.0,0.0,0.0,0.0,0.0,1.0,;
20.0;
matrix;-0.99777,0.03669,-0.05568,1.00117,-0.02891,-0.99046,-0.1347,-1.54479,-0.0601,-0.13279,0.98932,5.61355,0.0,0.0,0.0,1.0,;
matrix_basis;1.0,0.0,0.0,0.0,-0.0,1.0,0.0,0.0,0.0,0.0,1.0,0.0,0.0,0.0,0.0,1.0,;
40.0;
matrix;0.08718,0.81849,0.56787,0.986,-0.99433,0.03662,0.09987,0.17016,0.06095,-0.57335,0.81704,4.95338,0.0,0.0,0.0,1.0,;
matrix_basis;0.99786,-0.06182,0.02143,0.0,0.06182,0.78359,-0.61819,0.0,0.02142,0.61819,0.78574,0.0,0.0,0.0,0.0,1.0,;
8.0;
matrix;0.08457,-0.99223,-0.09127,-1.29786,0.9915,0.07471,0.10654,-0.90881,-0.09889,-0.0995,0.99011,5.62042,0.0,0.0,0.0,1.0,;
matrix_basis;1.0,0.0,-0.0,0.0,-0.0,1.0,-0.0,0.0,0.0,0.0,1.0,0.0,0.0,0.0,0.0,1.0,;
12.0;
matrix;-0.20262,0.2074,0.95704,1.17548,-0.79473,-0.60583,-0.03697,0.47684,0.57214,-0.76808,0.28758,4.29592,0.0,0.0,0.0,1.0,;
matrix_basis;0.45321,0.84018,-0.29784,0.0,-0.8881,0.45432,-0.06977,0.0,0.07669,0.29613,0.95206,0.0,0.0,0.0,0.0,1.0,;
18.0;
matrix;0.88796,0.31448,-0.3356,-0.78963,0.17478,0.44421,0.87871,1.16673,0.42541,-0.83891,0.33948,4.19957,0.0,0.0,0.0,1.0,;
matrix_basis;0.65251,0.70186,-0.2857,0.0,-0.6462,0.71229,0.27398,0.0,0.3958,0.00584,0.91832,0.0,0.0,0.0,0.0,1.0,;
30.0;
matrix;-0.01105,0.99504,0.09889,2.32082,-0.97783,0.00993,-0.20917,-0.0693,-0.20912,-0.09901,0.97287,5.12374,0.0,0.0,0.0,1.0,;
matrix_basis;1.0,-0.0,0.0,0.0,0.0,1.0,0.0,0.0,0.0,0.0,1.0,0.0,0.0,0.0,0.0,1.0,;
}
}
anim{
migiLegBone;
keys{
8;
1.0;
matrix;0.99354,-0.08039,0.08012,-0.68394,-0.08039,-7e-05,0.99676,-0.00015,-0.08012,-0.99676,-0.00653,3.17084,0.0,0.0,0.0,1.0,;
matrix_basis;1.0,0.0,0.0,0.0,0.0,1.0,0.0,0.0,0.0,0.0,1.0,0.0,0.0,0.0,0.0,1.0,;
2.0;
matrix;0.52379,-0.8508,0.0423,-0.43401,-0.49134,-0.26118,0.83088,0.03339,-0.69587,-0.45599,-0.55484,2.02802,0.0,0.0,0.0,1.0,;
matrix_basis;0.61677,-0.78649,0.03219,0.0,0.5923,0.49064,0.63911,0.0,-0.51844,-0.37512,0.76844,0.0,0.0,0.0,0.0,1.0,;
20.0;
matrix;0.99354,-0.08039,0.08012,-0.73317,-0.10061,-0.9505,0.29397,-0.25691,0.05252,-0.30013,-0.95245,2.57907,0.0,0.0,0.0,1.0,;
matrix_basis;0.991,0.02059,0.13228,0.0,-0.13221,0.30569,0.94291,0.0,-0.02103,-0.95191,0.30566,0.0,0.0,0.0,0.0,1.0,;
40.0;
matrix;0.99354,-0.08039,0.08012,-0.68394,0.01318,0.78287,0.62204,0.07989,-0.11273,-0.61696,0.77888,2.93038,0.0,0.0,0.0,1.0,;
matrix_basis;0.99509,-0.09337,-0.0328,0.0,0.0325,0.62138,-0.78284,0.0,0.09348,0.77793,0.62136,0.0,0.0,0.0,0.0,1.0,;
8.0;
matrix;-0.09267,-0.86622,0.491,-0.0234,-0.9957,0.08034,-0.0462,0.68354,0.00057,-0.49317,-0.86993,2.53285,0.0,0.0,0.0,1.0,;
matrix_basis;0.99568,-0.00014,0.09283,0.0,-0.0803,0.50045,0.86203,0.0,-0.04658,-0.86576,0.49828,0.0,0.0,0.0,0.0,1.0,;
12.0;
matrix;0.52379,-0.8508,0.0423,-0.43401,-0.49134,-0.26118,0.83088,0.03339,-0.69587,-0.45599,-0.55484,2.02802,0.0,0.0,0.0,1.0,;
matrix_basis;0.61677,-0.78649,0.03219,0.0,0.5923,0.49064,0.63911,0.0,-0.51844,-0.37512,0.76844,0.0,0.0,0.0,0.0,1.0,;
18.0;
matrix;-0.03103,-0.90044,-0.43388,-0.01066,0.99214,-0.08038,0.09586,-0.68385,-0.12119,-0.4275,0.89586,1.85941,0.0,0.0,0.0,1.0,;
matrix_basis;0.99108,-0.13201,-0.01835,0.0,0.04109,0.43366,-0.90014,0.0,0.12678,0.89136,0.43521,0.0,0.0,0.0,0.0,1.0,;
30.0;
matrix;0.52379,-0.8508,0.0423,-0.43401,-0.49134,-0.26118,0.83088,0.03339,-0.69587,-0.45599,-0.55484,2.02802,0.0,0.0,0.0,1.0,;
matrix_basis;0.61677,-0.78649,0.03219,0.0,0.5923,0.49064,0.63911,0.0,-0.51844,-0.37512,0.76844,0.0,0.0,0.0,0.0,1.0,;
}
}
anim{
migiFootSitaBone;
keys{
8;
1.0;
matrix;0.85664,-0.37863,0.35044,-1.13339,-0.37863,0.0,0.92555,-0.00031,-0.35044,-0.92555,-0.14336,-2.63289,0.0,0.0,0.0,1.0,;
matrix_basis;1.0,0.0,0.0,0.0,-0.0,1.0,0.0,0.0,0.0,0.0,1.0,0.0,0.0,0.0,0.0,1.0,;
2.0;
matrix;0.84631,-0.40483,0.34621,-2.72427,-0.36531,0.03194,0.93034,-0.5983,-0.38769,-0.91383,-0.12086,-2.46424,0.0,0.0,0.0,1.0,;
matrix_basis;1.0,0.0,0.0,0.0,-0.0,1.0,0.0,0.0,0.0,0.0,1.0,0.0,0.0,0.0,0.0,1.0,;
20.0;
matrix;0.85664,-0.37863,0.35044,-1.18262,-0.36304,0.04023,0.9309,-2.42052,-0.36657,-0.92467,-0.103,-1.52804,0.0,0.0,0.0,1.0,;
matrix_basis;1.0,0.0,0.0,0.0,0.0,1.0,0.0,0.0,0.0,0.0,1.0,0.0,0.0,0.0,0.0,1.0,;
40.0;
matrix;0.58329,-0.09284,0.80694,-1.13339,-0.65952,0.52577,0.53722,4.63838,-0.47414,-0.84555,0.24544,-0.66177,0.0,0.0,0.0,1.0,;
matrix_basis;0.71653,0.37684,0.58701,0.0,-0.4287,0.90173,-0.05558,0.0,-0.55027,-0.21182,0.80767,0.0,0.0,0.0,0.0,1.0,;
8.0;
matrix;-0.29392,0.12348,0.94782,-2.07266,-0.86901,0.37841,-0.31878,1.13272,-0.39803,-0.91736,-0.00392,-2.03621,0.0,0.0,0.0,1.0,;
matrix_basis;1.0,0.0,0.0,0.0,-0.0,1.0,0.0,0.0,0.0,0.0,1.0,0.0,0.0,0.0,0.0,1.0,;
12.0;
matrix;0.84631,-0.40483,0.34621,-2.72427,-0.36531,0.03194,0.93034,-0.5983,-0.38769,-0.91383,-0.12086,-2.46424,0.0,0.0,0.0,1.0,;
matrix_basis;1.0,0.0,0.0,0.0,0.0,1.0,0.0,0.0,0.0,0.0,1.0,0.0,0.0,0.0,0.0,1.0,;
18.0;
matrix;0.25521,-0.30975,-0.91593,-5.1899,0.85055,-0.37859,0.36503,-1.13325,-0.45982,-0.8722,0.16684,-0.74155,0.0,0.0,0.0,1.0,;
matrix_basis;0.9444,0.15478,0.29007,0.0,-0.28424,0.82779,0.4837,0.0,-0.16525,-0.53926,0.82577,0.0,0.0,0.0,0.0,1.0,;
30.0;
matrix;0.84631,-0.40483,0.34621,-2.72427,-0.36531,0.03194,0.93034,-0.5983,-0.38769,-0.91383,-0.12086,-2.46424,0.0,0.0,0.0,1.0,;
matrix_basis;1.0,0.0,0.0,0.0,-0.0,1.0,-0.0,0.0,-0.0,-0.0,1.0,0.0,0.0,0.0,0.0,1.0,;
}
}
anim{
doBone;
keys{
8;
1.0;
matrix;1.0,0.0,0.0,0.0,0.0,0.18471,-0.98279,0.0,-0.0,0.98279,0.18471,4.3594,0.0,0.0,0.0,1.0,;
matrix_basis;1.0,0.0,0.0,0.0,0.0,1.0,0.0,0.0,0.0,0.0,1.0,0.0,0.0,0.0,0.0,1.0,;
2.0;
matrix;1.0,0.0,0.0,0.24943,0.0,0.18471,-0.98279,-0.21339,-0.0,0.98279,0.18471,3.22401,0.0,0.0,0.0,1.0,;
matrix_basis;1.0,0.0,-0.0,0.24943,-0.0,1.0,-0.0,-1.15527,0.0,0.0,1.0,0.0,0.0,0.0,0.0,1.0,;
20.0;
matrix;1.0,0.0,0.0,-0.04923,0.0,0.18471,-0.98279,-0.25676,-0.0,0.98279,0.18471,3.76763,0.0,0.0,0.0,1.0,;
matrix_basis;1.0,0.0,0.0,-0.04923,0.0,1.0,0.0,-0.62901,0.0,0.0,1.0,0.14304,0.0,0.0,0.0,1.0,;
40.0;
matrix;1.0,0.0,0.0,-0.0,0.0,0.18471,-0.98279,0.08004,-0.0,0.98279,0.18471,4.11893,0.0,0.0,0.0,1.0,;
matrix_basis;1.0,0.0,0.0,-0.0,0.0,1.0,0.0,-0.22154,0.0,0.0,1.0,-0.12308,0.0,0.0,0.0,1.0,;
8.0;
matrix;0.03399,0.18461,-0.98222,-0.0,-0.99942,0.00628,-0.0334,0.0,-0.0,0.98279,0.18471,3.7214,0.0,0.0,0.0,1.0,;
matrix_basis;0.03399,0.18461,-0.98222,0.0,-0.18461,0.96704,0.17536,-0.62702,0.98222,0.17536,0.06695,-0.11785,0.0,0.0,0.0,1.0,;
12.0;
matrix;1.0,0.0,0.0,0.24943,0.0,0.18471,-0.98279,-0.21339,-0.0,0.98279,0.18471,3.22401,0.0,0.0,0.0,1.0,;
matrix_basis;1.0,-0.0,-0.0,0.24943,0.0,1.0,-0.0,-1.15527,0.0,0.0,1.0,0.0,0.0,0.0,0.0,1.0,;
18.0;
matrix;0.0158,-0.18469,0.98267,0.0,0.99988,0.00292,-0.01553,-0.0,-0.0,0.98279,0.18471,3.04796,0.0,0.0,0.0,1.0,;
matrix_basis;0.0158,-0.18469,0.98267,0.0,0.18469,0.96642,0.17866,-1.28887,-0.98267,0.17866,0.04938,-0.24224,0.0,0.0,0.0,1.0,;
30.0;
matrix;1.0,0.0,0.0,0.24943,0.0,0.18471,-0.98279,-0.21339,-0.0,0.98279,0.18471,3.22401,0.0,0.0,0.0,1.0,;
matrix_basis;1.0,0.0,0.0,0.24943,0.0,1.0,0.0,-1.15527,0.0,0.0,1.0,0.0,0.0,0.0,0.0,1.0,;
}
}
anim{
hidariFootSitaBone;
keys{
8;
1.0;
matrix;0.83505,0.40614,-0.37113,1.13639,0.40614,0.0,0.91381,-0.00013,0.37113,-0.91381,-0.16495,-2.57672,0.0,0.0,0.0,1.0,;
matrix_basis;1.0,-0.0,0.0,0.0,0.0,1.0,0.0,0.0,0.0,0.0,1.0,0.0,0.0,0.0,0.0,1.0,;
2.0;
matrix;0.79824,0.53053,-0.28522,3.52909,0.28036,0.09185,0.95549,-0.40572,0.53311,-0.84267,-0.07542,-2.17,0.0,0.0,0.0,1.0,;
matrix_basis;1.0,-0.0,-0.0,0.0,0.0,1.0,0.0,0.0,0.0,-0.0,1.0,0.0,0.0,0.0,0.0,1.0,;
20.0;
matrix;0.57447,0.07783,-0.81482,1.08716,0.70081,0.46756,0.53875,4.25567,0.42291,-0.88053,0.21405,-0.86438,0.0,0.0,0.0,1.0,;
matrix_basis;0.6671,-0.44552,-0.59706,0.0,0.52543,0.84954,-0.04685,0.0,0.5281,-0.28246,0.80083,0.0,0.0,0.0,0.0,1.0,;
40.0;
matrix;0.83505,0.40614,-0.37113,1.13639,0.42046,-0.03604,0.90659,-2.3347,0.35482,-0.9131,-0.20086,-1.17568,0.0,0.0,0.0,1.0,;
matrix_basis;1.0,-0.0,0.0,0.0,0.0,1.0,0.0,0.0,0.0,0.0,1.0,0.0,0.0,0.0,0.0,1.0,;
8.0;
matrix;0.43693,0.29934,0.84822,4.86496,-0.82561,-0.24081,0.51027,-1.13574,0.35701,-0.92326,0.14192,-0.40097,0.0,0.0,0.0,1.0,;
matrix_basis;0.83167,-0.35236,-0.42915,0.0,0.52663,0.74553,0.40846,0.0,0.17602,-0.56571,0.8056,0.0,0.0,0.0,0.0,1.0,;
12.0;
matrix;0.79824,0.53053,-0.28522,3.5291,0.28036,0.09185,0.95549,-0.40572,0.53311,-0.84268,-0.07543,-2.17,0.0,0.0,0.0,1.0,;
matrix_basis;1.0,-0.0,0.0,0.0,0.0,1.0,0.0,0.0,0.0,0.0,1.0,0.0,0.0,0.0,0.0,1.0,;
18.0;
matrix;-0.41536,0.33275,-0.84661,3.28582,0.88114,0.37839,-0.28357,0.84993,0.22599,-0.86377,-0.45037,-2.21813,0.0,0.0,0.0,1.0,;
matrix_basis;1.0,-0.0,-0.0,0.0,0.0,1.0,0.0,0.0,0.0,-0.0,1.0,0.0,0.0,0.0,0.0,1.0,;
30.0;
matrix;0.79824,0.53053,-0.28522,3.52909,0.28036,0.09185,0.95549,-0.40572,0.53311,-0.84267,-0.07543,-2.17,0.0,0.0,0.0,1.0,;
matrix_basis;1.0,-0.0,0.0,0.0,0.0,1.0,0.0,0.0,0.0,0.0,1.0,0.0,0.0,0.0,0.0,1.0,;
}
}
anim{
kosiBone;
keys{
8;
1.0;
matrix;0.99962,0.02031,-0.01841,0.0,0.02031,-0.09772,0.99501,0.18795,0.01841,-0.99501,-0.0981,5.3594,0.0,0.0,0.0,1.0,;
matrix_basis;1.0,0.0,0.0,0.0,0.0,1.0,0.0,0.0,0.0,0.0,1.0,0.0,0.0,0.0,0.0,1.0,;
2.0;
matrix;0.99962,0.02053,-0.01841,0.24943,0.01811,0.01462,0.99973,-0.02545,0.02079,-0.99968,0.01424,4.22401,0.0,0.0,0.0,1.0,;
matrix_basis;0.99999,0.00242,0.00216,0.0,-0.00216,0.99368,-0.11224,0.0,-0.00242,0.11224,0.99368,0.0,0.0,0.0,0.0,1.0,;
20.0;
matrix;0.99962,0.02031,-0.01841,-0.04923,0.02031,-0.09772,0.99501,-0.06881,0.01841,-0.99501,-0.0981,4.76763,0.0,0.0,0.0,1.0,;
matrix_basis;1.0,-0.0,0.0,0.0,0.0,1.0,-0.0,0.0,0.0,0.0,1.0,0.0,0.0,0.0,0.0,1.0,;
40.0;
matrix;0.99962,0.02031,-0.01841,-0.0,0.02031,-0.09772,0.99501,0.26799,0.01841,-0.99501,-0.0981,5.11893,0.0,0.0,0.0,1.0,;
matrix_basis;1.0,0.0,0.0,0.0,0.0,1.0,0.0,0.0,0.0,0.0,1.0,0.0,0.0,0.0,0.0,1.0,;
8.0;
matrix;0.05427,-0.09698,0.99381,0.18784,-0.99836,-0.02362,0.05222,0.00639,0.01841,-0.99501,-0.0981,4.7214,0.0,0.0,0.0,1.0,;
matrix_basis;1.0,0.0,0.0,0.0,-0.0,1.0,0.0,0.0,0.0,0.0,1.0,0.0,0.0,0.0,0.0,1.0,;
12.0;
matrix;0.99962,0.02053,-0.01841,0.24943,0.01811,0.01462,0.99973,-0.02545,0.02079,-0.99968,0.01424,4.22401,0.0,0.0,0.0,1.0,;
matrix_basis;0.99999,0.00242,0.00216,0.0,-0.00216,0.99368,-0.11224,0.0,-0.00242,0.11224,0.99368,0.0,0.0,0.0,0.0,1.0,;
18.0;
matrix;-0.00451,0.09803,-0.99517,-0.18792,0.99982,0.01876,-0.00268,0.00297,0.01841,-0.99501,-0.0981,4.04796,0.0,0.0,0.0,1.0,;
matrix_basis;1.0,0.0,0.0,0.0,-0.0,1.0,0.0,0.0,0.0,0.0,1.0,0.0,0.0,0.0,0.0,1.0,;
30.0;
matrix;0.99962,0.02053,-0.01841,0.24943,0.01811,0.01462,0.99973,-0.02545,0.02079,-0.99968,0.01424,4.22401,0.0,0.0,0.0,1.0,;
matrix_basis;0.99999,0.00242,0.00216,0.0,-0.00216,0.99368,-0.11224,0.0,-0.00242,0.11224,0.99368,0.0,0.0,0.0,0.0,1.0,;
}
}
anim{
muneBone;
keys{
8;
1.0;
matrix;-1.0,-0.0,0.0,0.0,0.0,-0.0,1.0,0.18795,-0.0,1.0,0.0,5.3594,0.0,0.0,0.0,1.0,;
matrix_basis;1.0,0.0,0.0,0.0,0.0,1.0,0.0,0.0,0.0,0.0,1.0,0.0,0.0,0.0,0.0,1.0,;
2.0;
matrix;-1.0,-0.0,0.0,0.24943,0.0,-0.11139,0.99378,-0.02545,-0.0,0.99378,0.11139,4.22401,0.0,0.0,0.0,1.0,;
matrix_basis;1.0,0.0,0.0,0.0,-0.0,0.99378,0.11139,0.0,0.0,-0.11139,0.99378,0.0,0.0,0.0,0.0,1.0,;
20.0;
matrix;-1.0,-0.0,0.0,-0.04923,0.0,-0.0,1.0,-0.06881,-0.0,1.0,0.0,4.76763,0.0,0.0,0.0,1.0,;
matrix_basis;1.0,0.0,0.0,0.0,0.0,1.0,0.0,0.0,0.0,-0.0,1.0,0.0,0.0,0.0,0.0,1.0,;
40.0;
matrix;-1.0,-0.0,0.0,-0.0,0.0,-0.0,1.0,0.26799,-0.0,1.0,0.0,5.11893,0.0,0.0,0.0,1.0,;
matrix_basis;1.0,0.0,0.0,0.0,0.0,1.0,0.0,0.0,0.0,0.0,1.0,0.0,0.0,0.0,0.0,1.0,;
8.0;
matrix;-0.03399,0.0,0.99942,0.18784,0.99942,0.0,0.03399,0.00639,0.0,1.0,-0.0,4.7214,0.0,0.0,0.0,1.0,;
matrix_basis;1.0,0.0,0.0,0.0,0.0,1.0,0.0,0.0,0.0,0.0,1.0,0.0,0.0,0.0,0.0,1.0,;
12.0;
matrix;-1.0,-0.0,0.0,0.24943,0.0,-0.11139,0.99378,-0.02545,-0.0,0.99378,0.11139,4.22401,0.0,0.0,0.0,1.0,;
matrix_basis;1.0,0.0,0.0,0.0,-0.0,0.99378,0.11139,0.0,0.0,-0.11139,0.99378,0.0,0.0,0.0,0.0,1.0,;
18.0;
matrix;-0.0158,0.0,-0.99988,-0.18792,-0.99988,0.0,0.0158,0.00297,-0.0,1.0,0.0,4.04796,0.0,0.0,0.0,1.0,;
matrix_basis;1.0,-0.0,0.0,0.0,0.0,1.0,0.0,0.0,0.0,0.0,1.0,0.0,0.0,0.0,0.0,1.0,;
30.0;
matrix;-1.0,-0.0,0.0,0.24943,0.0,-0.11139,0.99378,-0.02545,-0.0,0.99378,0.11139,4.22401,0.0,0.0,0.0,1.0,;
matrix_basis;1.0,0.0,0.0,0.0,-0.0,0.99378,0.11139,0.0,0.0,-0.11139,0.99378,0.0,0.0,0.0,0.0,1.0,;
}
}
anim{
hidariLegBone;
keys{
8;
1.0;
matrix;0.98917,0.10408,-0.10352,0.71435,0.10408,0.0,0.99457,-0.00013,0.10352,-0.99457,-0.01083,2.99423,0.0,0.0,0.0,1.0,;
matrix_basis;1.0,0.0,0.0,0.0,-0.0,1.0,0.0,0.0,0.0,0.0,1.0,0.0,0.0,0.0,0.0,1.0,;
2.0;
matrix;0.43171,0.90089,-0.04506,0.96431,0.56564,-0.23147,0.7915,0.05324,0.70262,-0.36718,-0.60951,1.85284,0.0,0.0,0.0,1.0,;
matrix_basis;0.55958,0.82771,-0.04186,0.0,-0.58617,0.43098,0.68604,0.0,0.58589,-0.35936,0.72635,0.0,0.0,0.0,0.0,1.0,;
20.0;
matrix;0.98917,0.10408,-0.10352,0.66512,-0.02282,0.80562,0.592,-0.25689,0.14501,-0.58322,0.79926,2.40246,0.0,0.0,0.0,1.0,;
matrix_basis;0.99109,0.12643,0.04196,0.0,-0.04127,0.59089,-0.8057,0.0,-0.12666,0.79679,0.59084,0.0,0.0,0.0,0.0,1.0,;
40.0;
matrix;0.98917,0.10408,-0.10352,0.71435,0.13156,-0.94139,0.31062,0.07991,-0.06512,-0.32087,-0.94488,2.75376,0.0,0.0,0.0,1.0,;
matrix_basis;0.9854,-0.02824,-0.16788,0.0,0.16772,0.32996,0.92897,0.0,0.02916,-0.94357,0.32988,0.0,0.0,0.0,0.0,1.0,;
8.0;
matrix;-0.02139,0.8647,0.50182,0.02415,-0.98506,-0.10402,0.13726,-0.71394,0.17089,-0.49139,0.85401,2.35623,0.0,0.0,0.0,1.0,;
matrix_basis;0.98508,0.17062,0.02227,0.0,-0.06757,0.5026,-0.86187,0.0,-0.15825,0.84751,0.50663,0.0,0.0,0.0,0.0,1.0,;
12.0;
matrix;0.43171,0.90089,-0.04506,0.96431,0.56564,-0.23147,0.7915,0.05324,0.70262,-0.36718,-0.60951,1.85284,0.0,0.0,0.0,1.0,;
matrix_basis;0.55958,0.82772,-0.04186,0.0,-0.58617,0.43098,0.68604,0.0,0.58589,-0.35936,0.72635,0.0,0.0,0.0,0.0,1.0,;
18.0;
matrix;-0.04208,0.92613,-0.37486,0.01142,0.99821,0.02303,-0.05516,0.71426,-0.04245,-0.37651,-0.92544,1.68279,0.0,0.0,0.0,1.0,;
matrix_basis;0.98824,-0.09807,-0.11729,0.0,0.14604,0.37839,0.91405,0.0,-0.04525,-0.92044,0.38826,0.0,0.0,0.0,0.0,1.0,;
30.0;
matrix;0.43171,0.90089,-0.04506,0.96431,0.56565,-0.23147,0.7915,0.05324,0.70262,-0.36718,-0.60951,1.85284,0.0,0.0,0.0,1.0,;
matrix_basis;0.55959,0.82771,-0.04186,0.0,-0.58617,0.43098,0.68604,0.0,0.58589,-0.35936,0.72635,0.0,0.0,0.0,0.0,1.0,;
}
}
anim{
migiKosiBone;
keys{
8;
1.0;
matrix;-0.12525,-0.93529,-0.33097,0.03908,0.93529,-2e-05,-0.35388,-0.00013,0.33097,-0.35388,0.87477,3.44441,0.0,0.0,0.0,1.0,;
matrix_basis;1.0,0.0,0.0,0.0,-0.0,1.0,0.0,0.0,0.0,0.0,1.0,0.0,0.0,0.0,0.0,1.0,;
2.0;
matrix;-0.12535,-0.93521,-0.33116,0.28895,0.89221,0.03971,-0.44987,0.00269,0.43387,-0.35186,0.82943,2.30002,0.0,0.0,0.0,1.0,;
matrix_basis;1.0,0.0,0.0,0.0,-0.0,1.0,0.0,0.0,0.0,0.0,1.0,0.0,0.0,0.0,0.0,1.0,;
20.0;
matrix;-0.12525,-0.93529,-0.33097,-0.01015,0.93529,-2e-05,-0.35388,-0.25689,0.33097,-0.35388,0.87477,2.85264,0.0,0.0,0.0,1.0,;
matrix_basis;1.0,0.0,0.0,0.0,-0.0,1.0,0.0,0.0,0.0,0.0,1.0,0.0,0.0,0.0,0.0,1.0,;
40.0;
matrix;-0.12525,-0.93529,-0.33097,0.03908,0.93529,-2e-05,-0.35388,0.07991,0.33097,-0.35388,0.87477,3.20394,0.0,0.0,0.0,1.0,;
matrix_basis;1.0,0.0,0.0,0.0,-0.0,1.0,0.0,0.0,0.0,0.0,1.0,0.0,0.0,0.0,0.0,1.0,;
8.0;
matrix;0.93049,-0.03181,-0.36493,0.0012,0.15697,0.93475,0.31876,-0.03906,0.33097,-0.35388,0.87477,2.80641,0.0,0.0,0.0,1.0,;
matrix_basis;1.0,0.0,0.0,0.0,-0.0,1.0,0.0,0.0,0.0,0.0,1.0,0.0,0.0,0.0,0.0,1.0,;
12.0;
matrix;-0.12535,-0.93521,-0.33116,0.28895,0.89221,0.03971,-0.44987,0.00269,0.43387,-0.35186,0.82943,2.30002,0.0,0.0,0.0,1.0,;
matrix_basis;1.0,0.0,0.0,0.0,-0.0,1.0,0.0,0.0,0.0,0.0,1.0,0.0,0.0,0.0,0.0,1.0,;
18.0;
matrix;-0.93715,-0.01476,0.34861,0.00075,-0.11046,-0.93517,-0.33653,0.03908,0.33097,-0.35388,0.87477,2.13297,0.0,0.0,0.0,1.0,;
matrix_basis;1.0,0.0,0.0,0.0,-0.0,1.0,0.0,0.0,0.0,0.0,1.0,0.0,0.0,0.0,0.0,1.0,;
30.0;
matrix;-0.12535,-0.93521,-0.33116,0.28895,0.89221,0.03971,-0.44987,0.00269,0.43387,-0.35186,0.82943,2.30002,0.0,0.0,0.0,1.0,;
matrix_basis;1.0,0.0,0.0,0.0,0.0,1.0,0.0,0.0,0.0,0.0,1.0,0.0,0.0,0.0,0.0,1.0,;
}
}
anim{
hidariKosiBone;
keys{
8;
1.0;
matrix;-0.30769,0.83205,0.46154,0.03908,-0.83205,0.0,-0.5547,-0.00013,-0.46154,-0.5547,0.69231,3.44441,0.0,0.0,0.0,1.0,;
matrix_basis;1.0,0.0,0.0,0.0,-0.0,1.0,0.0,0.0,0.0,0.0,1.0,0.0,0.0,0.0,0.0,1.0,;
2.0;
matrix;-0.30757,0.83217,0.4614,0.28895,-0.77496,0.06228,-0.62893,0.00269,-0.55212,-0.55101,0.62575,2.30002,0.0,0.0,0.0,1.0,;
matrix_basis;1.0,0.0,0.0,0.0,-0.0,1.0,0.0,0.0,0.0,0.0,1.0,0.0,0.0,0.0,0.0,1.0,;
20.0;
matrix;-0.30769,0.83205,0.46154,-0.01015,-0.83205,0.0,-0.5547,-0.25689,-0.46154,-0.5547,0.69231,2.85264,0.0,0.0,0.0,1.0,;
matrix_basis;1.0,-0.0,0.0,0.0,0.0,1.0,0.0,0.0,0.0,0.0,1.0,0.0,0.0,0.0,0.0,1.0,;
40.0;
matrix;-0.30769,0.83205,0.46154,0.03908,-0.83205,0.0,-0.5547,0.07991,-0.46154,-0.5547,0.69231,3.20394,0.0,0.0,0.0,1.0,;
matrix_basis;1.0,0.0,0.0,0.0,-0.0,1.0,0.0,0.0,0.0,0.0,1.0,0.0,0.0,0.0,0.0,1.0,;
8.0;
matrix;-0.84203,0.02828,-0.53869,0.0012,0.27923,-0.83157,-0.48013,-0.03906,-0.46154,-0.5547,0.69231,2.80641,0.0,0.0,0.0,1.0,;
matrix_basis;1.0,0.0,0.0,0.0,-0.0,1.0,0.0,0.0,0.0,0.0,1.0,0.0,0.0,0.0,0.0,1.0,;
12.0;
matrix;-0.30757,0.83217,0.4614,0.28895,-0.77496,0.06228,-0.62893,0.00269,-0.55212,-0.55101,0.62575,2.30002,0.0,0.0,0.0,1.0,;
matrix_basis;1.0,0.0,0.0,0.0,-0.0,1.0,0.0,0.0,0.0,0.0,1.0,0.0,0.0,0.0,0.0,1.0,;
18.0;
matrix;0.82708,0.01315,0.56192,0.00075,-0.3208,0.83195,0.45271,0.03908,-0.46154,-0.5547,0.69231,2.13297,0.0,0.0,0.0,1.0,;
matrix_basis;1.0,-0.0,0.0,0.0,0.0,1.0,0.0,0.0,0.0,0.0,1.0,0.0,0.0,0.0,0.0,1.0,;
30.0;
matrix;-0.30757,0.83217,0.4614,0.28895,-0.77496,0.06228,-0.62893,0.00269,-0.55212,-0.55101,0.62575,2.30002,0.0,0.0,0.0,1.0,;
matrix_basis;1.0,0.0,0.0,0.0,0.0,1.0,0.0,0.0,0.0,0.0,1.0,0.0,0.0,0.0,0.0,1.0,;
}
}
anim{
migiLegSitaBone;
keys{
8;
1.0;
matrix;0.99129,-0.09334,0.09293,-0.87935,-0.09334,0.0,0.99563,-0.00031,-0.09293,-0.99563,-0.00871,0.74783,0.0,0.0,0.0,1.0,;
matrix_basis;1.0,-0.0,0.0,0.0,0.0,1.0,0.0,0.0,0.0,0.0,1.0,0.0,0.0,0.0,0.0,1.0,;
2.0;
matrix;0.99315,-0.07065,0.09311,-2.5022,-0.09411,-0.01093,0.9955,-0.60151,-0.06932,-0.99744,-0.01751,0.91958,0.0,0.0,0.0,1.0,;
matrix_basis;0.60432,0.662,-0.44334,0.0,-0.79669,0.50862,-0.32649,0.0,0.00936,0.5505,0.83478,0.0,0.0,0.0,0.0,1.0,;
20.0;
matrix;0.99129,-0.09334,0.09293,-0.92858,-0.08921,0.04328,0.99507,-2.56747,-0.0969,-0.99469,0.03457,1.84949,0.0,0.0,0.0,1.0,;
matrix_basis;0.98715,-0.15827,-0.02192,0.0,0.02123,0.26589,-0.96377,0.0,0.15837,0.95092,0.26584,0.0,0.0,0.0,0.0,1.0,;
40.0;
matrix;0.99129,-0.09334,0.09293,-0.87935,0.01523,0.78203,0.62306,1.98296,-0.13083,-0.61621,0.77664,1.43061,0.0,0.0,0.0,1.0,;
matrix_basis;1.0,-0.0,0.0,0.0,0.0,1.0,0.0,0.0,0.0,0.0,1.0,0.0,0.0,0.0,0.0,1.0,;
8.0;
matrix;-0.06197,-0.0288,0.99766,-2.12906,-0.99389,0.09329,-0.05904,0.87883,-0.09137,-0.99522,-0.0344,1.33401,0.0,0.0,0.0,1.0,;
matrix_basis;0.99414,-0.09501,-0.05152,0.0,0.00589,0.52356,-0.85197,0.0,0.10792,0.84667,0.52105,0.0,0.0,0.0,0.0,1.0,;
12.0;
matrix;0.99315,-0.07065,0.09311,-2.5022,-0.09411,-0.01093,0.9955,-0.60151,-0.06932,-0.99744,-0.01751,0.91958,0.0,0.0,0.0,1.0,;
matrix_basis;0.60432,0.662,-0.44334,0.0,-0.79669,0.50862,-0.32649,0.0,0.00936,0.5505,0.83478,0.0,0.0,0.0,0.0,1.0,;
18.0;
matrix;-0.03704,-0.89953,-0.43528,-2.19951,0.98969,-0.09333,0.10866,-0.87924,-0.13836,-0.42677,0.89371,0.82021,0.0,0.0,0.0,1.0,;
matrix_basis;1.0,-0.0,-0.0,0.0,0.0,1.0,-0.0,0.0,0.0,0.0,1.0,0.0,0.0,0.0,0.0,1.0,;
30.0;
matrix;0.99315,-0.07065,0.09311,-2.5022,-0.09411,-0.01094,0.9955,-0.60151,-0.06932,-0.99744,-0.01751,0.91958,0.0,0.0,0.0,1.0,;
matrix_basis;0.60432,0.662,-0.44334,0.0,-0.79669,0.50862,-0.32649,0.0,0.00936,0.5505,0.83478,0.0,0.0,0.0,0.0,1.0,;
}
}
}
