verts{
71;
0,-0.09509,-0.2321,8.0369,0.58889,-0.79266,0.15772,1.0,0.0,;
1,-0.14381,-0.25971,8.08006,0.0361,-0.99313,-0.11118,1.0,1.0,;
2,-0.19283,-0.26947,8.10153,0.10074,-0.9949,-0.0018,1.0,1.0,;
3,-0.26977,-0.24932,8.08121,-0.33027,-0.80483,0.49306,1.0,1.0,;
4,-0.33706,-0.24172,8.03378,-0.64541,-0.75137,-0.13733,0.0,0.0,;
5,-0.34568,-0.22235,8.02004,-0.59011,-0.80129,-0.09836,1.0,1.0,;
6,-0.37434,-0.21693,8.01573,-0.1431,-0.98242,-0.11982,1.0,1.0,;
7,-0.40371,-0.21266,8.01034,-0.28858,-0.93149,-0.22144,1.0,1.0,;
8,-0.45698,-0.18406,7.99686,-0.39964,-0.87426,-0.27552,0.0,0.0,;
9,-0.4038,-0.19886,7.96668,-0.36494,-0.88275,-0.29585,0.0,0.0,;
10,-0.37285,-0.19904,7.93838,-0.51683,-0.83532,-0.18729,1.0,1.0,;
11,-0.35394,-0.21864,7.89876,-0.64766,-0.75903,0.06635,0.0,0.0,;
12,-0.35709,-0.21145,7.95024,-0.46211,-0.87439,-0.14777,0.0,0.0,;
13,-0.32762,-0.24491,8.01169,-0.73339,-0.65477,0.18268,1.0,1.0,;
14,-0.31037,-0.26092,8.01806,-0.51543,-0.82968,0.21427,1.0,1.0,;
15,-0.27749,-0.26811,8.04043,-0.41554,-0.88073,0.22709,1.0,1.0,;
16,-0.25899,-0.27393,8.05274,-0.30409,-0.79559,0.52394,1.0,1.0,;
17,-0.23132,-0.26881,8.06603,-0.21149,-0.82528,0.52361,1.0,1.0,;
18,-0.20329,-0.27549,8.06792,0.04019,-0.98086,0.19037,1.0,1.0,;
19,-0.16925,-0.25274,8.06855,0.01477,-0.97772,-0.20927,1.0,1.0,;
20,-0.14472,-0.26132,8.0327,0.2522,-0.96606,0.05554,1.0,0.0,;
21,-0.13304,-0.26061,8.00063,0.45357,-0.8894,0.05686,1.0,1.0,;
22,-0.0972,-0.23835,8.00063,0.52748,-0.84951,-0.00507,0.0,0.0,;
23,-0.11759,-0.25116,8.02516,0.48723,-0.86947,0.08136,1.0,0.0,;
24,-0.14236,-0.2595,7.90699,0.0871,-0.97726,-0.19315,1.0,1.0,;
25,-0.20131,-0.25882,7.87699,0.01944,-0.95334,-0.30125,1.0,1.0,;
26,-0.23,-0.25888,7.87434,-0.06418,-0.89639,-0.43852,0.0,0.0,;
27,-0.25155,-0.25758,7.88557,-0.03186,-0.03262,0.99893,-1,-1,;
28,-0.27468,-0.26846,7.89549,-0.08325,-0.82974,-0.55184,1.0,0.0,;
29,-0.27297,-0.23901,7.85095,-0.13968,-0.86642,-0.47932,1.0,1.0,;
30,-0.24137,-0.24291,7.84275,-0.1858,-0.90225,-0.38908,0.0,0.0,;
31,-0.22616,-0.24265,7.83601,-0.08109,-0.9219,-0.37877,1.0,1.0,;
32,-0.1762,-0.25188,7.8532,0.02063,-0.96542,-0.25983,1.0,1.0,;
33,-0.11759,-0.25116,8.02516,0.48723,-0.86947,0.08136,0.0,0.0,;
34,-0.11759,-0.25116,8.02516,0.48723,-0.86947,0.08136,0.0,0.0,;
35,-0.14472,-0.26132,8.0327,0.2522,-0.96606,0.05554,0.0,0.0,;
36,-0.14472,-0.26132,8.0327,0.2522,-0.96606,0.05554,0.0,0.0,;
37,-0.14381,-0.25971,8.08006,0.0361,-0.99313,-0.11118,1.0,0.0,;
38,-0.16925,-0.25274,8.06855,0.01477,-0.97772,-0.20927,0.0,0.0,;
39,-0.14381,-0.25971,8.08006,0.0361,-0.99313,-0.11118,1.0,0.0,;
40,-0.16925,-0.25274,8.06855,0.01477,-0.97772,-0.20927,0.0,0.0,;
41,-0.19283,-0.26947,8.10153,0.10074,-0.9949,-0.0018,1.0,0.0,;
42,-0.20329,-0.27549,8.06792,0.04019,-0.98086,0.19037,0.0,0.0,;
43,-0.19283,-0.26947,8.10153,0.10074,-0.9949,-0.0018,1.0,0.0,;
44,-0.20329,-0.27549,8.06792,0.04019,-0.98086,0.19037,0.0,0.0,;
45,-0.26977,-0.24932,8.08121,-0.33027,-0.80483,0.49306,1.0,0.0,;
46,-0.23132,-0.26881,8.06603,-0.21149,-0.82528,0.52361,0.0,0.0,;
47,-0.26977,-0.24932,8.08121,-0.33027,-0.80483,0.49306,1.0,0.0,;
48,-0.25899,-0.27393,8.05274,-0.30409,-0.79559,0.52394,1.0,0.0,;
49,-0.25899,-0.27393,8.05274,-0.30409,-0.79559,0.52394,0.0,0.0,;
50,-0.33706,-0.24172,8.03378,-0.64541,-0.75137,-0.13733,1.0,0.0,;
51,-0.27749,-0.26811,8.04043,-0.41554,-0.88073,0.22709,0.0,0.0,;
52,-0.33706,-0.24172,8.03378,-0.64541,-0.75137,-0.13733,1.0,0.0,;
53,-0.31037,-0.26092,8.01806,-0.51543,-0.82968,0.21427,0.0,0.0,;
54,-0.33706,-0.24172,8.03378,-0.64541,-0.75137,-0.13733,1.0,0.0,;
55,-0.31037,-0.26092,8.01806,-0.51543,-0.82968,0.21427,0.0,0.0,;
56,-0.34568,-0.22235,8.02004,-0.59011,-0.80129,-0.09836,1.0,0.0,;
57,-0.34568,-0.22235,8.02004,-0.59011,-0.80129,-0.09836,1.0,0.0,;
58,-0.32762,-0.24491,8.01169,-0.73339,-0.65477,0.18268,1.0,0.0,;
59,-0.37434,-0.21693,8.01573,-0.1431,-0.98242,-0.11982,1.0,0.0,;
60,-0.35709,-0.21145,7.95024,-0.46211,-0.87439,-0.14777,1.0,0.0,;
61,-0.4038,-0.19886,7.96668,-0.36494,-0.88275,-0.29585,1.0,0.0,;
62,-0.4038,-0.19886,7.96668,-0.36494,-0.88275,-0.29585,1.0,0.0,;
63,-0.35709,-0.21145,7.95024,-0.46211,-0.87439,-0.14777,1.0,0.0,;
64,-0.23,-0.25888,7.87434,-0.06418,-0.89639,-0.43852,1.0,0.0,;
65,-0.24137,-0.24291,7.84275,-0.1858,-0.90225,-0.38908,1.0,0.0,;
66,-0.22616,-0.24265,7.83601,-0.08109,-0.9219,-0.37877,1.0,0.0,;
67,-0.20131,-0.25882,7.87699,0.01944,-0.95334,-0.30125,0.0,0.0,;
68,-0.22616,-0.24265,7.83601,-0.08109,-0.9219,-0.37877,1.0,0.0,;
69,-0.20131,-0.25882,7.87699,0.01944,-0.95334,-0.30125,0.0,0.0,;
70,-0.1762,-0.25188,7.8532,0.02063,-0.96542,-0.25983,1.0,0.0,;
}
polygons{
28;
0,0.52751,-0.84953,-0.00507,1,22,23,21,;
1,0.58891,-0.79266,0.15773,1,33,0,1,;
2,0.37662,-0.91898,0.11675,1,34,20,21,;
3,0.35663,-0.93392,0.02479,1,35,23,1,;
4,-0.28017,-0.9592,0.03789,1,36,37,19,;
5,-0.02971,-0.88265,-0.46908,1,38,39,2,;
6,0.55578,-0.83097,-0.02434,1,40,41,18,;
7,-0.30831,-0.91513,0.25978,1,42,43,3,;
8,-0.23345,-0.84096,0.48814,1,44,45,17,;
9,-0.15102,-0.77554,0.61296,1,46,47,16,;
10,-0.43143,-0.757,0.49073,1,4,48,3,;
11,-0.41548,-0.88598,0.20593,1,49,50,15,;
12,-0.41269,-0.84738,0.33411,1,51,52,14,;
13,-0.67976,-0.60092,-0.4205,1,53,54,5,;
14,-0.70673,-0.66012,0.25451,1,55,56,13,;
15,-0.16621,-0.97807,-0.12555,1,12,57,6,;
16,-0.77516,-0.63114,0.02816,1,12,58,5,;
17,-0.12216,-0.98587,-0.1146,1,12,59,7,;
18,-0.34114,-0.8965,-0.28269,1,9,60,7,;
19,-0.39964,-0.87428,-0.27554,1,8,61,7,;
20,-0.36614,-0.84253,-0.39508,1,12,62,10,;
21,-0.64766,-0.75903,0.06636,1,11,63,10,;
22,-0.08326,-0.82977,-0.55187,1,26,28,29,;
23,-0.20986,-0.90096,-0.37978,1,30,64,29,;
24,-0.16075,-0.90298,-0.39849,1,26,65,31,;
25,0.03753,-0.92153,-0.3865,1,26,66,25,;
26,-0.05827,-0.94015,-0.33575,1,67,68,32,;
27,0.08711,-0.97729,-0.19318,1,69,70,24,;
}
materials{
2;
0,1.0,1.0,1.0,resrc/ponko2-2/ponko.png,;
1,0.094,0.047,0.239,none.png,;
}
boneinfo{
22;
0,doBone,;
matrix;1.0,0.0,0.0,0.0,0.0,0.18471,-0.98279,0.0,-0.0,0.98279,0.18471,0.0,0.0,0.0,0.0,1.0,;
matrix_local;1.0,0.0,0.0,0.0,0.0,0.18471,-0.98279,0.0,-0.0,0.98279,0.18471,4.3594,0.0,0.0,0.0,1.0,;
1,muneBone,;
matrix;-1.0,-0.0,0.0,0.0,0.0,0.98279,0.18471,0.0,-0.0,0.18471,-0.98279,0.0,0.0,0.0,0.0,1.0,;
matrix_local;-1.0,-0.0,0.0,0.0,0.0,-0.0,1.0,0.18795,-0.0,1.0,0.0,5.3594,0.0,0.0,0.0,1.0,;
2,migiSakotuBone,;
matrix;0.32681,0.93545,-0.13463,0.0,-0.13463,0.18708,0.97307,0.0,0.93545,-0.29989,0.18708,0.0,0.0,0.0,0.0,1.0,;
matrix_local;-0.32681,-0.93545,0.13463,0.0,0.93545,-0.29989,0.18708,0.18795,-0.13463,0.18708,0.97307,6.43428,0.0,0.0,0.0,1.0,;
3,migiArmBone,;
matrix;0.82932,0.5118,-0.22426,0.0,-0.37934,0.81036,0.44657,0.0,0.41028,-0.28528,0.86619,0.0,0.0,0.0,0.0,1.0,;
matrix_local;0.13905,-0.96372,-0.22783,-0.58624,0.9663,0.18237,-0.18165,1e-05,0.21661,-0.1949,0.95661,6.55152,0.0,0.0,0.0,1.0,;
4,migiArmSitaBone,;
matrix;0.98014,-0.18034,0.08247,0.0,0.18942,0.97451,-0.12019,0.0,-0.05869,0.13342,0.98932,0.0,0.0,0.0,0.0,1.0,;
matrix_local;-0.03288,-0.99463,-0.09811,-2.0323,0.99232,-0.02078,-0.12194,0.27366,0.11925,-0.10136,0.98768,6.25908,0.0,0.0,0.0,1.0,;
5,hidariSakotuBone,;
matrix;0.24992,-0.96348,0.09616,0.0,0.09616,0.12352,0.98767,0.0,-0.96348,-0.2376,0.12352,0.0,0.0,0.0,0.0,1.0,;
matrix_local;-0.24992,0.96348,-0.09616,0.0,-0.96348,-0.2376,0.12352,0.18795,0.09616,0.12352,0.98767,6.43428,0.0,0.0,0.0,1.0,;
6,hidariArmBone,;
matrix;0.87239,-0.43331,0.22622,0.0,0.32536,0.86014,0.39282,0.0,-0.36479,-0.26909,0.89136,0.0,0.0,0.0,0.0,1.0,;
matrix_local;0.13052,0.96289,0.23622,0.76211,-0.96289,0.17988,-0.2012,1e-05,-0.23622,-0.2012,0.95064,6.53198,0.0,0.0,0.0,1.0,;
7,hidariArmSitaBone,;
matrix;0.98003,0.1545,-0.12517,0.0,-0.16973,0.97792,-0.12188,0.0,0.10358,0.14069,0.98462,0.0,0.0,0.0,0.0,1.0,;
matrix_local;-0.01105,0.99504,0.09889,2.07139,-0.99504,-0.00116,-0.0995,0.24459,-0.09889,-0.0995,0.99011,6.25841,0.0,0.0,0.0,1.0,;
8,kubiBone,;
matrix;-0.99968,-0.02084,-0.01452,0.0,-0.01452,0.9379,-0.34661,0.0,0.02084,-0.34628,-0.9379,0.0,0.0,0.0,0.0,1.0,;
matrix_local;0.99968,0.02084,0.01452,0.0,0.02084,-0.34628,-0.9379,0.18795,-0.01452,0.9379,-0.34661,6.43428,0.0,0.0,0.0,1.0,;
9,kubiUeBone,;
matrix;0.99942,0.02711,0.02078,0.0,-0.03262,0.93795,0.34523,0.0,-0.01013,-0.3457,0.93829,0.0,0.0,0.0,0.0,1.0,;
matrix_local;0.99827,0.04163,0.04159,0.01131,0.04163,0.0,-0.99913,0.0,-0.04159,0.99913,-0.00173,6.94332,0.0,0.0,0.0,1.0,;
10,atamaBone,;
matrix;0.99827,-0.04159,-0.04163,0.0,0.04163,0.99913,0.0,0.0,0.04159,-0.00173,0.99913,0.0,0.0,0.0,0.0,1.0,;
matrix_local;1.0,-0.0,0.0,0.03394,0.0,0.0,-1.0,0.0,0.0,1.0,0.0,7.4863,0.0,0.0,0.0,1.0,;
11,kosiBone,;
matrix;0.99962,0.02031,-0.01841,0.0,0.02184,-0.99594,0.08738,0.0,-0.01656,-0.08775,-0.996,0.0,0.0,0.0,0.0,1.0,;
matrix_local;0.99962,0.02031,-0.01841,0.0,0.02031,-0.09772,0.99501,0.18795,0.01841,-0.99501,-0.0981,5.3594,0.0,0.0,0.0,1.0,;
12,migiKosiBone,;
matrix;-0.10012,-0.94145,-0.32193,0.0,-0.42326,0.33312,-0.84254,0.0,0.90046,0.05191,-0.43184,0.0,0.0,0.0,0.0,1.0,;
matrix_local;-0.12525,-0.93529,-0.33097,0.03908,0.93529,-2e-05,-0.35388,-0.00013,0.33097,-0.35388,0.87477,3.44441,0.0,0.0,0.0,1.0,;
13,migiLegBone,;
matrix;-0.22615,-0.3199,0.92007,0.0,-0.90089,0.42792,-0.07265,0.0,-0.37048,-0.84531,-0.38497,0.0,0.0,0.0,0.0,1.0,;
matrix_local;0.99354,-0.08039,0.08012,-0.68394,-0.08039,-7e-05,0.99676,-0.00015,-0.08012,-0.99676,-0.00653,3.17084,0.0,0.0,0.0,1.0,;
14,migiLegSitaBone,;
matrix;0.99983,-0.01297,0.01299,0.0,0.01295,0.99992,0.00115,0.0,-0.01301,-0.00098,0.99991,0.0,0.0,0.0,0.0,1.0,;
matrix_local;0.99129,-0.09334,0.09293,-0.87935,-0.09334,0.0,0.99563,-0.00031,-0.09293,-0.99563,-0.00871,0.74783,0.0,0.0,0.0,1.0,;
15,migiFootBone,;
matrix;0.99494,0.07089,-0.07125,0.0,-0.07118,0.99746,-0.00158,0.0,0.07096,0.00665,0.99746,0.0,0.0,0.0,0.0,1.0,;
matrix_local;0.99951,-0.02222,0.02221,-1.11385,-0.02222,0.0,0.99975,-0.00031,-0.02221,-0.99975,-0.00049,-1.75352,0.0,0.0,0.0,1.0,;
16,migiFootSitaBone,;
matrix;0.87241,-0.35789,0.33289,0.0,0.33132,0.93373,0.13554,0.0,-0.35934,-0.00795,0.93317,0.0,0.0,0.0,0.0,1.0,;
matrix_local;0.85664,-0.37863,0.35044,-1.13339,-0.37863,0.0,0.92555,-0.00031,-0.35044,-0.92555,-0.14336,-2.63289,0.0,0.0,0.0,1.0,;
17,hidariKosiBone,;
matrix;-0.33297,0.82153,0.46284,0.0,0.5343,0.56883,-0.62527,0.0,-0.77696,0.0391,-0.62834,0.0,0.0,0.0,0.0,1.0,;
matrix_local;-0.30769,0.83205,0.46154,0.03908,-0.83205,0.0,-0.5547,-0.00013,-0.46154,-0.5547,0.69231,3.44441,0.0,0.0,0.0,1.0,;
18,hidariLegBone,;
matrix;-0.43874,0.42701,-0.79068,0.0,0.76562,0.63829,-0.08012,0.0,0.47047,-0.64051,-0.60696,0.0,0.0,0.0,0.0,1.0,;
matrix_local;0.98917,0.10408,-0.10352,0.71435,0.10408,0.0,0.99457,-0.00013,0.10352,-0.99457,-0.01083,2.99423,0.0,0.0,0.0,1.0,;
19,hidariLegSitaBone,;
matrix;0.99964,-0.01901,0.01913,0.0,0.01904,0.99982,-0.00163,0.0,-0.01909,0.00199,0.99982,0.0,0.0,0.0,0.0,1.0,;
matrix_local;0.99277,0.08506,-0.08475,0.96757,0.08506,0.0,0.99638,-0.00013,0.08475,-0.99638,-0.00723,0.57452,0.0,0.0,0.0,1.0,;
20,hidariFootBone,;
matrix;0.98601,-0.11778,0.11797,0.0,0.11814,0.99299,0.00394,0.0,-0.11761,0.01005,0.99301,0.0,0.0,0.0,0.0,1.0,;
matrix_local;0.99889,-0.03331,0.0333,1.16453,-0.03331,0.0,0.99945,-0.00013,-0.0333,-0.99944,-0.00111,-1.73264,0.0,0.0,0.0,1.0,;
21,hidariFootSitaBone,;
matrix;0.80824,0.43611,-0.39567,0.0,-0.39875,0.89977,0.17722,0.0,0.43331,0.01454,0.90113,0.0,0.0,0.0,0.0,1.0,;
matrix_local;0.83505,0.40614,-0.37113,1.13639,0.40614,0.0,0.91381,-0.00013,0.37113,-0.91381,-0.16495,-2.57672,0.0,0.0,0.0,1.0,;
}
bone_layer{
doBone;
2;
  bone_layer{
  muneBone;
  3;
    bone_layer{
    migiSakotuBone;
    1;
      bone_layer{
      migiArmBone;
      1;
        bone_layer{
        migiArmSitaBone;
        0;
        }
      }
    }
    bone_layer{
    hidariSakotuBone;
    1;
      bone_layer{
      hidariArmBone;
      1;
        bone_layer{
        hidariArmSitaBone;
        0;
        }
      }
    }
    bone_layer{
    kubiBone;
    1;
      bone_layer{
      kubiUeBone;
      1;
        bone_layer{
        atamaBone;
        0;
        }
      }
    }
  }
  bone_layer{
  kosiBone;
  2;
    bone_layer{
    migiKosiBone;
    1;
      bone_layer{
      migiLegBone;
      1;
        bone_layer{
        migiLegSitaBone;
        1;
          bone_layer{
          migiFootBone;
          1;
            bone_layer{
            migiFootSitaBone;
            0;
            }
          }
        }
      }
    }
    bone_layer{
    hidariKosiBone;
    1;
      bone_layer{
      hidariLegBone;
      1;
        bone_layer{
        hidariLegSitaBone;
        1;
          bone_layer{
          hidariFootBone;
          1;
            bone_layer{
            hidariFootSitaBone;
            0;
            }
          }
        }
      }
    }
  }
}
boneweights{
71;
0,1,10,1.00076,;
1,1,10,1.00075,;
2,1,10,1.00075,;
3,1,10,1.00076,;
4,1,10,1.00076,;
5,1,10,1.00076,;
6,1,10,1.00077,;
7,1,10,1.00077,;
8,1,10,1.00077,;
9,1,10,1.00077,;
10,1,10,1.00077,;
11,1,10,1.00077,;
12,1,10,1.00077,;
13,1,10,1.00076,;
14,1,10,1.00076,;
15,1,10,1.00075,;
16,1,10,1.00075,;
17,1,10,1.00075,;
18,1,10,1.00075,;
19,1,10,1.00075,;
20,1,10,1.00075,;
21,1,10,1.00075,;
22,1,10,1.00075,;
23,1,10,1.00076,;
24,1,10,0.9958,;
25,1,10,0.99574,;
26,1,10,0.99573,;
27,1,10,1.0,;
28,1,10,0.99574,;
29,1,10,0.99574,;
30,1,10,0.99575,;
31,1,10,0.99575,;
32,1,10,0.99576,;
33,1,10,1.00076,;
34,1,10,1.00076,;
35,1,10,1.00075,;
36,1,10,1.00075,;
37,1,10,1.00075,;
38,1,10,1.00075,;
39,1,10,1.00075,;
40,1,10,1.00075,;
41,1,10,1.00075,;
42,1,10,1.00075,;
43,1,10,1.00075,;
44,1,10,1.00075,;
45,1,10,1.00076,;
46,1,10,1.00075,;
47,1,10,1.00076,;
48,1,10,1.00075,;
49,1,10,1.00075,;
50,1,10,1.00076,;
51,1,10,1.00075,;
52,1,10,1.00076,;
53,1,10,1.00076,;
54,1,10,1.00076,;
55,1,10,1.00076,;
56,1,10,1.00076,;
57,1,10,1.00076,;
58,1,10,1.00076,;
59,1,10,1.00077,;
60,1,10,1.00077,;
61,1,10,1.00077,;
62,1,10,1.00077,;
63,1,10,1.00077,;
64,1,10,0.99573,;
65,1,10,0.99575,;
66,1,10,0.99575,;
67,1,10,0.99574,;
68,1,10,0.99575,;
69,1,10,0.99574,;
70,1,10,0.99576,;
}
