verts{
44;
0,0.04096,-0.05523,0.11709,-0.57735,0.57735,-0.57735,0.0,0.0,;
1,0.04096,-0.05523,-0.10291,-0.57735,0.57735,0.57735,1.0,0.0,;
2,-0.07904,-0.05523,0.11709,0.57735,0.57735,-0.57735,0.0,1.0,;
3,-0.07904,-0.05523,-0.10291,0.57735,0.57735,0.57735,1.0,1.0,;
4,-0.07904,0.06477,0.11709,0.57735,-0.57735,-0.57735,0.0,1.0,;
5,-0.07904,0.06477,-0.10291,0.57735,-0.57735,0.57735,1.0,1.0,;
6,0.04096,0.06477,0.11709,-0.57735,-0.57735,-0.57735,0.0,1.0,;
7,0.04096,0.06477,-0.10291,-0.57735,-0.57735,0.57735,1.0,1.0,;
8,0.51937,-0.05523,0.01709,-0.57735,0.57735,-0.57735,0.0,0.0,;
9,0.51937,-0.05523,-0.00291,-0.57735,0.57735,0.57735,1.0,0.0,;
10,0.01937,-0.05523,0.01709,0.57735,0.57735,-0.57735,0.0,1.0,;
11,0.01937,-0.05523,-0.00291,0.57735,0.57735,0.57735,1.0,1.0,;
12,0.01937,0.06477,0.01709,0.57735,-0.57735,-0.57735,0.0,1.0,;
13,0.01937,0.06477,-0.00291,0.57735,-0.57735,0.57735,1.0,1.0,;
14,0.51937,0.06477,0.01709,-0.57735,-0.57735,-0.57735,0.0,1.0,;
15,0.51937,0.06477,-0.00291,-0.57735,-0.57735,0.57735,1.0,1.0,;
16,-0.07904,-0.05523,0.11709,0.57735,0.57735,-0.57735,0.0,0.0,;
17,-0.07904,-0.05523,-0.10291,0.57735,0.57735,0.57735,1.0,0.0,;
18,-0.07904,0.06477,0.11709,0.57735,-0.57735,-0.57735,0.0,0.0,;
19,-0.07904,0.06477,-0.10291,0.57735,-0.57735,0.57735,1.0,0.0,;
20,0.04096,-0.05523,-0.10291,-0.57735,0.57735,0.57735,0.0,0.0,;
21,0.04096,-0.05523,0.11709,-0.57735,0.57735,-0.57735,1.0,0.0,;
22,0.04096,0.06477,0.11709,-0.57735,-0.57735,-0.57735,1.0,1.0,;
23,0.04096,0.06477,-0.10291,-0.57735,-0.57735,0.57735,0.0,1.0,;
24,0.04096,0.06477,0.11709,-0.57735,-0.57735,-0.57735,0.0,0.0,;
25,0.04096,-0.05523,0.11709,-0.57735,0.57735,-0.57735,1.0,0.0,;
26,-0.07904,-0.05523,0.11709,0.57735,0.57735,-0.57735,1.0,1.0,;
27,0.04096,-0.05523,-0.10291,-0.57735,0.57735,0.57735,0.0,0.0,;
28,0.04096,0.06477,-0.10291,-0.57735,-0.57735,0.57735,1.0,0.0,;
29,-0.07904,-0.05523,-0.10291,0.57735,0.57735,0.57735,0.0,1.0,;
30,0.01937,-0.05523,0.01709,0.57735,0.57735,-0.57735,0.0,0.0,;
31,0.01937,-0.05523,-0.00291,0.57735,0.57735,0.57735,1.0,0.0,;
32,0.01937,0.06477,0.01709,0.57735,-0.57735,-0.57735,0.0,0.0,;
33,0.01937,0.06477,-0.00291,0.57735,-0.57735,0.57735,1.0,0.0,;
34,0.51937,0.06477,0.01709,-0.57735,-0.57735,-0.57735,0.0,0.0,;
35,0.51937,0.06477,-0.00291,-0.57735,-0.57735,0.57735,1.0,0.0,;
36,0.51937,-0.05523,-0.00291,-0.57735,0.57735,0.57735,1.0,1.0,;
37,0.51937,-0.05523,0.01709,-0.57735,0.57735,-0.57735,0.0,1.0,;
38,0.51937,0.06477,0.01709,-0.57735,-0.57735,-0.57735,0.0,0.0,;
39,0.51937,-0.05523,0.01709,-0.57735,0.57735,-0.57735,1.0,0.0,;
40,0.01937,-0.05523,0.01709,0.57735,0.57735,-0.57735,1.0,1.0,;
41,0.51937,-0.05523,-0.00291,-0.57735,0.57735,0.57735,0.0,0.0,;
42,0.51937,0.06477,-0.00291,-0.57735,-0.57735,0.57735,1.0,0.0,;
43,0.01937,-0.05523,-0.00291,0.57735,0.57735,0.57735,0.0,1.0,;
}
polygons{
24;
0,0.0,1.0,-0.0,0,0,1,3,;
1,1.0,0.0,0.0,0,16,17,5,;
2,0.0,-1.0,0.0,0,18,19,7,;
3,-1.0,-0.0,0.0,0,20,21,22,;
4,0.0,-0.0,-1.0,0,24,25,26,;
5,0.0,0.0,1.0,0,27,28,5,;
6,-0.0,1.0,0.0,0,8,9,11,;
7,1.0,0.0,0.0,0,30,31,13,;
8,-0.0,-1.0,0.0,0,32,33,15,;
9,-1.0,0.0,0.0,0,34,35,36,;
10,0.0,-0.0,-1.0,0,38,39,40,;
11,0.0,0.0,1.0,0,41,42,13,;
12,0.0,1.0,-0.0,0,0,3,2,;
13,1.0,0.0,0.0,0,16,5,4,;
14,0.0,-1.0,0.0,0,18,7,6,;
15,-1.0,-0.0,0.0,0,20,22,23,;
16,0.0,-0.0,-1.0,0,24,26,4,;
17,0.0,0.0,1.0,0,27,5,29,;
18,-0.0,1.0,0.0,0,8,11,10,;
19,1.0,0.0,0.0,0,30,13,12,;
20,-0.0,-1.0,0.0,0,32,15,14,;
21,-1.0,0.0,0.0,0,34,36,37,;
22,0.0,-0.0,-1.0,0,38,40,12,;
23,0.0,0.0,1.0,0,41,13,43,;
}
materials{
1;
0,0.435,0.314,1.0,none.png,;
}
boneinfo{
4;
0,doBone,;
matrix;1.0,0.0,0.0,0.0,0.0,0.0,-1.0,0.0,0.0,1.0,0.0,0.0,0.0,0.0,0.0,1.0,;
matrix_local;1.0,0.0,0.0,0.00227,0.0,0.0,-1.0,0.0,0.0,1.0,0.0,0.0,0.0,0.0,0.0,1.0,;
1,modoruBone,;
matrix;0.93344,-0.04739,-0.3556,0.0,-0.0374,-0.99869,0.03493,0.0,-0.35679,-0.01931,-0.93399,0.0,0.0,0.0,0.0,1.0,;
matrix_local;0.93344,-0.04739,-0.3556,0.00227,0.35679,0.01931,0.93399,0.0,-0.0374,-0.99869,0.03493,0.2843,0.0,0.0,0.0,1.0,;
2,firemaeBone,;
matrix;0.35585,0.93086,-0.08293,0.0,0.27186,-0.01821,0.96217,0.0,0.89413,-0.36493,-0.25954,0.0,0.0,0.0,0.0,1.0,;
matrix_local;0.00133,0.99953,-0.03072,-0.00924,0.96731,-0.00907,-0.25342,0.00469,-0.25358,-0.02938,-0.96687,0.04174,0.0,0.0,0.0,1.0,;
3,fireBone,;
matrix;-0.46058,-0.27656,-0.84343,0.0,0.88638,-0.09311,-0.4535,0.0,0.04689,-0.95647,0.28803,0.0,0.0,0.0,0.0,1.0,;
matrix_local;0.88391,-0.06406,-0.46325,0.61759,-0.46545,-0.02429,-0.88474,-0.001,0.04542,0.99765,-0.05129,0.02332,0.0,0.0,0.0,1.0,;
}
bone_layer{
doBone;
1;
  bone_layer{
  modoruBone;
  1;
    bone_layer{
    firemaeBone;
    1;
      bone_layer{
      fireBone;
      0;
      }
    }
  }
}
boneweights{
44;
0,3,0,0.19464,1,0.02345,2,0.76863,;
1,2,0,0.89582,2,0.08896,;
2,3,0,0.81837,1,0.0913,2,0.09033,;
3,2,0,0.94453,2,0.01142,;
4,3,0,0.10931,1,0.81701,2,0.07368,;
5,3,0,0.89569,1,0.07392,2,0.01078,;
6,3,0,0.105,1,0.14215,2,0.75285,;
7,3,0,0.87293,1,0.0161,2,0.09401,;
8,1,2,1.0,;
9,1,2,1.0,;
10,1,2,1.0,;
11,1,2,1.0,;
12,1,2,1.0,;
13,1,2,1.0,;
14,1,2,1.0,;
15,1,2,1.0,;
16,3,0,0.81837,1,0.0913,2,0.09033,;
17,2,0,0.94453,2,0.01142,;
18,3,0,0.10931,1,0.81701,2,0.07368,;
19,3,0,0.89569,1,0.07392,2,0.01078,;
20,2,0,0.89582,2,0.08896,;
21,3,0,0.19464,1,0.02345,2,0.76863,;
22,3,0,0.105,1,0.14215,2,0.75285,;
23,3,0,0.87293,1,0.0161,2,0.09401,;
24,3,0,0.105,1,0.14215,2,0.75285,;
25,3,0,0.19464,1,0.02345,2,0.76863,;
26,3,0,0.81837,1,0.0913,2,0.09033,;
27,2,0,0.89582,2,0.08896,;
28,3,0,0.87293,1,0.0161,2,0.09401,;
29,2,0,0.94453,2,0.01142,;
30,1,2,1.0,;
31,1,2,1.0,;
32,1,2,1.0,;
33,1,2,1.0,;
34,1,2,1.0,;
35,1,2,1.0,;
36,1,2,1.0,;
37,1,2,1.0,;
38,1,2,1.0,;
39,1,2,1.0,;
40,1,2,1.0,;
41,1,2,1.0,;
42,1,2,1.0,;
43,1,2,1.0,;
}
