verts{
120;
0,-0.24452,-0.25001,0.7509,-0.57735,-0.57735,0.57735,0.05579,0.60762,;
1,-0.24452,-0.25001,0.5509,-0.57735,-0.57735,-0.57735,0.12921,0.60739,;
2,0.25548,-0.25001,0.7509,0.57735,-0.57735,0.57735,0.05635,0.79118,;
3,0.25548,-0.25001,0.5509,0.57735,-0.57735,-0.57735,0.12977,0.79096,;
4,0.25548,0.24999,0.7509,0.57735,0.57735,0.57735,0.87192,0.79265,;
5,0.25548,0.24999,0.5509,0.57735,0.57735,-0.57735,0.94534,0.79242,;
6,-0.24452,0.24999,0.7509,-0.57735,0.57735,0.57735,0.17156,0.97531,;
7,-0.24452,0.24999,0.5509,-0.57735,0.57735,-0.57735,0.24498,0.97509,;
8,-0.83224,-0.25001,0.41631,-0.57735,-0.57735,0.57735,0.61267,0.79299,;
9,-0.83224,-0.25001,-0.08369,-0.57735,-0.57735,-0.57735,0.61324,0.97655,;
10,-0.63224,-0.25001,0.41631,0.57735,-0.57735,0.57735,0.53925,0.79321,;
11,-0.63224,-0.25001,-0.08369,0.57735,-0.57735,-0.57735,0.53981,0.97678,;
12,-0.63224,0.24999,0.41631,0.57735,0.57735,0.57735,0.53925,0.6083,;
13,-0.63224,0.24999,-0.08369,0.57735,0.57735,-0.57735,0.53868,0.42473,;
14,-0.83224,0.24999,0.41631,-0.57735,0.57735,0.57735,0.7968,0.97644,;
15,-0.83224,0.24999,-0.08369,-0.57735,0.57735,-0.57735,0.79736,0.79287,;
16,0.63685,-0.25001,0.41631,-0.57735,-0.57735,0.57735,0.35456,0.79152,;
17,0.63685,-0.25001,-0.08369,-0.57735,-0.57735,-0.57735,0.35512,0.97509,;
18,0.83685,-0.25001,0.41631,0.57735,-0.57735,0.57735,0.28113,0.79175,;
19,0.83685,-0.25001,-0.08369,0.57735,-0.57735,-0.57735,0.28169,0.97531,;
20,0.83685,0.24999,0.41631,0.57735,0.57735,0.57735,0.35512,0.79096,;
21,0.83685,0.24999,-0.08369,0.57735,0.57735,-0.57735,0.35456,0.60739,;
22,0.63685,0.24999,0.41631,-0.57735,0.57735,0.57735,0.94478,0.97644,;
23,0.63685,0.24999,-0.08369,-0.57735,0.57735,-0.57735,0.94534,0.79287,;
24,-0.253,-0.25001,0.41631,-0.57735,-0.57735,0.57735,0.72281,0.05648,;
25,-0.253,-0.25001,-0.08369,-0.57735,-0.57735,-0.57735,0.72337,0.24004,;
26,0.247,-0.25001,0.41631,0.57735,-0.57735,0.57735,0.53925,0.05704,;
27,0.247,-0.25001,-0.08369,0.57735,-0.57735,-0.57735,0.53981,0.2406,;
28,0.247,0.24999,0.41631,0.57735,0.57735,0.57735,0.72337,0.79242,;
29,0.247,0.24999,-0.08369,0.57735,0.57735,-0.57735,0.72281,0.60886,;
30,-0.253,0.24999,0.41631,-0.57735,0.57735,0.57735,0.72337,0.6083,;
31,-0.253,0.24999,-0.08369,-0.57735,0.57735,-0.57735,0.90694,0.60886,;
32,-0.103,-0.75001,0.26631,-0.57735,-0.57735,0.57735,0.64972,0.79321,;
33,-0.103,-0.75001,0.06631,-0.57735,-0.57735,-0.57735,0.72315,0.79299,;
34,0.097,-0.75001,0.26631,0.57735,-0.57735,0.57735,0.64995,0.86664,;
35,0.097,-0.75001,0.06631,0.57735,-0.57735,-0.57735,0.72337,0.86641,;
36,0.097,0.74998,0.26631,0.57735,0.57735,0.57735,0.05635,0.60739,;
37,0.097,0.74998,0.06631,0.57735,0.57735,-0.57735,0.12977,0.60717,;
38,-0.103,0.74998,0.26631,-0.57735,0.57735,0.57735,0.39161,0.86641,;
39,-0.103,0.74998,0.06631,-0.57735,0.57735,-0.57735,0.46503,0.86664,;
40,0.25548,-0.25001,0.7509,0.57735,-0.57735,0.57735,0.87135,0.60908,;
41,0.25548,-0.25001,0.5509,0.57735,-0.57735,-0.57735,0.94478,0.60886,;
42,0.25548,0.24999,0.7509,0.57735,0.57735,0.57735,0.17099,0.79175,;
43,0.25548,0.24999,0.5509,0.57735,0.57735,-0.57735,0.24442,0.79152,;
44,-0.24452,-0.25001,0.5509,-0.57735,-0.57735,-0.57735,0.87135,0.97621,;
45,-0.24452,-0.25001,0.7509,-0.57735,-0.57735,0.57735,0.79793,0.97644,;
46,-0.24452,0.24999,0.7509,-0.57735,0.57735,0.57735,0.79736,0.79287,;
47,-0.24452,0.24999,0.5509,-0.57735,0.57735,-0.57735,0.87079,0.79265,;
48,-0.24452,0.24999,0.7509,-0.57735,0.57735,0.57735,0.9075,0.42417,;
49,-0.24452,-0.25001,0.7509,-0.57735,-0.57735,0.57735,0.72394,0.42473,;
50,0.25548,-0.25001,0.7509,0.57735,-0.57735,0.57735,0.72337,0.24117,;
51,0.25548,0.24999,0.7509,0.57735,0.57735,0.57735,0.90694,0.2406,;
52,-0.24452,-0.25001,0.5509,-0.57735,-0.57735,-0.57735,0.35568,0.2406,;
53,-0.24452,0.24999,0.5509,-0.57735,0.57735,-0.57735,0.35512,0.05704,;
54,0.25548,0.24999,0.5509,0.57735,0.57735,-0.57735,0.53868,0.05648,;
55,0.25548,-0.25001,0.5509,0.57735,-0.57735,-0.57735,0.53925,0.24004,;
56,-0.63224,-0.25001,0.41631,0.57735,-0.57735,0.57735,0.35568,0.60886,;
57,-0.63224,-0.25001,-0.08369,0.57735,-0.57735,-0.57735,0.35512,0.42529,;
58,-0.63224,0.24999,0.41631,0.57735,0.57735,0.57735,0.72337,0.97621,;
59,-0.63224,0.24999,-0.08369,0.57735,0.57735,-0.57735,0.72394,0.79265,;
60,-0.83224,0.24999,0.41631,-0.57735,0.57735,0.57735,0.35512,0.60942,;
61,-0.83224,0.24999,-0.08369,-0.57735,0.57735,-0.57735,0.53868,0.60886,;
62,-0.83224,-0.25001,-0.08369,-0.57735,-0.57735,-0.57735,0.53925,0.79242,;
63,-0.83224,-0.25001,0.41631,-0.57735,-0.57735,0.57735,0.35568,0.79299,;
64,-0.83224,0.24999,0.41631,-0.57735,0.57735,0.57735,0.79793,0.79265,;
65,-0.83224,-0.25001,0.41631,-0.57735,-0.57735,0.57735,0.79736,0.60908,;
66,-0.63224,-0.25001,0.41631,0.57735,-0.57735,0.57735,0.87079,0.60886,;
67,-0.63224,0.24999,0.41631,0.57735,0.57735,0.57735,0.87135,0.79242,;
68,-0.83224,-0.25001,-0.08369,-0.57735,-0.57735,-0.57735,0.12977,0.79141,;
69,-0.83224,0.24999,-0.08369,-0.57735,0.57735,-0.57735,0.12921,0.97497,;
70,-0.63224,0.24999,-0.08369,0.57735,0.57735,-0.57735,0.05579,0.97475,;
71,-0.63224,-0.25001,-0.08369,0.57735,-0.57735,-0.57735,0.05635,0.79118,;
72,0.83685,-0.25001,0.41631,0.57735,-0.57735,0.57735,0.17156,0.79152,;
73,0.83685,-0.25001,-0.08369,0.57735,-0.57735,-0.57735,0.17099,0.60796,;
74,0.83685,0.24999,0.41631,0.57735,0.57735,0.57735,0.87135,0.97621,;
75,0.83685,0.24999,-0.08369,0.57735,0.57735,-0.57735,0.87192,0.79265,;
76,0.63685,0.24999,0.41631,-0.57735,0.57735,0.57735,0.53925,0.42529,;
77,0.63685,0.24999,-0.08369,-0.57735,0.57735,-0.57735,0.72281,0.42473,;
78,0.63685,-0.25001,-0.08369,-0.57735,-0.57735,-0.57735,0.72337,0.6083,;
79,0.63685,-0.25001,0.41631,-0.57735,-0.57735,0.57735,0.53981,0.60886,;
80,0.63685,0.24999,0.41631,-0.57735,0.57735,0.57735,0.46582,0.97678,;
81,0.63685,-0.25001,0.41631,-0.57735,-0.57735,0.57735,0.46526,0.79321,;
82,0.83685,-0.25001,0.41631,0.57735,-0.57735,0.57735,0.53868,0.79299,;
83,0.83685,0.24999,0.41631,0.57735,0.57735,0.57735,0.53925,0.97655,;
84,0.63685,-0.25001,-0.08369,-0.57735,-0.57735,-0.57735,0.72394,0.79265,;
85,0.63685,0.24999,-0.08369,-0.57735,0.57735,-0.57735,0.72337,0.60908,;
86,0.83685,0.24999,-0.08369,0.57735,0.57735,-0.57735,0.7968,0.60886,;
87,0.83685,-0.25001,-0.08369,0.57735,-0.57735,-0.57735,0.79736,0.79242,;
88,0.247,-0.25001,0.41631,0.57735,-0.57735,0.57735,0.53981,0.79299,;
89,0.247,-0.25001,-0.08369,0.57735,-0.57735,-0.57735,0.53925,0.60942,;
90,0.247,0.24999,0.41631,0.57735,0.57735,0.57735,0.72394,0.42473,;
91,0.247,0.24999,-0.08369,0.57735,0.57735,-0.57735,0.9075,0.42529,;
92,-0.253,0.24999,0.41631,-0.57735,0.57735,0.57735,0.35512,0.24117,;
93,-0.253,0.24999,-0.08369,-0.57735,0.57735,-0.57735,0.53868,0.2406,;
94,-0.253,-0.25001,-0.08369,-0.57735,-0.57735,-0.57735,0.53925,0.42417,;
95,-0.253,-0.25001,0.41631,-0.57735,-0.57735,0.57735,0.35568,0.42473,;
96,-0.253,0.24999,0.41631,-0.57735,0.57735,0.57735,0.72337,0.42417,;
97,-0.253,-0.25001,0.41631,-0.57735,-0.57735,0.57735,0.53981,0.42473,;
98,0.247,-0.25001,0.41631,0.57735,-0.57735,0.57735,0.53925,0.24117,;
99,0.247,0.24999,0.41631,0.57735,0.57735,0.57735,0.72281,0.2406,;
100,-0.253,-0.25001,-0.08369,-0.57735,-0.57735,-0.57735,0.9075,0.24004,;
101,-0.253,0.24999,-0.08369,-0.57735,0.57735,-0.57735,0.72394,0.2406,;
102,0.247,0.24999,-0.08369,0.57735,0.57735,-0.57735,0.72337,0.05704,;
103,0.247,-0.25001,-0.08369,0.57735,-0.57735,-0.57735,0.90694,0.05648,;
104,0.097,-0.75001,0.26631,0.57735,-0.57735,0.57735,0.05466,0.0567,;
105,0.097,-0.75001,0.06631,0.57735,-0.57735,-0.57735,0.12808,0.05648,;
106,0.097,0.74998,0.26631,0.57735,0.57735,0.57735,0.39183,0.79299,;
107,0.097,0.74998,0.06631,0.57735,0.57735,-0.57735,0.46526,0.79321,;
108,-0.103,0.74998,0.26631,-0.57735,0.57735,0.57735,0.20489,0.0567,;
109,-0.103,0.74998,0.06631,-0.57735,0.57735,-0.57735,0.27832,0.05648,;
110,-0.103,-0.75001,0.06631,-0.57735,-0.57735,-0.57735,0.28,0.60717,;
111,-0.103,-0.75001,0.26631,-0.57735,-0.57735,0.57735,0.20658,0.60739,;
112,-0.103,0.74998,0.26631,-0.57735,0.57735,0.57735,0.13146,0.60739,;
113,-0.103,-0.75001,0.26631,-0.57735,-0.57735,0.57735,0.12977,0.0567,;
114,0.097,-0.75001,0.26631,0.57735,-0.57735,0.57735,0.2032,0.05648,;
115,0.097,0.74998,0.26631,0.57735,0.57735,0.57735,0.20489,0.60717,;
116,-0.103,-0.75001,0.06631,-0.57735,-0.57735,-0.57735,0.35512,0.0567,;
117,-0.103,0.74998,0.06631,-0.57735,0.57735,-0.57735,0.35343,0.60739,;
118,0.097,0.74998,0.06631,0.57735,0.57735,-0.57735,0.28,0.60717,;
119,0.097,-0.75001,0.06631,0.57735,-0.57735,-0.57735,0.28169,0.05648,;
}
polygons{
60;
0,0.0,-1.0,0.0,0,0,1,3,;
1,1.0,0.0,0.0,0,40,41,5,;
2,0.0,1.0,-0.0,0,42,43,7,;
3,-1.0,-0.0,0.0,0,44,45,46,;
4,0.0,0.0,1.0,0,48,49,50,;
5,-0.0,0.0,-1.0,0,52,53,54,;
6,0.0,-1.0,0.0,0,8,9,11,;
7,1.0,0.0,0.0,0,56,57,13,;
8,0.0,1.0,-0.0,0,58,59,15,;
9,-1.0,0.0,0.0,0,60,61,62,;
10,0.0,0.0,1.0,0,64,65,66,;
11,0.0,-0.0,-1.0,0,68,69,70,;
12,0.0,-1.0,0.0,0,16,17,19,;
13,1.0,0.0,0.0,0,72,73,21,;
14,0.0,1.0,-0.0,0,74,75,23,;
15,-1.0,0.0,0.0,0,76,77,78,;
16,0.0,0.0,1.0,0,80,81,82,;
17,0.0,-0.0,-1.0,0,84,85,86,;
18,0.0,-1.0,0.0,0,24,25,27,;
19,1.0,0.0,0.0,0,88,89,29,;
20,0.0,1.0,-0.0,0,90,91,31,;
21,-1.0,0.0,0.0,0,92,93,94,;
22,0.0,0.0,1.0,0,96,97,98,;
23,0.0,-0.0,-1.0,0,100,101,102,;
24,-0.0,-1.0,0.0,0,32,33,35,;
25,1.0,0.0,0.0,0,104,105,37,;
26,-0.0,1.0,0.0,0,106,107,39,;
27,-1.0,0.0,0.0,0,108,109,110,;
28,0.0,0.0,1.0,0,112,113,114,;
29,0.0,-0.0,-1.0,0,116,117,118,;
30,0.0,-1.0,0.0,0,0,3,2,;
31,1.0,0.0,0.0,0,40,5,4,;
32,0.0,1.0,-0.0,0,42,7,6,;
33,-1.0,-0.0,0.0,0,44,46,47,;
34,0.0,0.0,1.0,0,48,50,51,;
35,-0.0,0.0,-1.0,0,52,54,55,;
36,0.0,-1.0,0.0,0,8,11,10,;
37,1.0,0.0,0.0,0,56,13,12,;
38,0.0,1.0,-0.0,0,58,15,14,;
39,-1.0,0.0,0.0,0,60,62,63,;
40,0.0,0.0,1.0,0,64,66,67,;
41,0.0,-0.0,-1.0,0,68,70,71,;
42,0.0,-1.0,0.0,0,16,19,18,;
43,1.0,0.0,0.0,0,72,21,20,;
44,0.0,1.0,-0.0,0,74,23,22,;
45,-1.0,0.0,0.0,0,76,78,79,;
46,0.0,0.0,1.0,0,80,82,83,;
47,0.0,-0.0,-1.0,0,84,86,87,;
48,0.0,-1.0,0.0,0,24,27,26,;
49,1.0,0.0,0.0,0,88,29,28,;
50,0.0,1.0,-0.0,0,90,31,30,;
51,-1.0,0.0,0.0,0,92,94,95,;
52,0.0,0.0,1.0,0,96,98,99,;
53,0.0,-0.0,-1.0,0,100,102,103,;
54,-0.0,-1.0,0.0,0,32,35,34,;
55,1.0,0.0,0.0,0,104,37,36,;
56,-0.0,1.0,0.0,0,106,39,38,;
57,-1.0,0.0,0.0,0,108,110,111,;
58,0.0,0.0,1.0,0,112,114,115,;
59,0.0,-0.0,-1.0,0,116,118,119,;
}
materials{
1;
0,1.0,1.0,1.0,none.png,;
}
boneinfo{
13;
0,doBone,;
matrix;1.0,0.0,0.0,0.0,0.0,0.0,-1.0,0.0,0.0,1.0,0.0,0.0,0.0,0.0,0.0,1.0,;
matrix_local;1.0,0.0,0.0,0.0,0.0,0.0,-1.0,0.0,0.0,1.0,0.0,0.0,0.0,0.0,0.0,1.0,;
1,legmaeBone,;
matrix;1.0,-0.0,-0.0,0.0,0.0,-1.0,0.0,0.0,-0.0,-0.0,-1.0,0.0,0.0,0.0,0.0,1.0,;
matrix_local;1.0,-0.0,-0.0,0.0,0.0,0.0,1.0,0.0,0.0,-1.0,0.0,0.29896,0.0,0.0,0.0,1.0,;
2,legJointBone,;
matrix;1.0,0.0,-0.0,0.0,-0.0,-1.0,-0.0,0.0,-0.0,0.0,-1.0,0.0,0.0,0.0,0.0,1.0,;
matrix_local;1.0,0.0,-0.0,-0.0,-0.0,-0.0,-1.0,0.0,-0.0,1.0,-0.0,-0.08286,0.0,0.0,0.0,1.0,;
3,headBone,;
matrix;1.0,0.0,-0.0,0.0,-0.0,1.0,0.0,0.0,0.0,0.0,1.0,0.0,0.0,0.0,0.0,1.0,;
matrix_local;1.0,0.0,-0.0,0.0,-0.0,0.0,-1.0,0.0,-0.0,1.0,0.0,0.29896,0.0,0.0,0.0,1.0,;
4,headJointBone,;
matrix;1.0,0.0,0.0,0.0,-0.0,1.0,0.0,0.0,-0.0,-0.0,1.0,0.0,0.0,0.0,0.0,1.0,;
matrix_local;1.0,0.0,-0.0,0.0,-0.0,0.0,-1.0,0.0,-0.0,1.0,0.0,0.79134,0.0,0.0,0.0,1.0,;
5,rightArmBone,;
matrix;-0.01885,-0.99053,-0.136,0.0,0.136,-0.1373,0.98115,0.0,-0.99053,0.0,0.1373,0.0,0.0,0.0,0.0,1.0,;
matrix_local;-0.01885,-0.99053,-0.136,0.0,0.99053,-0.0,-0.1373,0.0,0.136,-0.1373,0.98115,0.29896,0.0,0.0,0.0,1.0,;
6,rightArmJointBone,;
matrix;-0.05105,0.13661,-0.98931,0.0,-0.99429,-0.09985,0.03752,0.0,-0.09366,0.98558,0.14093,0.0,0.0,0.0,0.0,1.0,;
matrix_local;0.99858,-0.03771,-0.03768,-0.85742,-0.03771,-0.0,-0.99929,-0.0,0.03768,0.99929,-0.00142,0.18011,0.0,0.0,0.0,1.0,;
7,leftArmBone,;
matrix;-0.01849,0.99071,0.13472,0.0,-0.13472,-0.13598,0.98151,0.0,0.99071,0.0,0.13598,0.0,0.0,0.0,0.0,1.0,;
matrix_local;-0.01849,0.99071,0.13472,0.0,-0.99071,-0.0,-0.13598,0.0,-0.13472,-0.13598,0.98151,0.29896,0.0,0.0,0.0,1.0,;
8,leftArmJointBone,;
matrix;-0.03433,-0.13504,0.99025,0.0,0.99289,-0.11761,0.01839,0.0,0.11398,0.98384,0.13811,0.0,0.0,0.0,0.0,1.0,;
matrix_local;0.99966,0.01852,0.01851,0.86591,0.01852,-0.0,-0.99983,-0.0,-0.01851,0.99983,-0.00034,0.18011,0.0,0.0,0.0,1.0,;
9,rightKataBone,;
matrix;0.32232,-0.82321,-0.46737,0.0,0.46736,0.56773,-0.67768,0.0,0.82321,0.0,0.56773,0.0,0.0,0.0,0.0,1.0,;
matrix_local;0.32232,-0.82321,-0.46737,0.0,-0.82321,0.0,-0.56773,0.0,0.46736,0.56773,-0.67768,0.29896,0.0,0.0,0.0,1.0,;
10,rightKataJointBone,;
matrix;0.34963,0.4604,0.81596,0.0,-0.81077,0.58512,0.01725,0.0,-0.46949,-0.66758,0.57785,0.0,0.0,0.0,0.0,1.0,;
matrix_local;0.99955,-0.02127,-0.02127,-0.49238,-0.02127,-0.0,-0.99977,0.0,0.02127,0.99977,-0.00045,0.63853,0.0,0.0,0.0,1.0,;
11,leftKataBone,;
matrix;0.26085,0.84878,0.45992,0.0,-0.41874,0.52875,-0.7383,0.0,-0.86984,0.0,0.49334,0.0,0.0,0.0,0.0,1.0,;
matrix_local;0.26085,0.84878,0.45992,0.0,0.86984,-0.0,-0.49334,0.0,-0.41874,0.52875,-0.7383,0.29896,0.0,0.0,0.0,1.0,;
12,leftKataJointBone,;
matrix;0.26085,-0.41874,-0.86984,0.0,0.84878,0.52875,-0.0,0.0,0.45992,-0.7383,0.49334,0.0,0.0,0.0,0.0,1.0,;
matrix_local;1.0,0.0,-0.0,0.51785,-0.0,-0.0,-1.0,0.0,0.0,1.0,-0.0,0.62155,0.0,0.0,0.0,1.0,;
}
bone_layer{
doBone;
6;
  bone_layer{
  legmaeBone;
  1;
    bone_layer{
    legJointBone;
    0;
    }
  }
  bone_layer{
  headBone;
  1;
    bone_layer{
    headJointBone;
    0;
    }
  }
  bone_layer{
  rightArmBone;
  1;
    bone_layer{
    rightArmJointBone;
    0;
    }
  }
  bone_layer{
  leftArmBone;
  1;
    bone_layer{
    leftArmJointBone;
    0;
    }
  }
  bone_layer{
  rightKataBone;
  1;
    bone_layer{
    rightKataJointBone;
    0;
    }
  }
  bone_layer{
  leftKataBone;
  1;
    bone_layer{
    leftKataJointBone;
    0;
    }
  }
}
boneweights{
120;
0,3,11,0.05808,9,0.05885,3,0.88307,;
1,3,11,0.08967,9,0.09135,3,0.81899,;
2,2,11,0.24963,3,0.72872,;
3,2,11,0.61356,3,0.36391,;
4,3,11,0.06019,9,0.06099,3,0.87882,;
5,3,11,0.09185,9,0.09357,3,0.81458,;
6,2,9,0.2505,3,0.72881,;
7,2,9,0.62536,3,0.35334,;
8,2,5,0.29633,6,0.70367,;
9,2,5,0.57653,6,0.42347,;
10,2,5,0.70762,6,0.29238,;
11,2,5,0.78866,6,0.21134,;
12,2,5,0.9091,6,0.0909,;
13,2,5,0.81417,6,0.18583,;
14,2,5,0.85648,6,0.14352,;
15,2,5,0.61375,6,0.38625,;
16,2,8,0.09078,7,0.90922,;
17,2,8,0.18571,7,0.81429,;
18,2,8,0.14338,7,0.85662,;
19,2,8,0.38569,7,0.61431,;
20,2,8,0.70376,7,0.29624,;
21,2,8,0.42296,7,0.57704,;
22,2,8,0.2922,7,0.7078,;
23,2,8,0.21125,7,0.78875,;
24,4,0,0.08757,9,0.77782,5,0.05963,7,0.05963,;
25,2,0,0.8457,9,0.10637,;
26,4,0,0.11235,9,0.08901,11,0.08965,7,0.69547,;
27,2,0,0.85789,7,0.08739,;
28,4,0,0.0856,11,0.78321,5,0.05816,7,0.05816,;
29,2,0,0.84747,11,0.10567,;
30,4,0,0.11219,9,0.08915,11,0.08979,5,0.69534,;
31,2,0,0.85542,5,0.08892,;
32,0,;
33,0,;
34,0,;
35,0,;
36,0,;
37,0,;
38,0,;
39,0,;
40,2,11,0.24963,3,0.72872,;
41,2,11,0.61356,3,0.36391,;
42,3,11,0.06019,9,0.06099,3,0.87882,;
43,3,11,0.09185,9,0.09357,3,0.81458,;
44,3,11,0.08967,9,0.09135,3,0.81899,;
45,3,11,0.05808,9,0.05885,3,0.88307,;
46,2,9,0.2505,3,0.72881,;
47,2,9,0.62536,3,0.35334,;
48,2,9,0.2505,3,0.72881,;
49,3,11,0.05808,9,0.05885,3,0.88307,;
50,2,11,0.24963,3,0.72872,;
51,3,11,0.06019,9,0.06099,3,0.87882,;
52,3,11,0.08967,9,0.09135,3,0.81899,;
53,2,9,0.62536,3,0.35334,;
54,3,11,0.09185,9,0.09357,3,0.81458,;
55,2,11,0.61356,3,0.36391,;
56,2,5,0.70762,6,0.29238,;
57,2,5,0.78866,6,0.21134,;
58,2,5,0.9091,6,0.0909,;
59,2,5,0.81417,6,0.18583,;
60,2,5,0.85648,6,0.14352,;
61,2,5,0.61375,6,0.38625,;
62,2,5,0.57653,6,0.42347,;
63,2,5,0.29633,6,0.70367,;
64,2,5,0.85648,6,0.14352,;
65,2,5,0.29633,6,0.70367,;
66,2,5,0.70762,6,0.29238,;
67,2,5,0.9091,6,0.0909,;
68,2,5,0.57653,6,0.42347,;
69,2,5,0.61375,6,0.38625,;
70,2,5,0.81417,6,0.18583,;
71,2,5,0.78866,6,0.21134,;
72,2,8,0.14338,7,0.85662,;
73,2,8,0.38569,7,0.61431,;
74,2,8,0.70376,7,0.29624,;
75,2,8,0.42296,7,0.57704,;
76,2,8,0.2922,7,0.7078,;
77,2,8,0.21125,7,0.78875,;
78,2,8,0.18571,7,0.81429,;
79,2,8,0.09078,7,0.90922,;
80,2,8,0.2922,7,0.7078,;
81,2,8,0.09078,7,0.90922,;
82,2,8,0.14338,7,0.85662,;
83,2,8,0.70376,7,0.29624,;
84,2,8,0.18571,7,0.81429,;
85,2,8,0.21125,7,0.78875,;
86,2,8,0.42296,7,0.57704,;
87,2,8,0.38569,7,0.61431,;
88,4,0,0.11235,9,0.08901,11,0.08965,7,0.69547,;
89,2,0,0.85789,7,0.08739,;
90,4,0,0.0856,11,0.78321,5,0.05816,7,0.05816,;
91,2,0,0.84747,11,0.10567,;
92,4,0,0.11219,9,0.08915,11,0.08979,5,0.69534,;
93,2,0,0.85542,5,0.08892,;
94,2,0,0.8457,9,0.10637,;
95,4,0,0.08757,9,0.77782,5,0.05963,7,0.05963,;
96,4,0,0.11219,9,0.08915,11,0.08979,5,0.69534,;
97,4,0,0.08757,9,0.77782,5,0.05963,7,0.05963,;
98,4,0,0.11235,9,0.08901,11,0.08965,7,0.69547,;
99,4,0,0.0856,11,0.78321,5,0.05816,7,0.05816,;
100,2,0,0.8457,9,0.10637,;
101,2,0,0.85542,5,0.08892,;
102,2,0,0.84747,11,0.10567,;
103,2,0,0.85789,7,0.08739,;
104,0,;
105,0,;
106,0,;
107,0,;
108,0,;
109,0,;
110,0,;
111,0,;
112,0,;
113,0,;
114,0,;
115,0,;
116,0,;
117,0,;
118,0,;
119,0,;
}
